index	url	description	div	h1	h2	h3	h4	h5	h6	inbound_links	keywords	outbound_links	p	root	span	title
1	http://cityofamericancanyon.org/	0	0.0	0	0.0	0	0	0	0	0	0	8	0.4513810913990568	0.5833333333333334	0.0	0.3191489361702128
2	https://en.wikipedia.org/wiki/American_Canyon,_California	0	0.23076923076923078	0.5555555555555556	0.0	0.0	0	0	0	0	0	64	0.8746435888092216	0.2978723404255319	1.7650462962962963	0.24193548387096775
3	https://www.tripadvisor.com/Tourism-g29091-American_Canyon_Napa_Valley_California-Vacations.html	0.28846153846153844	1.199523052464229	1.1805555555555556	0	1.1192911836808812	0	0	0	0	0.30612244897959184	1	0	0.1686746987951807	1.9375	0.4225352112676056
4	http://americancanyon.com/	0.15228426395939088	0.4225352112676056	0	0.3488372093023256	1.2175324675324675	0.0	0	0	0	0.4918032786885246	36	0.7248910667334053	0.7777777777777778	0.5091165896250642	0.5172413793103449
5	http://www.city-data.com/city/American-Canyon-California.html	0.3409090909090909	0.0	0	0	7.473216484935858	0.46875	0	0	0	0	34	3.458964459192085	0.2916666666666667	0.5555555555555556	0.07894736842105263
6	http://www.zillow.com/american-canyon-ca/	0.09259259259259259	0.0	0.5	0	0	1.1555555555555554	0.0	0.0	0	0	102	0.0	0.5	40.86212692498319	0.410958904109589
7	http://www.countyofnapa.org/library/americancanyon/	0.2	0.0	1.3339920948616601	0.6521739130434783	0	0	0	0	0	0.375	15	0.0	0.3783783783783784	0.45454545454545453	0.9855072463768115
8	http://www.amcanchamber.org/	0	0.9356317623326609	0	0	0.0	0	0.0	0	0	0	8	0	0.0	0.29411764705882354	0.3488372093023256
9	http://cityofamericancanyon.org/?navid=68	0	0.0	0	0.0	0	0	0	0	0	0	28	0.5228096628276282	0.42424242424242425	0.0	0.3333333333333333
10	http://amcanhs.com/	0	0.46875	0.0	0.0	0	0	0	0	0	0	21	0.0	0.0	0.0	0.6
11	https://www.walmart.com/store/1651	0.16129032258064516	0.0	1.2232620320855614	0.35714285714285715	0.0	0.0	0.0	0	0	0	149	0.0	0.0	0.0	0.20270270270270271
12	http://www.realtor.com/realestateandhomes-search/American-Canyon_CA	0.0	0.0	0	0.0	0	0	0	0	0	0	92	0.0	0.25925925925925924	0.0	0.0
13	https://www.redfin.com/city/419/CA/American-Canyon	0.20408163265306123	36.489626691798215	0.5555555555555556	2.1405832710180537	0.0	0	0	0	0	0	18	0	0.4117647058823529	11.19782359983228	0.46875
14	http://www.homes.com/for-sale/american-canyon-ca/	0.16483516483516483	0.625	0.40540540540540543	0.42857142857142855	0.6	0	0	0	0	0.15306122448979592	8	0.162748643761302	0.4	5.0	0.7146401985111663
15	http://www.remax.com/realestatehomesforsale/americancanyon-ca-p001.html	0.10714285714285714	0.0	0.6	0.0	0.0	0	0	0.0	0	0.32142857142857145	15	0.0	0.2413793103448276	6.38421161792676	0.3125
16	http://www.greatschools.org/california/american-canyon/25455-American-Canyon-High-School/	0.2571428571428571	2.1345029239766085	0.0	0.0	0.0	0	0	0	0	0.531496062992126	28	0.0	0.3783783783783784	2.837432986439609	0.375
17	http://fox40.com/2014/08/24/6-0-earthquake-hits-american-canyon-napa-county/	0.0	0.0	0.40540540540540543	0	0.0	0.40540540540540543	0.0	0	0	0.0	159	1.072635135135135	0.21875	0.0	0.234375
18	https://www.vrbo.com/vacation-rentals/usa/california/wine-country/napa-county/american-canyon	0.09433962264150944	0.0	0.9375	0.5	0	0.0	0	0	0	0.17543859649122806	31	0.0	0.18666666666666668	0.0	0.38461538461538464
19	http://www.realtor.com/realestateandhomes-search/American-Canyon_CA/pg-4	0.0	0.0	0	0.0	0	0	0	0	0	0	92	0.0	0.2413793103448276	0.0	0.0
20	https://www.tripadvisor.com/Hotel_Review-g29091-d534723-Reviews-Fairfield_Inn_Suites_Napa_American_Canyon-American_Canyon_Napa_Valley_California.html	0.22727272727272727	6.164590414523908	0.4411764705882353	0.0	1.5701970443349755	0	0	0	0	0.22556390977443608	2	0.20419103313840153	0.20588235294117646	7.026031156063851	0.19736842105263158
21	http://napavalleyregister.com/eagle/	0.3225806451612903	0.0	0	0.0	0.0	0.0	0.0	0	0	0.625	28	0.0	0.0	0.0	0.32608695652173914
22	http://www.rent.com/california/american-canyon-apartments/2-10655	0.08875739644970414	0.0	0.35714285714285715	1.8534293459330944	0.0	0.0	0	0.0	0	0	9	0.9945710247649524	0.27450980392156865	2.0	0.22727272727272727
23	http://amcankiwanis.org/	0	1.2289488966318234	0	0	0	0	0	0	0	0	3	1.8143939393939394	0.0	0.2112676056338028	0.3125
24	https://acms-nvusd-ca.schoolloop.com/	0	0.2777777777777778	0	0.0	0	0	0	0	0	0	7	0.0	0.0	0.0	0.375
25	http://www.topix.com/city/american-canyon-ca	0.30927835051546393	1.3	0.75	0	0	0.0	0.0	0	0	0	32	1.8677454358972552	0.45161290322580644	1.75	0.5769230769230769
26	http://www.booking.com/hotel/us/fairfield-inn-and-suites-by-marriott-napa-american-canyon.html	0.18518518518518517	0.449042482940788	0.0	0.3872418387741506	0.4244482173174873	0.42857142857142855	0.0	0	0	0.2777777777777778	76	1.341118767106731	0.175	0.7139337974628968	0.26785714285714285
27	http://www.homefinder.com/CA/American-Canyon/	0.0967741935483871	4.999999999999999	0.4166666666666667	0.0	0	0.0	0.0	0.7894736842105263	0	0.4658385093167702	86	0.0	0.45161290322580644	0.0	0.4166666666666667
28	http://www.att.com/local/california/american-canyon/	0.09868421052631579	0.0	0.0	1.4351095129127165	0.0	0	0	0	0	0	18	0.0	0.3783783783783784	2.875	0.35714285714285715
29	http://napabootcamp.com/american-canyon/	0	0.0	1.0	0	0.0	0	0	0	0	0	32	0.0	0.45161290322580644	0	0.4166666666666667
30	https://www.groupon.com/local/american-canyon-ca	0.03826530612244898	4.500686525398112	0.625	0.0	0.0	0.0	0.0	0.0	0	0.032397408207343416	79	0.0	0.4117647058823529	1.0	0.7944250871080138
31	http://kaya.com/books/american-canyon/	0.09615384615384616	0.0	0.0	1.0	0	0	0	0	0	0	284	0.10295381853579601	0.5	0.0	0.5357142857142857
32	http://www.americancanyontrainingcenter.com/	0	0.0	0	0	0	0	0	0	0	0	3	0	0.4375	1.8646142273382373	0.39473684210526316
33	https://www.trulia.com/CA/American_Canyon/	0.1111111111111111	25.246710526315795	0.42857142857142855	0.28846153846153844	0	0	0.0	0	0	0	4	1.829096989966555	0.5185185185185185	0.0	0.46875
34	http://www.marriott.com/hotels/travel/sfoac-fairfield-inn-and-suites-napa-american-canyon/	0.2054794520547945	0.0	0	0.0	0.0	0.0	0	0	0	0.43352601156069365	28	0.15151515151515152	0.18666666666666668	2.5357142857142856	0.28846153846153844
35	http://www.trulia.com/CA/American_Canyon/2_p/	0.1111111111111111	25.246710526315795	0.42857142857142855	0.28846153846153844	0	0	0.0	0	0	0	4	0.0	0.4666666666666667	0.0	0.46875
36	http://www.accuweather.com/en/us/american-canyon-ca/94503/weather-forecast/2178893	0.16483516483516483	0.0	0.7894736842105263	0.0	0.46875	0.0	0.0	0	0	0.20270270270270271	185	0.0	0.2153846153846154	0.6521739130434783	0.25
37	http://www.apartmenthomeliving.com/american-canyon-ca	0.17045454545454544	1.0931324110671938	0.0	0.6742424242424242	0.0	1.208976833976834	0	0	0	0	218	0.19888806766377065	0.34146341463414637	0.0	0.5263157894736842
38	http://www.rentals.com/California/American-Canyon/	0.22900763358778625	0.0	0.28846153846153844	0.8960720130932897	0.3	0	3.0	0	0	0	15	0.08620689655172414	0.3888888888888889	0.0	0.39473684210526316
40	https://www.facebook.com/places/Things-to-do-in-American-Canyon-California/104072852961822/	0.1282051282051282	6.0826854509453	1.0	0	0	0	0	0	0	0	84	0.7509913494166217	0.18666666666666668	0.5357142857142857	0.2777777777777778
41	http://americancanyonfrc.org/	0	0	0	0	0.0	0	0	0	0	0	0	0	0.6666666666666666	2.166666666666667	0.3333333333333333
42	http://www.fandango.com/american+canyon_+ca_movietimes	0.09868421052631579	0.0	0.0	0.0	0.0	0.0	0.0	0.0	0	0	779	0.0	0.0	0.625	0.18518518518518517
43	http://www.recologyamericancanyon.com/	0	0.0	0	0	0	0	0	0	0	0	7	0	0.5384615384615384	0.375	0.625
44	http://www.intellicast.com/Local/Weather.aspx?location=USCA1290	0.15384615384615385	0.5555555555555556	0	0.0	0	0	0	0	0	0.2955665024630542	7	0	0.0	0.0	0.2112676056338028
45	http://www.century21.com/real-estate/American-Canyon-CA/LCCAAMERICANCANYON/	0.30405405405405406	4.148936170212766	0.5	2.0172413793103448	0.0	0.0	0	0	0	0.3435114503816794	27	0.0	0.4666666666666667	4.7727272727272725	0.7518796992481203
46	http://www.traillink.com/city/american-canyon-ca-trails.aspx	0.10948905109489052	0.1	0.3409090909090909	0	1.5172413793103448	0	0	0	0	0	10	0.0	0.2978723404255319	0.0	0.3125
47	http://www.marriott.com/hotel-search/american-canyon.hotels.california.united-states.travel/	0.20134228187919462	0.0	0.26785714285714285	0.0	0.0	0.0	0	0.0	0	0.6818181818181818	31	0.23928571428571427	0.1794871794871795	1.0	0.38461538461538464
48	http://www.greatschools.org/california/american-canyon/	0.1910828025477707	4.0727969348659006	0.6521739130434783	0.0	0.0	0.0	0	0	0	0.49065420560747663	17	0.0	0.34146341463414637	3.0	0.3409090909090909
49	http://doubletree3.hilton.com/en/hotels/california/doubletree-by-hilton-hotel-and-spa-napa-valley-american-canyon-OAKACDT/index.html	0.0	0.0	0	0.0	0.0	0	0	0.0	0	0.0	74	0.5555555555555556	0.11666666666666667	8.51895542250247	0.2830188679245283
50	http://california-sales-tax-rate.insidegov.com/l/39/American-Canyon	0.15306122448979592	1.6	0	0.5357142857142857	0.0	0	0	0.0	0	0.0	49	1.6437830585847195	0.24561403508771928	1.6468883051000995	0.3333333333333333
