index	url	description	div	h1	h2	h3	h4	h5	h6	inbound_links	keywords	outbound_links	p	root	span	title
1	http://www.bell.ca/	0.026490066225165563	0.04040404040404041	0.0	0.0	0.7055107645067457	0.05970149253731343	0	0	0	0	11	0.5767530955608094	0.5714285714285714	0.19047619047619047	0.0625
3	http://www.bellhelicopter.com/	0	1.1935225431609857	4.349157973986349	0.0	1.393097367925743	0.0	0	0	0	0	4	2.644538023176392	0.2222222222222222	0.36363636363636365	0.26666666666666666
4	http://www.experiencebell.org/	0	0.0	0.0	0.0	0	0	0	0	0	0	6	0.0975609756097561	0.2222222222222222	0.0	1.0
5	http://www.bellhelmets.com/powersports/helmets/street/	0.027972027972027972	0.0	0.0	0.5833333333333333	0.13793103448275862	0.0	0	0	0	0.05194805194805195	223	0.2451063829787234	0.10256410256410256	0.08888888888888889	0.07017543859649122
6	https://en.wikipedia.org/wiki/Bell_%28instrument%29	0	0.08163265306122448	1.0	0.0	0.0	0	0	0	0	0	114	3.456944118342057	0.0975609756097561	5.899474438604874	0.10256410256410256
7	http://www.bellandbell.com/	0.0449438202247191	0.5571589200444195	0	0	0	0.0	0	0	0	0.1523809523809524	13	0.09581179825343075	0.5333333333333333	4.2120082815735	0.11940298507462686
8	http://www.bell.com/index2.htm	0	0	0	0	0	0	0	0	0	0	0	0	0.2222222222222222	0	0.0
9	https://mybell.bell.ca/	0.05161290322580645	0.0	0.10526315789473684	0.0	0.2128421428058659	0.07142857142857142	0	0	0	0	91	0.21859020310633215	0.5714285714285714	0.19047619047619047	0.25
10	http://www.bell.ca/mobility	0.024096385542168676	0.07142857142857142	0.0	0.15555555555555556	0.3477627777265008	0.05970149253731343	0.0	0	0	0	74	0.223564651238675	0.26666666666666666	1.9093650793650794	0.17777777777777778
11	http://support.bell.ca/contact-us	0.16216216216216217	0.05194805194805195	0.0	0.07547169811320754	0.2128421428058659	0.07142857142857142	0	0	0	0	92	0.8253771396908927	0.16	0.47619047619047616	0.06349206349206349
12	http://www.dictionary.com/browse/bell	0.021164021164021163	0.5449632285843585	0	0	1.1904761904761905	0	0	0	0	0.1951219512195122	82	0.15918680475642502	0.16666666666666666	38.45006679923946	0.2222222222222222
13	https://www.bellbanks.com/	0.03669724770642202	0.0	0.07017543859649122	0.14814814814814814	0.0	0.18181818181818182	0	0	0	0	15	0.06309356720231292	0.3076923076923077	1.0222222222222221	0.08
14	http://www.bce.ca/	0.030534351145038167	0.0	0	0.07692307692307693	0	0	0	0	0	0	10	0.0	0.0	0.0	0.06349206349206349
16	http://support.bell.ca/	0.08275862068965517	0.5501661129568106	0.3333333333333333	0.07142857142857142	0.2128421428058659	0.07142857142857142	0	0	0	0	83	0.6022265667426958	0.26666666666666666	0.47619047619047616	0.14285714285714285
17	https://en.wikipedia.org/wiki/Bell,_California	0	0.11320754716981132	0.25	0.0	0.0	0	0	0	0	0	116	0.8696703022119253	0.1111111111111111	0.7857142857142857	0.0784313725490196
18	http://www.revzilla.com/bell-helmets	0.057971014492753624	0.0	0.3333333333333333	0	0.0	0.0	0	0	0	0	57	0.25267536341361846	0.16666666666666666	3.6821785493289068	0.14545454545454545
19	https://www.amazon.com/s?ie=UTF8	0.0	0.0	0.0	0	0.0	0	0	0	0	0.0	56	0.0	0.0	0.0	0.0
20	http://www.merriam-webster.com/dictionary/bell	0.07476635514018691	0.0	1.0	6.6977225672877845	0	0.0	0	0.0	0	0.07643312101910828	28	0.0	0.12121212121212122	0.0	0.18181818181818182
21	http://www.thefreedictionary.com/bell	0.07633587786259542	0.6064372282951201	1.0	21.0	0	0	0	0	0	0.07058823529411765	313	0.0	0.16	16.133461939216417	0.16666666666666666
22	https://www.bellenglish.com/	0.02564102564102564	1.1557909186211046	0.0	0.4	0	0	0	0	0	0	11	0.25263157894736843	0.26666666666666666	0.3333333333333333	0.08
23	http://www.belk.com/	0.0	0.0	0	0	0	0	0	0	0	0.0	14	0.0	0.0	0.0	0.0
24	http://www.bellhelmets.eu/	0	0.14814814814814814	0	0.024242424242424242	0	0.02072538860103627	0	0	0	0	2	0.13403570253013153	0.2857142857142857	0.11764705882352941	0.2
25	http://www.biography.com/people/alexander-graham-bell-9205497	0	0.0	0	0	0	0	0	0	0	0	0	0	0.08333333333333333	0	0
27	http://www.bellcad.org/	0.0	0.0	0	0	0.0	0	0	0	0	0.1111111111111111	31	0.0	0.36363636363636365	0.44599844599844596	0.26666666666666666
29	http://www.motorcycle-superstore.com/10981647/d/bell-motorcycle-helmets	0.034782608695652174	25.71160714118822	0.17391304347826086	0.0	0.19047619047619047	0.0	0	0	0	0	25	0.08849025491309168	0.07017543859649122	1.0	0.0851063829787234
30	http://www.bellsbeer.com/	0	0.0	0	0.525	0.4052532833020638	0.0	0	0	0	0	25	0.3065285251929448	0.3076923076923077	0.0	0.2857142857142857
31	http://www.bellracing.com/	0	0.0	0	0.0	0	0.0	0	0	0	0	36	0.0	0.2857142857142857	0.14285714285714285	0.16666666666666666
33	http://bellcountytx.com/	0	0.0	0	0.23529411764705882	0	0	0	0	0	0	91	0.28479983743141635	0.25	0.0	0.13793103448275862
34	http://www.bellhs.org/	0	0.0	0.0	0.0	0	0	0	0	0	0	55	0.12346039052478314	0.4	0.23529411764705882	0.25
35	http://bellgossett.com/	0.015444015444015444	0.0	0	0.0	0.0	0.36363636363636365	0.0	0	0	0	70	1.2444444444444445	0.26666666666666666	0.0	0.8
36	http://www.bellhelicopter.com/Home.html	0	1.1935225431609857	4.349157973986349	0.0	1.393097367925743	0.0	0	0	0	0	4	2.644538023176392	0.14814814814814814	0.36363636363636365	0.26666666666666666
37	http://www.bellross.com/us/	0.05405405405405406	0.0	0	0	0.0	0	0	0	0	0	23	2.4000000000000004	0.2857142857142857	0.8	0.8
38	http://www.history.com/topics/inventions/alexander-graham-bell	0.023529411764705882	0.0	0.19047619047619047	0.0	0.19047619047619047	0.0	0.0	0.0	0	0	81	0.5647222850374668	0.08333333333333333	0.0	0.08333333333333333
39	http://bellinspace.com/	0.038834951456310676	0	0	0	0	0	0	0	0	0	0	0	0.26666666666666666	0	0.4444444444444444
40	http://princess.disney.com/belle	0.03636363636363636	0.0	0	0.0	1.6890626916942706	0.0	0	0	0	0	155	0.043478260869565216	0.16666666666666666	0.0	0.17391304347826086
41	http://www.belloflostsouls.net/	0.0	0.0	0.0	0.0	0.0	0	0	0	0	0	26	0.08	0.21052631578947367	0.0	0.0975609756097561
42	http://bundles.bell.ca/	0.03305785123966942	0.14492753623188406	0	0.0	0.2128421428058659	0.05970149253731343	0	0	0	0	77	0.9058940116458013	0.26666666666666666	0.19047619047619047	0.27391304347826084
43	http://www.belllabs.com/	0.4444444444444444	0.08163265306122448	0.0	0	0	0	0	0	0	0.21052631578947367	2	0	0.3333333333333333	0.16295764536970567	0.16666666666666666
44	http://www.bellff.com/	0.01990049751243781	0.0	0	0.0	0	0	0.0	0.0	0	0	10	0.37004629794367544	0.4	0.0	0.3076923076923077
45	http://idioms.thefreedictionary.com/bell	0.08955223880597014	0.1	1.0	0	0	0	0	0	0	0.07058823529411765	114	0.0	0.125	16.8	0.1111111111111111
46	http://www.experiencebell.org/our-programs/summer-learning	0	0.06557377049180328	0.0	0.15384615384615385	0	0	0	0	0	0	12	0.1933572120946233	0.08888888888888889	0.0	0.18181818181818182
47	https://www.britannica.com/biography/Alexander-Graham-Bell	0.0	0.9653503963828698	0.19047619047619047	0.0	0.0	0	0	0	0	0.056338028169014086	34	0.6231456689376174	0.09090909090909091	0.7696671144947008	0.06896551724137931
48	http://www.imdb.com/name/nm0068338/	0.02771362586605081	0.021917808219178082	0.0	0.0	0.0	0.0	0.0	0	0	0.0	22	0.0	0.0	0.3333333333333333	0.21052631578947367
49	http://www.agbellschool.com/	0	0.4281596306854909	0	0	0	0	0	0	0	0	10	0.08208784679372914	0.25	0.5310174429324779	0.09090909090909091
50	https://www.tacobell.com/	0	0.0	0	0	0	0.0	0	0	0	0	10	0.0975609756097561	0.3333333333333333	0.19573869098798083	0.32
