index	url	description	div	h1	h2	h3	h4	h5	h6	inbound_links	keywords	outbound_links	p	root	span	title
1	http://www.burlingame.org/	0	0.2699309478970496	0	0	0	0.0	0	0	0	0	5	0.7688684799246438	0.7142857142857143	0	0.2702702702702703
2	http://riparks.com/Locations/LocationBurlingame.html	0	0.0	0	0.2777777777777778	0.0	0.0	0	0	0	0	15	3.2145535623796495	0.23255813953488372	0	0.45454545454545453
3	https://en.wikipedia.org/wiki/Burlingame,_California	0	0.0	0.45454545454545453	0.0	0.0	0	0	0	0	0	86	1.3978577882090935	0.23809523809523808	0.0	0.17543859649122806
5	http://burlingame.com/	0.0641025641025641	0.3893520272830618	0.0	1.1274509803921569	0.0	0	0	0	0	0	27	0.36312973718421976	0.7142857142857143	0.0	1.1052631578947367
6	https://www.yelp.com/biz/city-of-burlingame-burlingame-2	0.04048582995951417	0.14285714285714285	0.25	0.0	0.351140456182473	0.0	0	0	0	0.0	98	0.6423787848607451	0.47619047619047616	1.6984126984126984	0.44453186467348543
7	http://www.bhs.schoolloop.com/	0	0.21739130434782608	0	0.0	0	0	0	0	0	0	49	0.09809088078185259	0.0	0.0	0.30303030303030304
8	https://www.tripadvisor.com/Tourism-g32124-Burlingame_California-Vacations.html	0.2112676056338028	0.9298913043478261	0.9808612440191387	0	0.8536255411255411	0	0	0	0	0.22727272727272727	1	0	0.15151515151515152	1.7037037037037035	0.2
9	http://www.burlingameccwnc.com/web/pages/northstar	0	0.0	0.0	0	0	0	0	0	0	0	51	0.2492401215805471	0.2777777777777778	0.43478260869565216	0.2857142857142857
10	https://www.mapquest.com/us/ca/burlingame-282039307	0.08928571428571429	0.0	0.45454545454545453	0	0.0	0	0	0	0	0	2	0.05747126436781609	0.2777777777777778	0.0	0.45454545454545453
11	http://www.opentable.com/ca/burlingame-restaurants	0.05952380952380952	0.29411764705882354	0.45454545454545453	0.0	0.6018518518518519	0.7575757575757576	0.12987012987012986	0.0	0	0.0	72	0	0.2702702702702703	11.682651763105055	0.29411764705882354
12	http://www.bsd.k12.ca.us/	0	0.14285714285714285	0	0.0	0	0	0	0	0	0	39	0.0	0.0	0.0	0.2702702702702703
13	http://www.zillow.com/burlingame-ca/	0.06369426751592357	0.029327089501374977	0.4	0	0	0.9545454545454546	0.0	0.0	0	0	101	0.0	0.43478260869565216	39.87890686891048	0.31746031746031744
14	http://www.city-data.com/city/Burlingame-California.html	0.2564102564102564	0.0	0	0	6.933815831300054	0	0	0	0	0	34	1.0096908200356478	0.23255813953488372	0.45454545454545453	0.05235602094240838
15	http://www.realtor.com/realestateandhomes-search/Burlingame_CA	0.0	0.0	0	0.0	0	0	0	0	0	0	92	0.0	0.20408163265306123	0.0	0.0
16	https://www.yelp.com/burlingame-ca-us	0.07874015748031496	0.0	0	0.4166666666666667	0.0	0.0	0	0	0	0.0	126	0.06802721088435375	0.4166666666666667	0.0	0.16129032258064516
17	https://en.wikipedia.org/wiki/Burlingame,_Kansas	0	0.2702702702702703	0.5555555555555556	0.0	0.0	0	0	0	0	0	46	1.1031446893114167	0.2631578947368421	0.5555555555555556	0.18867924528301888
19	http://www.burlingameks.com/	0.028985507246376812	0.0	0.5555555555555556	0.2127659574468085	1.1111111111111112	0	0	0.0	0	0.24390243902439024	40	1.129842950821553	0.625	0	0.625
20	http://www.apple.com/retail/burlingame/	0.11494252873563218	0.0	0.625	0.0	0.0	0	0	0	0	0	15	0.13986013986013987	0.4	3.909090909090909	0.3125
21	http://burlingamerotary.org/	0.14492753623188406	1.625	0	0.0	0.0	0	0	0	0	0.15625	35	0	0.5	0.3125	0.3225806451612903
22	http://www.benihana.com/locations/burlingame-ca-bu/	0.0	0.42109929078014185	0.5263157894736842	0.7142857142857143	0.30303030303030304	0	0	0	0	0	92	0.0	0.2702702702702703	0.02710027100271003	0.2777777777777778
23	https://www.redfin.com/city/2350/CA/Burlingame	0.145985401459854	23.55242966751918	0.45454545454545453	1.6706881533101046	0.0	0	0	0	0	0	18	0	0.3333333333333333	12.02562578953633	0.37037037037037035
24	http://embassysuites3.hilton.com/en/hotels/california/embassy-suites-by-hilton-san-francisco-airport-waterfront-SFOBGES/index.html	0.0	0.0	0	0.0	0	0	0	0.0	0	0.12269938650306748	64	0.040367998613703854	0.0	6.6489008219250305	0.18181818181818182
25	http://www.greatschools.org/california/burlingame/schools/	0.14285714285714285	6.286522648107268	0.15625	0	0	0	0	0	0	0	173	0.0	0.23255813953488372	1.0	0.35714285714285715
27	http://wikitravel.org/en/Burlingame	0.046296296296296294	1.0	1.0	0.0	0.0	0	0	0	0	0.10416666666666667	35	1.0342784882416587	0.38461538461538464	1.1213040802234941	0.2777777777777778
28	http://www.theplantcafe.com/location/burlingame	0	1.0	0	0	0	0	0	0	0	0	22	0.39075219798111366	0.29411764705882354	0.0	0.45454545454545453
29	http://www.apartmenthomeliving.com/burlingame-ca	0.11428571428571428	1.6567273402213845	0.0	0.5064102564102564	0.5952380952380952	0.9315476190476191	0	0	0	0	265	0.26942244270700133	0.2777777777777778	0.25	0.425531914893617
30	https://www.groupon.com/local/burlingame-ca	0.02564102564102564	3.8007275300262227	0.5263157894736842	0.0	0.0	0.0	0.0	0.0	0	0.021834061135371178	79	8.220599589347545	0.3448275862068966	1.0	0.6111111111111112
31	https://www.trulia.com/CA/Burlingame/	0.07692307692307693	17.129088981963584	0.3333333333333333	0.2127659574468085	0	0	0.0	0	0	0	4	0.0	0.45454545454545453	0.0	0.37037037037037035
33	http://www.audiburlingame.com/	0.04672897196261682	0.0	0.07462686567164178	0.0	0.3448275862068966	0.0	0	0	0	0.08130081300813008	14	0.05050692843509085	0.5555555555555556	3.9567099567099566	0.25316455696202533
34	https://burlingame.porschedealer.com/	0.0	0.0	0.5555555555555556	0.4166666666666667	0.5555555555555556	1.312918809412498	0	0	0	0	31	0.8333333333333333	0.35714285714285715	0.8680555555555556	0.19230769230769232
35	http://www.pacificunion.com/areas/burlingame	0.08695652173913043	0.0	1.0	0.0	0.0	0.0	0.0	0	0	0	18	0.31395877447555787	0.3225806451612903	0.0	0.24390243902439024
36	http://pizzeriadelfina.com/burlingame/	0	0.0	0.0	0.0	0.0	0	0	0	0	0	53	0.9778621812262616	0.3448275862068966	0.14492753623188406	0.3448275862068966
37	http://www.calopps.org/profile_agency.cfm?id=29	0	0	0	0	0	0	0	0	0	0	1	0	0.0	0.3448275862068966	0.0
38	http://www.mercyhsb.com/	0.0	0.10416666666666667	0	0.0	0.0	0	0	0	0	0.0	13	0.10538502717819118	0.0	1.0	0.2857142857142857
39	http://www.flysfo.com/content/burlingame	0	0.0	1.0	0	0	0	0	0	0	0	155	0.11173184357541899	0.37037037037037035	0.0	0.2857142857142857
40	http://rhodeislandstateparks.reserveamerica.com/	0	0.0	0	0.0	1.0	0.0	0	0	0	0	4	0	0.0	0.0	0.0
41	https://www.hotels.com/de1481593/hotels-burlingame-california/	0.06451612903225806	0.1	0	1.1692307692307693	0.0	0	0.0	0	0	0.0	74	0.0	0.2127659574468085	2.596863240245593	0.19230769230769232
42	http://byba.us/	0	0.0	0.0	0	0	0	0	0	0	0	7	1.0329232916469777	0.0	0.6002514142049026	0.22727272727272727
43	http://www.aspenpitkin.com/Departments/Capital-Asset/Current-Projects-/Burlingame/	0	0.0	1.0	0	0	0	0	0	0	0	73	0.0	0.15151515151515152	2.6872672849627657	0.2127659574468085
44	http://burlingame.com/channel/History-Of-Burlingame/6976	0.2702702702702703	0.0	0.0	0.4	0.0	0	0	0	0	0	38	0.26107701192154675	0.43478260869565216	0.375	0.375
45	http://purebarre.com/ca-burlingame/	0.0	0.0	1.0	1.0	0	0	0.0	0	0	0	60	0.06389657373909342	0.38461538461538464	0.0	0.37037037037037035
46	https://www.tripadvisor.com/Attractions-g32124-Activities-Burlingame_California.html	0.10989010989010989	4.274537695590327	0.7207792207792207	0.3225806451612903	0	0	0	0	0	0.1953125	2	0.0	0.14084507042253522	2.7037037037037033	0.15037593984962405
47	http://www.burlingamechamber.org/	0.13245033112582782	0.14925373134328357	0	0.0	1.0555555555555556	0	0	0	0	0	8	0.5411655874190564	0.47619047619047616	0.8484848484848484	0.3333333333333333
48	http://www.caltrain.com/stations/burlingamestation.html	0	0.7142857142857143	0.5555555555555556	0.0	0	0	0	0	0	0	12	0.0	0.23809523809523808	0.0	0.5555555555555556
49	https://www.expedia.com/Burlingame-Hotels.d7146.Travel-Guide-Hotels	0.07042253521126761	0.0	0.5882352941176471	0	1.1480439065578385	0	0.0	0.0	0	0.5882352941176471	100	0.5498579246965666	0.18518518518518517	0.5609362389023406	0.16129032258064516
50	http://www.dictionary.com/browse/burlingame	0.09615384615384616	0.0	0	0	0.37037037037037035	0	0	0	0	0.37735849056603776	57	0.0	0.3333333333333333	4.0	0.4166666666666667
