index	url	description	div	h1	h2	h3	h4	h5	h6	inbound_links	keywords	outbound_links	p	root	span	title
1	http://calexico.net/	0.12698412698412698	0.0	0.0	0	0	0	0	0	0	0	4	0	0.6666666666666666	0	0.38095238095238093
2	http://www.casadecalexico.com/	0	0.0	0.5333333333333333	0	0	0	0	0	0	0	49	0.70551821412456	0.4444444444444444	0.0	0.22857142857142856
3	http://www.calexico.ca.gov/	0.14285714285714285	0.21052631578947367	0.0	0.21621621621621623	0.0	0	0	0	0	0.4	10	0.21931946460248347	0.5333333333333333	0.0	0.2222222222222222
4	https://en.wikipedia.org/wiki/Calexico,_California	0	0.36363636363636365	0.4	0.0	0.0	0	0	0	0	0	72	2.1826690790464656	0.2	1.1428571428571428	0.14545454545454545
5	http://www.last.fm/music/Calexico	0.0380952380952381	0.0	0.17391304347826086	0.0	0	0.0	0	0	0	0	43	0.0963855421686747	0.4	0.0	0.10256410256410256
7	http://www.zillow.com/calexico-ca/	0.05161290322580645	0.02353068396864017	0.34782608695652173	0	0	0.8444444444444444	0.0	0.0	0	0	102	0.0	0.38095238095238093	34.82865382786564	0.2711864406779661
8	http://calexico.net/location/park-slope	0	0.0	0.0	0.3333333333333333	0	0	0	0	0	0	7	0.0	0.26666666666666666	0.0	0.23529411764705882
9	https://en.wikipedia.org/wiki/Calexico_(band)	0	0.27586206896551724	0.5333333333333333	0.0	0.0	0	0	0	0	0	50	1.5328299161220564	0.22857142857142856	1.0	0.16
10	http://www.casadecalexico.com/music/	0	0.0	0.5333333333333333	0.6670367857216293	0	0	0	0	0	0	73	0.14035087719298245	0.34782608695652173	0.0	0.32
11	https://www.discogs.com/artist/9856-Calexico	0.14285714285714285	0.2761905768532905	2.0	0	0.1509433962264151	0.0	0.0	0	0	0	45	0.0	0.26666666666666666	0.0	0.25806451612903225
12	http://www.songkick.com/artists/59359-calexico	0.14814814814814814	0.0	0.47058823529411764	0.0	0	0.0	0.0	0.0	0	0	20	0.5242386482269755	0.24242424242424243	2.0	0.23529411764705882
13	http://www.menupages.com/restaurants/calexico-3/	0	0.0	0.8888888888888888	0.0	0.0	0	0.0	0.0	0	0	17	0.19145299145299144	0.23529411764705882	8.153846153846153	0.09090909090909091
14	http://www.allmusic.com/artist/calexico-mn0000944293	0.06060606060606061	0.0	0.21621621621621623	0.0	0.0	0.0	0	0	0	0	62	0.0	0.20512820512820512	0.0	0.14285714285714285
15	http://www.city-data.com/city/Calexico-California.html	0.21621621621621623	0.0	0	0	5.454515361621625	0	0	0	0	0	34	3.361266677131981	0.1951219512195122	0.4	0.04081632653061224
16	http://www.calexico.ca.gov/index.asp?SEC=8EC515C6-224F-4B3D-9DE3-82E4C03228E9	0.14285714285714285	0.21052631578947367	0.0	0.20512820512820512	0.0	0	0	0	0	0.4	83	0.03319502074688797	0.12307692307692308	0.0	0.13114754098360656
17	https://www.mapquest.com/us/ca/calexico-282040493	0.07272727272727272	0.0	0.4	0	0.0	0	0	0	0	0	2	0.17411820219417246	0.23529411764705882	0.0	0.4
18	http://www2.cusdk12.org/schools/chs/	0	0.0	0	0	0	0	0	0	0	0	41	0.4645550527903469	0.0	0.0	0.38095238095238093
19	http://www.calexico.k12.ca.us/site/index2.php?page2=	0	0.0	0	0	0	0	0	0	0	0	8	0	0.20512820512820512	0	0.19047619047619047
20	http://www.youtube.com/watch?v=LsuWX5TMF4w	0.1	0.0	0.0	0	0.0	0.0	0	0	0	0.0898876404494382	13	0.09302325581395349	0.0	8.968015266255001	0.7272727272727273
21	http://www.cmt.com/artists/calexico/	0.09523809523809523	10.355517609087782	1.0	0.5714285714285714	0.0	0	0	0	0	0.09523809523809523	42	0.0	0.36363636363636365	1.7777777777777777	0.24242424242424243
23	http://www.youtube.com/user/casadecalexico	0.0	0.42105263157894735	0.0	0.3076923076923077	0.0	0	0	0	0	0.10810810810810811	15	0.0	0.27586206896551724	0.0	0.2962962962962963
24	http://www.facebook.com/calexico	0.08163265306122448	3.0598561154367907	0	0	0	0	0	0	0	0	116	0.23529411764705882	0.4	2.0	0.42105263157894735
25	https://www.tripadvisor.com/Tourism-g32137-Calexico_California-Vacations.html	0.18045112781954886	0.7963109354413702	0.8705882352941177	0	0.4666666666666667	0	0	0	0	0.19047619047619047	2	0.0	0.125	1.2857142857142856	0.25396825396825395
26	http://www.allmusic.com/artist/calexico-mn0000944293/discography	0.14035087719298245	0.0	0.21621621621621623	0.0	0.0	0.0	0	0	0	0	40	0.0	0.16	0.0	0.20512820512820512
27	https://www.amazon.com/Feast-Wire-CALEXICO/dp/B000089CPF	0.18604651162790697	0.03508771929824561	0.0	0.34782608695652173	0.0	0.0	0.0	0	0	0.0851063829787234	168	0.0	0.1951219512195122	2.9555657113531355	0.18604651162790697
28	http://www.fandango.com/calexico10theatre_aanlp/theaterpage	0.05673758865248227	0.0	0.16	0.0	0.0	0.0	0.0	0.0	0	0	244	0.0	0.17391304347826086	0.0	0.2077922077922078
29	https://myspace.com/casadecalexico	0.08695652173913043	0.0	0.0	0.0	0.0	0.0	0.0	0.6666666666666666	0	0.2916666666666667	2	0.0	0.32	20.0	0.10256410256410256
30	https://www.yelp.com/biz/calexico-brooklyn-6	0.03225806451612903	0.1702127659574468	0.26666666666666666	0.0	0.34305923961096374	0.0	0	0	0	0.0	125	0.7340909642381803	0.26666666666666666	2.0	0.36363636363636365
31	http://www.imdb.com/name/nm0129879/	0.25	0.0	0.0	0.0	0.0	0.0	0.0	0	0	0.0	19	0.0	0.0	1.0	0.5333333333333333
32	http://www.topix.com/city/calexico-ca	0.06557377049180328	1.1860465116279069	0.6153846153846154	0	0	0.6153846153846154	0.0	0	0	0	27	1.1563887093298857	0.3333333333333333	1.6153846153846154	0.42105263157894735
33	https://www.walmart.com/store/1859/whats-new	0.0903954802259887	0.0	1.0162162162162163	0.22857142857142856	0.0	0.0	0.0	0	0	0	149	0.0	0.0	0.0	0.1111111111111111
34	http://pitchfork.com/artists/650-calexico/	0	0.0	1.0	1.2248803827751196	0.0	0	0	0	0	0	20	0.03571428571428571	0.25	0.0	0.21621621621621623
35	https://apps.cbp.gov/bwt/mobile.asp?action=n	0	0.0	0	0	0	0	0	0	0	0	4	0	0.0	0	0.0
36	http://www.metrolyrics.com/calexico-lyrics.html	0.050955414012738856	0.0	1.0	0	0.0	0	0	0	0	0	118	0.0	0.22857142857142856	3.0	0.23529411764705882
37	https://www2.cusdk12.org/nsite/	0	0.0	0	0	0	0	0	0	0	0	57	0.25	0.0	0.16326530612244897	0.20512820512820512
38	http://us.napster.com/artist/calexico	0.06201550387596899	0.0712166172106825	0	1.7142857142857142	0	0	0	0.0	0	0	22	0.0712166172106825	0.2857142857142857	2.0	0.47058823529411764
39	https://www.yelp.com/biz/calexico-cart-new-york-3	0.03278688524590164	0.0	0.22857142857142856	0.0	0.3088023088023088	0.0	0	0	0	0.0	130	0.9019675450773927	0.22857142857142856	0.6153846153846154	0.3076923076923077
40	http://www.menupages.com/restaurants/calexico-carne-asada/	0	0.0	0.8888888888888888	0.0	0.0	0	0.0	0.0	0	0	17	0.03755868544600939	0.18181818181818182	8.129032258064516	0.09090909090909091
41	http://www.realtor.com/realestateandhomes-search/Calexico_CA	0.0	0.0	0	0.0	0	0	0	0	0	0	92	0.0	0.1702127659574468	0.0	0.0
42	http://www.citytowninfo.com/places/california/calexico	0.09411764705882353	0.0	0.4	0	4.7122484220699565	0	0	0	0	0.1038961038961039	46	1.1466171243076717	0.2	0.8888888888888888	0.1
43	http://www.trulia.com/CA/Calexico/	0.06201550387596899	21.307511436022402	0.2857142857142857	0.17777777777777778	0	0	0.0	0	0	0	4	0.0	0.4	0.0	0.32
44	http://www.latimes.com/local/great-reads/la-me-c1-calexico-20150727-story.html	0	0.0	0.09195402298850575	0	0	0	0	0	0	0	8	0.6516308704870168	0.125	0.25	0.09876543209876543
45	https://itunes.apple.com/us/artist/calexico/id14351970	0.07692307692307693	0.0	1.0	0.0	0.0	0.0	0.0	0	0	0.14285714285714285	135	0.053716961224006765	0.19047619047619047	0.2857142857142857	0.34782608695652173
46	http://www.monster.com/jobs/l-calexico,-ca.aspx	0.09195402298850575	0.09090909090909091	0.19047619047619047	0.368922305764411	0.26666666666666666	0.0	0	0	0	0.3333333333333333	184	0	0.23529411764705882	4.508771929824561	0.26229508196721313
47	http://www.emusic.com/artist/-/11600082/	0.07692307692307693	0.0	0	0	0.0	0.0	0.0	0	0	0	314	0.02843601895734597	0.0	4.5	0.21052631578947367
48	http://www.mapsofworld.com/location-maps/usa/calexico.html	0.047619047619047616	0.0	0.27586206896551724	0	0	0	0	0	0	0.26666666666666666	346	0.0	0.18181818181818182	0.0	0.27586206896551724
49	http://www.airnav.com/airport/KCXL	0.05555555555555555	0.0	0	0	0.611111111111111	0.3045977011494253	0	0	0	1.0	7	0.0	0.0	0	0.17777777777777778
50	http://www.yellowpages.com/calexico-ca	0.12030075187969924	2.420624151967435	0.4	0.0	0.26666666666666666	0.3333333333333333	0	0	0	0	16	0.0	0.3076923076923077	0.9467092047737209	0.38095238095238093
