index	url	description	div	h1	h2	h3	h4	h5	h6	inbound_links	keywords	outbound_links	p	root	span	title
1	https://en.wikipedia.org/wiki/California_City,_California	0	0.36585365853658536	0.5555555555555556	0.0	0.0	0	0	0	0	0	60	1.7451819405148736	0.2978723404255319	1.3043478260869565	0.24193548387096775
2	http://www.californiacity-ca.gov/CC/	0.4838709677419355	0.0	0	0.0	0	0	0	0	0	0	17	0.6	0.6086956521739131	0.39473684210526316	0.6521739130434783
3	http://www.zillow.com/california-city-ca/	0.09202453987730061	0.0	0.5	0	0	1.1555555555555554	0.0	0.0	0	0	101	0.0	0.5	37.70659199158966	0.410958904109589
4	http://www.atlasobscura.com/places/california-city-unbuilt-suburb	0.17647058823529413	0.9841269841269842	0.42857142857142855	0.0	0.0	0.0	0.0	0.0	0	0	34	0.32234715120598684	0.2692307692307692	0.0	0.36585365853658536
5	http://www.city-data.com/city/California-City-California.html	0.3409090909090909	0.0	0	0	7.040752238000551	0	0	0	0	0	34	5.275924568485698	0.2916666666666667	0.5555555555555556	0.07389162561576355
6	http://ilovecaliforniacity.com/about-calcity.html	0.11278195488721804	0	0.7894736842105263	0.375	0.2958579881656805	0.0	0	0	0	0.09375	64	0	0.34146341463414637	0	0.25
7	https://www.tripadvisor.com/Tourism-g32139-California_City_California-Vacations.html	0.2922077922077922	1.199523052464229	1.1805555555555556	0	1.1192911836808812	0	0	0	0	0.30612244897959184	1	0	0.19718309859154928	1.0	0.4225352112676056
8	http://www.realtor.com/realestateandhomes-search/California-City_CA	0.0	0.0	0	0.0	0	0	0	0	0	0	92	0.0	0.25925925925925924	0.0	0.0
9	http://www.cdcr.ca.gov/Facilities_Locator/CAC.html	0.0	0.0	0.3488372093023256	0.3488372093023256	0.0	0.0	0	0	0	0.18072289156626506	18	0.6265418493704499	0.0	0.0	0.1875
10	https://en.wikipedia.org/wiki/List_of_cities_in_California	0	0.0	0.0	0.0	0.0	0	0	0	0	0	36	0.0	0.0	0.0	0.0
11	http://www.foxnews.com/us/2016/09/23/california-city-grapples-with-spike-in-killings.html	0	0.0	0.24193548387096775	0.0	0.0	0	0	0	0	0	17	0.0	0.1917808219178082	0.0	0.2054794520547945
12	http://geology.com/cities-map/california.shtml	0.0	0.0	0.0	0.0	0.0	0	0	0	0	0.0	84	0	0.0	0.0	0.0
13	https://www.facebook.com/places/Things-to-do-in-California-City-California/108538305837823/	0.1282051282051282	4.7898157569984185	1.0	0	0	0	0	0	0	0	126	0.44434429923388913	0.18666666666666668	0.9015679442508711	0.2777777777777778
14	http://ilovecaliforniacity.com/	0.08086253369272237	0.0	0	0	0	0	0	0	0	0.16	26	0	0.6086956521739131	0	0.2112676056338028
15	http://www.topix.com/city/california-city-ca	0.3409090909090909	1.3	0.75	0	0	0.0	0.0	0	0	0	22	1.9256356588818178	0.45161290322580644	1.75	0.5769230769230769
16	http://www.indeed.com/l-California-City,-CA-jobs.html	0.18518518518518517	0.40540540540540543	0	0.0	0	0	0	0	0	0.45652173913043476	3	0.0	0.34146341463414637	6.44853283651607	0.28846153846153844
18	http://www.homes.com/for-sale/california-city-ca/	0.15901060070671377	0.625	0.40540540540540543	0.42857142857142855	0.6	0	0	0	0	0.15306122448979592	6	0.1624548736462094	0.4	15.0	0.8391203703703703
19	http://www.trulia.com/for_rent/California_City,CA/	0.1910828025477707	1.5834170013386881	0.38461538461538464	0.0	0.0	0.0	0.0	0	0	0	9	0.0	0.3888888888888889	49.535714285714306	0.2459016393442623
20	http://www.calcitypd.org/	0.20408163265306123	0	0	0	0	0	0	0	0	0.12096774193548387	0	0	0.0	0	0.0
21	http://www.century21.com/real-estate/California-City-CA/LCCACALIFORNIACITY/	0.30405405405405406	6.022458628841607	0.5	2.0172413793103448	0.0	0.0	0	0	0	0.3435114503816794	27	0.0	0.4666666666666667	4.7727272727272725	0.7518796992481203
22	http://www.rvparkreviews.com/regions/california/california-city	0.19736842105263158	0.0	0.9401709401709402	0	0	0.38461538461538464	0.0	0	0	0.45840407470288624	143	0.375	0.2857142857142857	1.6091269841269842	0.3191489361702128
23	https://www.trulia.com/CA/California_City/	0.11029411764705882	25.246710526315795	0.42857142857142855	0.28846153846153844	0	0	0.0	0	0	0	4	0.375	0.5185185185185185	0.0	0.46875
24	http://www.monster.com/jobs/l-california-city,-ca.aspx	0.1595744680851064	0.15789473684210525	0.30612244897959184	0.599078341013825	0.40540540540540543	0.0	0	0	0	0.4838709677419355	182	0	0.34146341463414637	2.94331983805668	0.4
25	http://ohv.parks.ca.gov/?page_id=25841	0.0	0.0	0	0.21428571428571427	0.0	0.0	0	0	0	0.0	10	0.0	0.0	0.0	0.6521739130434783
26	http://www.apartmenthomeliving.com/california-city-ca	0.17045454545454544	0.45454545454545453	0.0	0.6742424242424242	0.0	1.208976833976834	0	0	0	0	183	0.19888806766377065	0.34146341463414637	0.0	0.5263157894736842
27	http://www.bestplaces.net/city/california/california_city	0.0	0.0	0	0.0	2.7902597402597404	0	0	0	0	0.0	154	0.0	0.32558139534883723	2.840453561383794	0.2727272727272727
28	https://www.coldwellbanker.com/real_estate/home_search/ca/California%20City	0.1388888888888889	5.932478632478632	0.3	0.0	1.6720747825398987	0.0	0.0	0.0	0	0	25	0.8694581125608765	0.0	0.7894736842105263	0.46875
29	http://www.ca.gov/	0.0	0.0	0.0	0.0	0	0.0	0	0	0	0.0	10	0.0	0.0	0.0	0.0
30	http://www.californiacitynews.org/	0	0.0	0	0.0	0	0.0	0	0	0	0	11	0.0	0.6363636363636364	0.0	0.32608695652173914
31	http://book.bestwestern.com/bestwestern/US/CA/California-City-hotels/BEST-WESTERN-California-City-Inn---Suites/Hotel-Overview.do?propertyCode=05699	0.10273972602739725	0.5852272727272727	0.0	0	0.0	0.0	0	0.0	0	0	57	0.2631578947368421	0.208955223880597	0.0	0.5172413793103449
32	http://www.cityofsacramento.org/	0	0.0	0.0	0	0.0	0	0	0	0	0	19	0.0	0.0	0.0	0.0
33	http://www.jobs.ca.gov/	0.0	0.0	0.0	0.0	0.0	0	0	0	0	0.0	7	0.0	0.0	0.0	0.0
34	http://www.city-data.com/city/California.html	0.0	0.0	0	0	0	0.0	0	0	0	0	422	0.0	0.0	0.0	0.0
35	http://www.riversideca.gov/	0	0.0	0	0.0	0.0	0	0	0	0	0	55	0.0	0.0	0.0	0.0
36	http://www.cityofcalifornia.net/	0	0.0	0	0	0.0	0	0	0	0	0	11	0.0	0.0	0.6818181818181818	0.0
37	http://ccis.com/	0	0.0	0	0	0.0	0	0	0	0	0	2	0.9337044534412955	0.0	0	0.38461538461538464
38	http://www.citypass.com/southern-california	0.0	0.05	0.0	0.0	1.0529556650246306	0.0	0.0	0	0	0	30	0.48276578073089704	0.0	0.5357142857142857	0.40540540540540543
39	http://wikitravel.org/en/California	0.0	0.0	0.0	0.0	0.0	0	0	0	0	0.0	92	0.0	0.0	0.0	0.0
40	http://www.boe.ca.gov/sutax/pam71.htm	0.3	0.0	0	0.0	0.0	0.0	0	0	0	0.0	27	0.0	0.0	0.9375	0.0
41	http://www.mapsofworld.com/location-maps/usa/california-city.html	0.08620689655172414	0.0	0.4166666666666667	0	0	0	0	0	0	0.4166666666666667	346	0.0	0.27450980392156865	0.0	0.4166666666666667
42	http://www.bestrealty.net/	0.0641025641025641	0.0	0	1.7894736842105263	0	0	0	0	0	0.07731958762886598	16	0.21897810218978103	0.0	0.0	0.23076923076923078
43	http://www.homefinder.com/CA/California-City/	0.0967741935483871	12.1455938697318	0.4166666666666667	0.0	0	0.0	0.0	0.7894736842105263	0	0.4658385093167702	85	0.0	0.45161290322580644	0.0	0.4166666666666667
44	http://www.zillow.com/california-city-ca/land/	0.15789473684210525	0.0	0.6521739130434783	0	0	1.1555555555555554	0.0	0.0	0	0	102	0.0	0.4375	40.50944787704075	0.625
45	http://www.homes.com/rentals/california-city-ca/	0.1485148514851485	0.0	0.4411764705882353	1.1196911196911197	0.6	0	0	0	0	0.14018691588785046	9	0.18796992481203006	0.4117647058823529	12.06875	0.30612244897959184
46	http://www.visitcalifornia.com/	0.0	0.0	0.0	0.0	0.0	0	0	0	0	0.0	78	0.0	0.0	0.0	0.0
47	http://www.areavibes.com/ca/	0.0	0.0	0.0	0.0	0.0	0	0	0	0	0	2	0.0	0.0	0.0	0.0
48	http://www.sanjoseca.gov/	0.0	0.0	0.0	0	0.0	0	0	0	0	0	16	0.0	0.0	0	0.0
49	http://www.californiacityparksandrec.com/	0	0	0	0	0	0	0	0	0	0	5	0.6812037863752517	0.4827586206896552	0.0	0.4166666666666667
50	http://www.apartmentguide.com/apartments/California/California-City/	0.07614213197969544	0.0	0	0.7894736842105263	2.758945119596273	0.0	0.0	0	0	0	18	0.0	0.2641509433962264	3.25	0.2777777777777778
