index	url	description	div	h1	h2	h3	h4	h5	h6	inbound_links	keywords	outbound_links	p	root	span	title
1	http://www.escondido.org/	0	0.0	0	1.5965491030708423	0.0	0	0	0	0	0	22	1.3005762974546573	0.6923076923076923	0.3333333333333333	0.3103448275862069
2	https://en.wikipedia.org/wiki/Escondido,_California	0	0.1956521739130435	0.42857142857142855	0.0	0.0	0	0	0	0	0	135	2.6560938458672108	0.21951219512195122	2.0	0.16071428571428573
3	https://www.tripadvisor.com/Attractions-g32358-Activities-Escondido_California.html	0.08709677419354839	7.358108108108106	0.6729559748427673	0.3	0	0	0	0	0	0.17928286852589642	2	0.0	0.12857142857142856	3.0026525198938994	0.13740458015267176
4	http://visitescondido.com/	0.0703125	0.1922154785058011	0	0	0	1.129987684729064	0	0	0	0	5	0.23684210526315788	0.5	0.0	0.6
5	https://en.wikipedia.org/wiki/Escondido	0	0.0	1.0	0.0	0.0	0	0	0	0	0	14	0	0.3103448275862069	0.0	0.20454545454545456
6	http://www.escondidotexas.com/	0.055900621118012424	1.0736842105263158	0.6	0.0	0	0	0	0.0	0	0.041474654377880185	3	0	0.5	1.1309523809523812	0.7216216216216216
7	http://www.city-data.com/city/Escondido-California.html	0.23684210526315788	0.0	0	0	7.66521662129375	0.34615384615384615	0	0	0	0	34	4.938814888225509	0.21428571428571427	0.42857142857142855	0.04891304347826087
8	http://www.zillow.com/escondido-ca/	0.05732484076433121	0.027779431693416436	0.375	0	0	1.2935599869238312	0.0	0.0	0	0	102	0.0	0.4090909090909091	36.83216653654972	0.29508196721311475
9	http://agency.governmentjobs.com/escondido/default.cfm	0	0.0	0	0.0	0	0	0	0	0	0	28	0.38863636363636367	0.2	0.6	0.2571428571428571
10	https://www.zomato.com/johannesburg/escondido-tapas-illovo	0.17307692307692307	0.0	0.1875	0.2647058823529412	0.0	0.0	0	0	0	0	176	0	0.20454545454545456	2.4732008995502253	0.20454545454545456
11	http://library.escondido.org/	0.057692307692307696	0.0	0	0.0	0.0	0	0	0	0	0.0891089108910891	27	0.04945054945054945	0.42857142857142855	0.5294117647058824	0.25
12	http://police.escondido.org/	0	0.0	0	0.0	0	0	0	0	0	0	7	0.8160247867803838	0.45	0.0	0.23076923076923078
13	http://www.escondido.com/	0.4090909090909091	0.0	0.45	0	0	0	0	0	0	0.2	121	0.07703225806451613	0.6923076923076923	0.0	0.1875
14	http://www.realtor.com/realestateandhomes-search/Escondido_CA	0.0	0.0	0	0.0	0	0	0	0	0	0	92	0.0	0.1875	0.0	0.0
15	https://fire.escondido.org/	0	0.0	0	0.0	0	0	0	0	0	0	7	0.7076987340145235	0.5	0.0	0.24324324324324326
16	https://www.yelp.com/biz/escondido-escondido	0.0371900826446281	0.0	0.2903225806451613	0.0	0.0	0	0	0	0	0.0	97	0.3538306451612903	0.6	2.3	0.6159874608150471
17	http://www.escondidotexas.com/Default.aspx?p=DynamicModule	0.055900621118012424	1.0736842105263158	0.6	0.0	0	0	0	0.0	0	0.041474654377880185	43	0	0.1956521739130435	1.1309523809523812	0.7216216216216216
18	http://recreation.escondido.org/	0	0.0	0	0.0	0	0	0	0	0	0	12	0.23684210526315788	0.375	0.0	0.28125
19	http://www.rentals.com/California/Escondido/	0.15126050420168066	0.0	0.1956521739130435	0.6695121951219513	0.28125	0	14.210526315789465	0	0	0	14	0.12	0.3	0.0	0.28125
20	https://www.mbescondido.com/	0.05660377358490566	0.4348370927318296	0.0	0.5079491255961844	0.1956521739130435	0	0	0	0	0	21	0.22691778465772272	0.6	4.758240509412728	0.14516129032258066
21	http://ehscougars.com/	0.059602649006622516	0.1875	0.0	0.0	0	0	0	0	0	0	4	0	0.0	0.0	0.23684210526315788
22	http://www.wordreference.com/definicion/escondido	0.23684210526315788	0.0	0.0	0	1.6428571428571428	0	0	0	0	0	12	0.13043478260869565	0.25	0.3333333333333333	0.21428571428571427
23	http://www.homes.com/for-sale/escondido-ca/	0.1018867924528302	1.4431707623043362	0.2903225806451613	0.0	0.47368421052631576	0	0	0	0	0.09782608695652174	7	0.0	0.3103448275862069	13.0	0.6070234113712374
24	http://artcenter.org/	0.0	0.0	0.0	0.0	0.0	0	0	0	0	0	6	0	0.0	0.0	0.12857142857142856
25	http://www.visitmexico.com/en/puerto-escondido	0.059602649006622516	2.3585365177266735	0.5294117647058824	0	3.9375	0	0	0	0	0.3829787234042553	4	0	0.2727272727272727	0.0	0.1956521739130435
26	http://escondidochamber.org/	0	0.0	0	0	0	0.719435736677116	0	0	0	0	8	0.023936170212765957	0.45	0.0	0.2903225806451613
27	https://www.trulia.com/CA/Escondido/	0.06923076923076923	13.973421427595266	0.3103448275862069	0.1956521739130435	0	0	0.0	0	0	0	4	0.0	0.42857142857142855	0.0	0.34615384615384615
28	http://escondidonj.com/	0	0.0	0	0	0.0	0	0	0	0	0	7	0.0	0.6	0.0	1.0
29	http://www.hpescondido.com/	0.04054054054054054	0.0	0	0.0	0.0	0.0	0	0	0	0.28346456692913385	4	0.04433497536945813	0.6	1.2093023255813953	0.25
30	http://www.trulia.com/for_rent/Escondido,CA/	0.12413793103448276	2.0301003391956076	0.2727272727272727	0.4090909090909091	0.0	0.0	0.0	0	0	0	9	0.0	0.3	71.91346153846158	0.16363636363636364
31	http://book.bestwestern.com/bestwestern/US/CA/Escondido-hotels/BEST-WESTERN-Escondido-Hotel/Hotel-Overview.do?propertyCode=05487	0.12413793103448276	0.07758620689655173	0.0	0	0.0	0.0	0	0.0	0	0	58	0.0	0.1565217391304348	0.0	0.38028169014084506
32	http://www.escondidorv.com/	0.05844155844155844	0.0	0.12162162162162163	0.03938730853391685	0.0	0.0	0	0	0	0	8	0.47368421052631576	0.6	0.0	0.15254237288135594
33	http://www.sandiegogasprices.com/Escondido/index.aspx	0.14173228346456693	0.0	0.0	0.0	0	0	0	0	0	0	85	0.0	0.225	0.0	0.24324324324324326
34	http://elescondido.com/	0	0.0	0	0	0	0	0	0	0	0	6	0.7414999746796982	0.6	0.0	0.75
35	http://escondido.pausd.org/	0	0.0	0.0	0.32142857142857145	0	0	0	0	0	0	19	0.0	0.47368421052631576	1.0	0.25
36	http://www.euhsd.org/adultschool	0	0.0	0.0	0.0	0	0	0	0	0	0	19	0.2782860451650261	0.0	0.0	0.20930232558139536
37	http://www.sandiego.va.gov/locations/escondido.asp	0.1111111111111111	0.0	0.0	0.5625	0.0	0.0	0	0	0	0.11920529801324503	150	0.07377049180327869	0.24324324324324326	0.0	0.1836734693877551
38	http://www.stonebrewing.com/visit/bistros/escondido	0	2.738636914867815	0.45	0.0	0.0	0.0	0.0	0	0	0	103	0.06178024657905433	0.24324324324324326	0.0	0.25
39	http://www.apartments.com/escondido-ca/	0.05357142857142857	6.244894130271914	0.3103448275862069	0.23684210526315788	0.0	0.0	0.0	0	0	0.13846153846153847	97	0.054	0.34615384615384615	0.0	0.16666666666666666
40	http://www.rent.com/california/escondido-apartments/2-730	0.05521472392638037	0.0	0.25	1.7536810776942355	0.0	0.0	0	0.0	0	0	9	9.616258019410083	0.20930232558139536	23.35627530364372	0.15
41	http://www.fordofescondido.com/	0.08071748878923767	0.05521472392638037	0.0	0.3269230769230769	0.2903225806451613	0.0	0	0	0	0.18	12	0.1512811682049869	0.47368421052631576	3.8456677265500794	0.375
42	http://escondidofcu.org/	0.1836734693877551	0.0	0	0.0	0.0	0	0.0	0	0	0	9	0.1875	0.5625	0.0	0.3
43	http://www.bmwofescondido.com/	0.04390243902439024	0.0	0.0	0.18	0.3	0.0	0	0	0	0.15	14	0.22432835820895522	0.5	4.5875	0.2535211267605634
44	https://www.groupon.com/local/escondido	0.034220532319391636	2.28281603407319	0.5	0.0	0.0	0.0	0.0	0.0	0	0.019693654266958426	79	11.472714591909636	0.36	1.0	0.567487684729064
45	http://www.escondidodisposal.com/	0.0	0.0	0.0	0.0	0	0	0	0	0	0.0	0	0.0	0.42857142857142855	0.20930232558139536	0.14754098360655737
46	http://www.hondaofescondido.com/	0.15083798882681565	1.6	0.0	0.3103448275862069	1.0	0.0	0.0	0.0	0	0.0	31	0.04838709677419355	0.45	0.0	0.13636363636363635
47	https://www.vrbo.com/vacation-rentals/usa/california/san-diego-county/escondido	0.058823529411764705	0.024193548387096774	0.9	0.375	0	0.2727272727272727	0	0	0	0.11320754716981132	31	0.0	0.14516129032258066	0.877844827586207	0.2727272727272727
48	http://police.escondido.org/news.aspx	0	0.16129198024069222	0	0.0	0.0	0	0	0	0	0	58	0.42857142857142855	0.3103448275862069	0.0	0.23076923076923078
49	http://www.grangettos.com/main/escondido.html	0.060810810810810814	0.0	0.8785714285714286	0	0.0	0	0	0	0	0.35467980295566504	17	1.0	0.28125	0.0	0.11538461538461539
50	http://www.opentable.com/ca/escondido-restaurants	0.05421686746987952	0.2727272727272727	0.42857142857142855	0.0	0.561115668580804	0.7098214285714286	0.11842105263157894	0.0	0	0.04326923076923077	68	0	0.25	6.461325706763844	0.2727272727272727
