index	url	description	div	h1	h2	h3	h4	h5	h6	inbound_links	keywords	outbound_links	p	root	span	title
1	http://hayward-pool.com/	0.04827586206896552	0.0	0	0.0	0	0.17073170731707318	0	0	0	0	18	0	0.4375	0.7777777777777778	0.11864406779661017
2	http://www.haywardflowcontrol.com/	0	0.5384615384615384	0	0.0	0	0.0	0	0	0	0	18	0.47138047138047134	0.3181818181818182	0.3684210526315789	0.0
3	http://www.hayward-ca.gov/	0	0.1346153846153846	0.0	0.0	0	0.0	0	0.0	0	0	27	0.7822746793974231	0.5	0.5804597701149425	0.20588235294117646
4	https://en.wikipedia.org/wiki/Hayward,_California	0	0.0	0.3684210526315789	0.0	0.0	0	0	0	0	0	181	5.936115343149121	0.1794871794871795	1.6711641391614631	0.12962962962962962
5	http://haywardareachamber.com/	0	0.0	0.4666666666666667	0	0.3333333333333333	0.5230978260869565	0	0	0	0	6	0.69397725497991	0.3181818181818182	0.0	0.28
6	http://www.csueastbay.edu/	0.006622516556291391	0.0	0.0	0	0	0	0	0	0	0.0011185682326621924	27	0.3105908584169454	0.0	0.0	0.0
7	http://www.youtube.com/user/HaywardPoolProducts	0.04375	0.2556566650270536	0.0	0.3916083916083916	0.0	0.0	0	0	0	0.0	10	0.0	0.20588235294117646	0.22580645161290322	0.20588235294117646
8	https://en.wikipedia.org/wiki/Hayward	0	0.0	1.0	0.0	0.0	0	0	0	0	0	25	0	0.25925925925925924	0.0	0.16666666666666666
9	http://www.hayward-pool.com/shop/en/pools/res-in-ground	0.0	0.0	0	0	0	0.0	0	0	0	0	53	0	0.175	0.0	0.11864406779661017
10	http://www.haywardlakes.com/	0	0.7029589371980677	0	0.0	0.0	0	0	0	0	0	58	0.7962719155120618	0.4375	1.3408009995472077	0.09333333333333334
11	http://www.poolsuppliessuperstore.com/poolbrands/Hayward-Pool-Products.html	0.09090909090909091	0.3192193675889328	0	1.0	0	0	0	0	0	0.2625	203	0.0	0.11290322580645161	0.0	0.1320754716981132
12	http://www.hayward.k12.wi.us/	0	0.10606060606060606	0	0	0.21212121212121213	0.0	0	0	0	0	30	0.0	0.4117647058823529	0.6768740031897926	0.175
13	http://www.hayward-ca.gov/police-department	0	0.1346153846153846	0.0	0.0	0	0.0	0	0	0	0	24	0.36930213705817727	0.22580645161290322	1.0127906976744185	0.17073170731707318
14	http://www.hayward.org/	0.05343511450381679	0.0	0.0	0.0	0	0.0	0	0	0	0.03804347826086957	6	0.5140490526615654	0.6363636363636364	0.8739545997610514	0.24561403508771928
15	https://www.tripadvisor.com/Tourism-g32480-Hayward_California-Vacations.html	0.1590909090909091	0.7223518262010644	0.805921052631579	0	0.6541998231653404	0	0	0	0	0.17073170731707318	2	0.0	0.1111111111111111	1.2592592592592593	0.2222222222222222
16	http://www.zillow.com/hayward-ca/	0.04516129032258064	0.02170673076923077	0.3181818181818182	0	0	1.113519091847265	0.0	0.0	0	0	102	0.0	0.35	41.67098085183972	0.24561403508771928
17	http://www.husd.k12.ca.us/	0	0.09333333333333334	0	0.0	0	0	0	0	0	0	54	1.7341079327640134	0.0	0.3536109555138188	0.16666666666666666
18	http://cityofhaywardwi.gov/	0.0	0.0	0	0.0	0.21212121212121213	0.3888888888888889	0	0	0	0	11	0.029045643153526972	0.3684210526315789	0.0	0.1076923076923077
19	https://www.hayward-pool.ca/	0	1.0	0	0.0	0	0.17073170731707318	0	0	0	0	21	0	0.4666666666666667	0.8140472078295913	0.28
20	https://www.amazon.com/Hayward/pages/3022266011	0.17073170731707318	0.0	1.0	1.6727419538493047	0	0.0	0	0	0	1.0	165	0.0	0.21875	19.051289500451215	0.3684210526315789
21	https://www.hayward-pool.com.au/	0.0	0.0	0	0.0	0	0.17073170731707318	0	0	0	0	9	0	0.3684210526315789	0.3939820805245668	0.20588235294117646
22	http://www.city-data.com/city/Hayward-California.html	0.19444444444444445	0.0	0	0	5.23296881760601	0	0	0	0	0	34	3.9913907898513115	0.175	0.3684210526315789	0.038461538461538464
23	http://www.travelwisconsin.com/northwest/sawyer-county/hayward	0.043478260869565216	0.0	1.0	0.0	0.3181818181818182	0	0	0	0	0.3387096774193548	14	0.07434671592329005	0.14583333333333334	4.136363636363637	0.23333333333333334
24	http://www.realtor.com/realestateandhomes-search/Hayward_CA	0.0	0.0	0	0.0	0	0	0	0	0	0	92	0.0	0.15217391304347827	0.0	0.0
25	http://webmap.hayward-ca.gov/	0.0	0.0	0	0	0.0	0	0	0	0	0.08433734939759036	6	0.16279069767441862	0.3333333333333333	0.7944444444444444	0.5833333333333334
26	https://www.groupon.com/local/hayward	0.023728813559322035	3.027623056007398	0.4375	0.0	0.0	0.0	0	0.0	0	0.015384615384615385	82	9.062820512820513	0.30434782608695654	1.0	0.47138047138047134
27	http://www.poolsupplyworld.com/hayward.htm	1.0	1.028688524590164	0.30434782608695654	0	0	2.0890592952754674	0	0	0	0	37	0.0	0.23333333333333334	0.0	1.0
28	http://user.govoutreach.com/hayward/faq.php	0	0.12727272727272726	0.0	0	0	0.0	0	0	0	0	53	0.07865168539325842	0.20588235294117646	0.0	0.5
29	http://www.poolsupplyworld.com/hayward-pool-pumps.htm	1.0	1.0306569343065692	0.20588235294117646	0	0	1.7905545543619088	0	0	0	0	38	0.0	0.17073170731707318	0.0	0.3888888888888889
31	http://www.parts4heating.com/Hayward-Pool-Heater-Parts-s/964.htm	0.0945945945945946	0.0	0.28	0	0	0	0	0	0	0.2857142857142857	138	0	0.13725490196078433	0.0	0.2413793103448276
32	https://www.redfin.com/city/8439/CA/Hayward	0.10687022900763359	29.678955597248283	0.3684210526315789	1.3037716548424352	0.0	0	0	0	0	0	18	0	0.25925925925925924	11.750621942950568	0.2916666666666667
33	http://www.westsidewholesale.com/hayward-pool-products	0.11570247933884298	0.3684210526315789	0.16666666666666666	1.0133064516129031	0.0	0.0	0	0.0	0	0.3888888888888889	218	0.3333333333333333	0.16666666666666666	1.8407060047732478	0.17073170731707318
34	http://www.city-data.com/city/Hayward-Wisconsin.html	0.2	0.0	0	0	4.596420658335871	0	0	0	0	0	32	0.9846048547245841	0.1794871794871795	0.3888888888888889	0.0374331550802139
35	http://www.topix.com/city/hayward-ca	0.08333333333333333	1.1666666666666667	0.5833333333333334	0	0	0.0	0.0	0	0	0	39	1.0746392033298324	0.30434782608695654	1.5833333333333335	0.3888888888888889
37	http://haywardrec.org/	0	0.0	0.0	0	0.0	0.0	0	0	0	0.0	5	0	0.5	0.0	0.109375
38	http://koa.com/campgrounds/hayward/	0.07777777777777778	0.0	0.6363636363636364	0.0	0.0	0.0	0.0	0.0	0	0	96	0.435254638768259	0.28	0.0	0.32558139534883723
39	http://www.inyopools.com/filters_hayward.aspx	0.11666666666666667	0.0	0.4666666666666667	0	0.0	0.0	0	0	0	0.2222222222222222	9	0	0.21212121212121213	0.0	0.19444444444444445
40	http://www.dictionary.com/browse/hayward	0.040229885057471264	0.0	0	0	0.2916666666666667	0	0	0	0	0.2978723404255319	69	0.0	0.25925925925925924	10.0	0.3333333333333333
41	http://www.apartments.com/hayward-ca/	0.04216867469879518	6.219396529809564	0.25925925925925924	0.19444444444444445	0.0	0.0	0.0	0	0	0.1111111111111111	96	0.04251012145748988	0.2916666666666667	0.0	0.1346153846153846
42	http://www.inyopools.com/hayward-pool-filter-parts.aspx	0.10294117647058823	0.0	0.28	0	0	0.0	0	0	0	0.23728813559322035	9	0.024734982332155476	0.16279069767441862	0.0	0.15217391304347827
43	http://www.zillow.com/hayward-wi/	0.04516129032258064	0.02061967480521283	0.3181818181818182	0	0	1.113519091847265	0.0	0.0	0	0	102	0.0	0.35	30.629570418086516	0.24561403508771928
44	http://www.trulia.com/CA/Hayward/	0.0546875	10.829798046780807	0.25925925925925924	0.1590909090909091	0	0	0.0	0	0	0	4	0.0	0.3684210526315789	0.0	0.2916666666666667
45	http://members.haywardareachamber.com/events/index/	0.15384615384615385	0.0	0.0	0	0	0.5230978260869565	0	0	0	0.11666666666666667	51	0.6363636363636364	0.17073170731707318	0.0	0.11666666666666667
46	https://www.tripadvisor.com/Tourism-g59952-Hayward_Wisconsin-Vacations.html	0.1590909090909091	0.7223518262010644	0.8263888888888888	0	0.6541998231653404	0	0	0	0	0.17192982456140352	2	0.0	0.11290322580645161	1.2592592592592593	0.22950819672131148
47	http://www.wm.com/location/california/bay_area/hayward/index.jsp	0	0.0	1.0	0.0	0.23333333333333334	0.0	0	0	0	0	11	0.07558835261268448	0.14583333333333334	0.0	0.1891891891891892
48	http://www.ebay.com/bhp/hayward-pool-filter	0.07368421052631578	1.2896406648376508	0.35	0.5758064516129032	0.0	0	0	0	0	0	190	0.06862745098039216	0.23333333333333334	0.2692307692307692	0.2692307692307692
49	http://www.bart.gov/stations/hayw	0	0.0	0.4666666666666667	0.0	0.0	0	0	0	0	0	15	1.1045357342470414	0.0	1.0	0.3888888888888889
50	http://www.topix.com/city/hayward-wi	0.08433734939759036	1.1666666666666667	0.5833333333333334	0	0	0.0	0	0	0	0	17	1.0746392033298324	0.30434782608695654	1.5833333333333335	0.3888888888888889
