index	url	description	div	h1	h2	h3	h4	h5	h6	inbound_links	keywords	outbound_links	p	root	span	title
1	http://www.huronconsultinggroup.com/	0.010224948875255624	0.0	0.49523095415590346	0.0	0	0	0	0	0	0.14705882352941177	4	0.24781829779030226	0.20833333333333334	0.0	0.4166666666666667
2	https://en.wikipedia.org/wiki/Huron	0	0.0	1.0	0.0	0.0	0	0	0	0	0	27	0	0.2	0.0	0.125
3	http://www.cityofhuron.org/huron/	0	0.0	0	0.0	0.18518518518518517	0	0	0	0	0	42	0.3125	0.5	0.08010012515644556	0.2777777777777778
4	https://en.wikipedia.org/wiki/Wyandot_people	0	0.0	0.0	0.0	0.0	0	0	0	0	0	87	0.7311120491731576	0.0	1.811948029899712	0.0
5	http://www.huronsd.com/	0.5555555555555556	0.35185185185185186	0	0	0	0.0	0	0	0	0	12	0.13392693352716195	0.45454545454545453	4.152046783625731	0.29411764705882354
6	http://www.a2schools.org/Domain/35	0	0.03200692041522492	0.2	0.0	0.0	0	0	0	0	0	99	0.29411764705882354	0.0	1.3556132597966724	0.13157894736842105
7	https://www.britannica.com/topic/Huron-people	0.028089887640449437	3.2354056808479705	1.0	0.0	0.0	0	0	0	0	0.09090909090909091	28	0.43873060017946053	0.16129032258064516	2.3333333333333335	0.16129032258064516
8	http://cityofhuron.com/	0.062111801242236024	0.15151515151515152	0.0	0	0.0	0	0	0	0	0	6	0.16822432473068524	0.3333333333333333	2.0	0.29411764705882354
9	http://huron.fr/	0.017605633802816902	0.2777777777777778	0.0	0	0.0	0	0	0	0	0.0	6	1.3175178102078686	0.625	0.11627906976744186	0.029069767441860465
10	https://www.huronconsultinggroup.com/company/locations	0.037037037037037035	0.0	0.0	0.0	0	0	0	0	0	0.234375	5	0.07142857142857142	0.125	0	0.29411764705882354
11	http://www.taringa.net/post/mascotas/2403358/Hurones-como-mascota-todo-lo-que-tenes-que-saber.html	0.10135135135135136	0.1228054776625972	0.10204081632653061	0.06756756756756757	0.10204081632653061	0.0	0.0	0	0	0	43	0.0	0.060240963855421686	1.5587275119838144	0.08333333333333333
12	http://www.huron.com/	0.024390243902439025	0.0	0	0.0	0.0	0	0	0	0	0.011764705882352941	3	0.0	0.5555555555555556	0.0	0.21739130434782608
13	http://wikifaunia.com/mamiferos/huron/	0.0	0.034722222222222224	0.0	0.0	0.0	0	0	0	0	0.06756756756756757	130	0.04990893486182441	0.17857142857142858	0.0	0.0
14	http://www.accessgenealogy.com/native/huron-tribe.htm	0.16339869281045752	0.0	0.45454545454545453	0.0	1.0012531328320802	0.0	0.0	0	0	0	145	1.8354883028727207	0.125	1.1612903225806452	0.4166666666666667
15	http://www.co.huron.mi.us/	0	0.0	0.2631578947368421	0.0	0.0	0	0	0	0	0	3	0.0	0.35714285714285715	0	0.4166666666666667
16	http://www.thefreedictionary.com/Huron	0.11450381679389313	0.13157894736842105	1.0	1.0	0	0	0	0	0	0.08670520231213873	106	0.0	0.19230769230769232	13.833333333333332	0.2
17	http://www.thecanadianencyclopedia.ca/en/article/huron/	0.0	0.0	0.4166666666666667	0.0	0.1724137931034483	0.0	0	0.0	0	0.12195121951219512	55	0.5613631206077558	0.125	0.0	0.125
18	http://www.huronschools.com/	0	0.0	0	0	0.0	0	0	0	0	0	9	0.0	0.3125	0.6409085373279747	0.15151515151515152
19	http://www.porthuron.org/	0	0.0	0.5	0.0	0	0	0	0	0	0	9	0.28858662381389655	0.38461538461538464	0.0	0.3333333333333333
20	https://es.wikipedia.org/wiki/Mustela_putorius_furo	0	0.0	0.0	0.0	0.0	0	0	0	0	0	93	1.546427595465813	0.0	2.769306418219462	0.0
21	http://www.huroncountyauditor.org/	0.0	0.07575757575757576	0.0	0.0	0	0	0	0	0	0	16	0.0	0.22727272727272727	0.0	0.10869565217391304
22	http://huroncounty.com/	0	0.0	0.0	0	0	0	0	0	0	0	4	0.04065040650406504	0.3333333333333333	0.4444444444444444	0.1111111111111111
23	http://www.huron.k12.sd.us/	0	0.0	0	0.2	0.0	0	0	0	0	0	14	0.07352941176470588	0.3333333333333333	0.7291666666666667	0.24390243902439024
24	http://www.huronhs.com/	0	0.04424778761061947	0	0	0.0	0	0	0	0	0	39	0.2380952380952381	0.45454545454545453	0.6769866465634273	0.16129032258064516
25	http://huronmachine.com/	0.0	0	0	0	0	0	0	0	0	0.028169014084507043	0	0.0	0.3125	0	0.1388888888888889
26	http://huron.net/	0	0.1388888888888889	0	0.0	0.0	0	0	0	0	0	14	3.021390374331551	0.5555555555555556	0.03496503496503497	0.056179775280898875
27	http://www.city-data.com/city/Huron-South-Dakota.html	0.1388888888888889	0.0	0	0	3.5200955407171284	0	0	0	0	0	34	1.3804325333737097	0.125	0.2631578947368421	0.026595744680851064
28	http://www.infoplease.com/encyclopedia/society/huron-indigenous-people-north-america.html	0.03676470588235294	0.0	1.0	0	0.0	0.0	0	0	0	0.22727272727272727	16	0.021551724137931036	0.06666666666666667	1.0	0.12195121951219512
29	http://huroncounty-oh.gov/	0.08620689655172414	0	0	0	0	0	0	0	0	0	0	0.2777777777777778	0.2777777777777778	0	0.4166666666666667
30	http://www.huron-city.k12.oh.us/	0	0.04424778761061947	0	0	0.0	0	0	0	0	0	36	0.2380952380952381	0.25	0.6769866465634273	0.16129032258064516
31	http://www.nhuron.org/	0.0	0.0	0	0	0.0	0.0	0	0	0	0	29	0	0.5	0.23809523809523808	0.0
32	http://www.merriam-webster.com/dictionary/Huron	0.037037037037037035	0.0	1.0	1.8333333333333335	0	0.0	0	0	0	0.09803921568627451	25	0.0	0.14705882352941177	0.0	0.21739130434782608
34	http://www.newworldencyclopedia.org/entry/Huron	0	0.0	1.0	0.0	0	0	0	0	0	0	25	0.524208523739053	0.14705882352941177	0.3448275862068966	0.16666666666666666
35	http://www.dictionary.com/browse/huron	0.07575757575757576	0.11279541656719981	0	0	0.22727272727272727	0	0	0	0	0.23255813953488372	65	0.0	0.2	9.416666666666668	0.2631578947368421
36	http://www.city-data.com/city/Huron-Ohio.html	0.17857142857142858	0.0	0	0	3.642185601213493	0	0	0	0	0	124	3.332042516432111	0.15625	0.45454545454545453	0.027777777777777776
38	http://www.wordreference.com/es/en/translation.asp?spen=hur%c3%b3n	0.0	0.0	0.0	0	0.0	0	0	0	0	0	14	0.0	0.0	0.0	0.0
39	http://www.zillow.com/huron-oh/	0.032679738562091505	0.014859661208556339	0.25	0	0	0.6274509803921569	0.0	0.0	0	0	101	0.0	0.2777777777777778	35.20637768919334	0.18867924528301888
41	http://www.huronsd.com/city-government	0	0.18518518518518517	0.0	0	0	0.0	0	0.38461538461538464	0	0	42	0.0	0.19230769230769232	3.8888888888888884	0.0
42	http://www.realtor.com/realestateandhomes-search/Huron_SD	0.0	0.0	0	0.0	0	0	0	0	0	0	92	0.0	0.11363636363636363	0.0	0.0
44	http://www.topix.com/city/huron-ca	0.14705882352941177	1.125	0.5	0	0	0.0	0	0	0	0	14	0.8836251824056702	0.23809523809523808	1.5	0.3125
45	http://www.loganmovie.com/theatre/huron/showtimes.asp	0.0136986301369863	0.3368885761609642	0	0.1388888888888889	0.0	0.0	0	0	0	0.01818181818181818	29	0.05936757905261842	0.1282051282051282	0.0	0.1111111111111111
46	http://www.trulia.com/SD/Huron/	0.04	17.795454545454543	0.2	0.11904761904761904	0	0	0.0	0	0	0	4	0.0	0.29411764705882354	0.0	0.22727272727272727
47	http://www.metroparks.com/	0.0	1.413205625162147	0	0	0	0	0	0	0	0	19	0.0	0.0	0.7535621564603081	0.1
48	http://www.co.huron.mi.us/departments.asp	0	0.0	0.2631578947368421	0	0	0	0	0	0	0	9	0	0.1724137931034483	0	0.14705882352941177
49	http://www.huronuc.on.ca/home	0.0684931506849315	0.1753623188405797	0	0.5625	0.0	0.0	0	0	0	0.10869565217391304	25	0.0	0.29411764705882354	0.0	0.0
50	http://bethehuron.com/	0	0.0	0	0	0.0	0	0	0	0	0	16	0.0	0.35714285714285715	1.0	0.5555555555555556
