index	url	description	div	h1	h2	h3	h4	h5	h6	inbound_links	keywords	outbound_links	p	root	span	title
1	http://www.imperialbeachca.gov/	0	6.754804085513805	0.0	0	0	0	0	0	0	0	36	0.0	0.6842105263157895	2.6640288271711423	0.5384615384615384
2	https://en.wikipedia.org/wiki/Imperial_Beach,_California	0	0.21212121212121213	0.5384615384615384	0.0	0.0	0	0	0	0	0	72	2.0156493226829437	0.2826086956521739	1.0769230769230769	0.22950819672131148
3	http://www.sandiego.org/what-to-do/beaches/imperial-beach.aspx	0.09271523178807947	0.0	1.0	1.0	0.0	0.23333333333333334	0	0	0	0.17834394904458598	219	0.17651914799690982	0.2708333333333333	0.2120617110799439	0.175
4	https://www.tripadvisor.com/Tourism-g32522-Imperial_Beach_California-Vacations.html	0.27450980392156865	1.1516475095785441	1.1471571906354514	0	1.3759629194411804	0.0	0	0	0	0.2916666666666667	2	0.0	0.18571428571428572	2.314990512333966	0.25925925925925924
5	https://www.yelp.com/biz/imperial-beach-imperial-beach	0.058091286307053944	0.5185185185185185	0.3888888888888889	0.0	0.0	0.0	0	0	0	0.0	121	0.28059940901382596	0.65	3.6553606237816765	0.9307692307692308
6	http://www.zillow.com/imperial-beach-ca/	0.08695652173913043	0.0	0.4827586206896552	0	0	1.1217948717948718	0.0	0.0	0	0	102	0.0	0.48148148148148145	39.614861468677525	0.39436619718309857
7	http://www.sandiego.com/beaches/imperial-beach	0.07	0.4117647058823529	1.0	0.0	2.9526029526029522	0	0	0.0	0	0	22	0.0	0.3939393939393939	0.0	0.208955223880597
8	https://www.tripadvisor.com/Attraction_Review-g32522-d3584612-Reviews-Imperial_Beach_Pier-Imperial_Beach_California.html	0.3333333333333333	3.500944669365722	0.2413793103448276	0.9068825910931173	0.5384615384615384	0	0	0	0	0.1686746987951807	1	0.07407407407407407	0.24299065420560748	5.131657179000632	0.22580645161290322
9	http://www.booking.com/hotel/it/imperial-beach.html	0.0	0.8158508158508159	0.0	0.6923076923076923	0.95	0.0	0.0	0	0	0.1728395061728395	103	0.5352981628843698	0.35135135135135137	0.6363636363636364	0.27450980392156865
10	https://www.yelp.com/biz/imperial-beach-pier-imperial-beach	0.11382113821138211	0.5	0.34146341463414637	0.0	0.0	0.0	0	0	0	0.0	132	0.3968383857169425	0.5777777777777777	3.636842105263158	0.7832167832167832
12	http://www.youtube.com/watch?v=Q3b37YM47uk	0.175	0.0	0.0	0	0.0	0.0	0	0	0	0.175	9	0.1590909090909091	0.0	4.008624186679931	0.2692307692307692
13	https://www.groupon.com/local/imperial-beach-ca	0.03932584269662921	1.3587187295794443	0.6086956521739131	0.0	0.0	0.0	0.0	0.0	0	0.030303030303030304	82	9.178451178451176	0.3939393939393939	1.0	0.7617647058823529
14	http://www.marriott.com/hotels/travel/sanak-pier-south-resort-autograph-collection/	0.09032258064516129	0.0	0	0.0	0.0	0.0	0	0	0	0.2641509433962264	29	0.06539965410933153	0.0	2.0	0.2222222222222222
15	https://www.vrbo.com/vacation-rentals/usa/california/san-diego-county/imperial-beach	0.08860759493670886	0.0	0.9333333333333333	0	0	0	0	0	0	0.16568047337278108	23	0.0	0.19402985074626866	3.1944503697174804	0.3684210526315789
16	https://www.hotels.com/de1492329/hotels-imperial-beach-california/	0.08917197452229299	0.1346153846153846	0	1.4160919540229886	0.0	0.9423076923076923	0.0	0	0	0.0	61	0.0	0.2549019607843137	3.443065894678798	0.25
17	http://www.realtor.com/realestateandhomes-search/Imperial-Beach_CA	0.0	0.0	0	0.0	0	0	0	0	0	0	92	0.0	0.24528301886792453	0.0	0.0
18	http://www.realtor.com/realestateandhomes-search/Imperial-Beach_CA/pg-3	0.0	0.0	0	0.0	0	0	0	0	0	0	92	0.0	0.22807017543859648	0.0	0.0
19	http://www.imperialbeachca.gov/index.asp?Type=B_BASIC	0	6.754804085513805	0.0	0	0	0	0	0	0	0	77	0.0	0.3170731707317073	2.6640288271711423	0.5384615384615384
20	http://www.apartments.com/local/imperial-beach-ca/	0.09621993127147767	1.900532801173284	0.7777777777777778	0.0	0	0	0	0	0	0.4745762711864407	33	0.0	0.3611111111111111	0.0	0.45161290322580644
21	http://www.apartments.com/imperial-beach-ca/	0.08139534883720931	13.864646372027636	0.4117647058823529	0.32558139534883723	0.0	0.0	0.0	0	0	0.2	96	0.08171206225680934	0.41935483870967744	0.0	0.23728813559322035
22	http://www.marriott.com/hotel-search/imperial-beach.hotels.california.united-states.travel/	0.19047619047619047	0.0	0.2545454545454545	0.0	0.0	0.0	0	0.0	0	0.6666666666666666	31	0.22626262626262628	0.16883116883116883	1.0	0.3684210526315789
23	https://www.trulia.com/CA/Imperial_Beach/	0.1044776119402985	26.739621365787706	0.4117647058823529	0.27450980392156865	0	0	0.0	0	0	0	4	0.6086956521739131	0.5	0.0	0.45161290322580644
24	http://www.rentals.com/California/Imperial-Beach/	0.21705426356589147	0.0	0.27450980392156865	0.8643478260869566	0.27450980392156865	0	17.500000000000004	0	0	0	14	0.3181818181818182	0.37142857142857144	0.0	0.3783783783783784
25	http://www.rent.com/california/imperial-beach-apartments/2-1739	0.08333333333333333	0.0	0.34146341463414637	1.7870726495726494	0.0	0.0	0	0.0	0	0	9	2.694122282276543	0.2653061224489796	6.555555555555556	0.2153846153846154
26	http://patch.com/california/imperialbeach	0.125	2.455663677595165	0.0	0.2413793103448276	0.0	0	0	0	0	0	291	0.4081335999106088	0.40625	2.2555555555555555	0.1414141414141414
27	https://www.redfin.com/city/9239/CA/Imperial-Beach	0.19310344827586207	49.37582188930504	0.5384615384615384	2.641091954022989	0.0	0	0	0	0	0	18	0.6363636363636364	0.38235294117647056	13.366209068229367	0.45161290322580644
28	https://www.tripadvisor.co.uk/Hotel_Review-g190384-d508221-Reviews-Louis_Imperial_Beach-Paphos_Paphos_District.html	0.1339712918660287	1.9494040453239039	0.3333333333333333	0.0	1.2417328042328042	0	0	0	0	0.1044776119402985	5	0.2934262125902993	0.12745098039215685	0.7414634146341463	0.1891891891891892
30	https://www.coldwellbankerhomes.com/ca/imperial-beach/condos-townhomes/	0.13333333333333333	0.0	0	1.4367980884109917	0	0	0	0	0	0.1728395061728395	5	0.0	0.23636363636363636	33.44932221350944	0.5384615384615384
31	http://www.homes.com/for-sale/imperial-beach-ca/	0.15789473684210525	0.6086956521739131	0.3888888888888889	0.4117647058823529	0.5833333333333334	0	0	0	0	0.14432989690721648	8	0.15356489945155394	0.38235294117647056	15.0	0.6062091503267973
32	https://www.facebook.com/CityofIB	0.1830065359477124	0.4444444444444444	0	0	0	0	0	0	0	0	117	1.8722170027996148	0.0	8.422981358391691	0.3783783783783784
33	https://www.coldwellbankerhomes.com/ca/imperial-beach/	0.10526315789473684	0.0	0	1.4367980884109917	0	0	0	0	0	0.1320754716981132	5	0.0	0.3333333333333333	48.1214547455356	0.4117647058823529
34	http://www.booking.com/hotel/cy/imperialbeach.html	0.0	0.6363636363636364	0.0	0.6923076923076923	0.95	0.0	0.0	0	0	0.2	94	0.8253172483826048	0.3611111111111111	0.7116324535679375	0.21875
35	http://www.californiabeaches.com/southern/san-diego-county/imperial-beach/	0.07179487179487179	0.0	1.0	0.7	0	0	0	0	0	0	71	0.7323961499493414	0.22033898305084745	1.0726643598615917	0.28
36	http://mrelectric.com/imperial-beach	0.07368421052631578	0.0	0.42424242424242425	2.0	0.0	0.0	0	0	0	0	65	0.18677982549511274	0.4642857142857143	1.4666666666666668	0.2641509433962264
37	http://www.ibumc.com/	0.09271523178807947	0.2413793103448276	0.4122807017543859	0.0	0.0	0	0	0	0	0	3	0.0	0.0	0.0	0.2692307692307692
38	http://www.surfline.com/surf-report/imperial-pier-ns-southern-california_4255/	0.0	0.0	0	0.0	0.0	0	0	0	0	0.0	33	0.0	0.0	0.0	0.0
39	https://www.wunderground.com/us/ca/imperial-beach	0.09271523178807947	0.0	0.5833333333333334	0.0	0.0	0.0	0	0	0	0.5137614678899083	5	0.0	0.38235294117647056	0.0	0.24561403508771928
40	http://www.apartmentguide.com/apartments/California/Imperial-Beach/	0.0707070707070707	0.0	0	0.7777777777777778	2.6585418552523814	0.0	0.0	0	0	0	18	0.23494219783185644	0.25	5.053037608486017	0.2545454545454545
41	http://www.topix.com/city/imperial-beach-ca	0.11864406779661017	1.3857142857142857	0.7368421052631579	0	0	0.7368421052631579	0.0	0	0	0	31	1.5344017094017093	0.43333333333333335	1.736842105263158	0.56
42	http://www.pacificsothebysrealty.com/eng/sales/imperial-beach-ca-usa	0	0.21505709726315414	0	0.0	0.0	0.175	0	0	0	0.3181818181818182	88	0.0	0.24074074074074073	12.0	0.13725490196078433
43	http://piersouthresort.com/	0.09032258064516129	0.0	0.23728813559322035	0	0	0	0	0	0	0	5	0	0.0	1.0	0.3181818181818182
45	http://www.apartmentfinder.com/California/Imperial-Beach-Apartments	0.09271523178807947	0.0	0	0.3684210526315789	0.0	0.0	0.0	0	0	0	111	0.0498220640569395	0.24074074074074073	10.498225660688865	0.24561403508771928
46	http://www.zillow.com/imperial-beach-ca/rent-houses/	0.09090909090909091	0.0	0.42424242424242425	0	0	0.0	0.0	0.0	0	0	105	0.7475536652643582	0.34210526315789475	31.92458730112099	0.24561403508771928
47	https://www.homeaway.com/vacation-rentals/california/imperial-beach/r5548	0.12173913043478261	0.045307443365695796	0.0	0.4827586206896552	0.0	0.0	0	0.0	0	0.3783783783783784	58	0.0	0.22807017543859648	1.3849462365591398	0.3835616438356164
48	http://www.ib-chamber.com/	0.0	0.0	0.2028985507246377	0.0	0	0	0	0	0	0.28	7	0.35250328419208876	0.0	0.2978723404255319	0.28
49	http://www.accuweather.com/en/us/imperial-beach-ca/91932/weather-forecast/337092	0.15555555555555556	0.0	0.7777777777777778	0.0	0.45161290322580644	0.0	0.0	0	0	0.1917808219178082	178	0.0	0.20634920634920634	0.6363636363636364	0.23728813559322035
50	http://www.century21.com/real-estate/Imperial-Beach-CA/LCCAIMPERIALBEACH/	0.2896551724137931	6.086956521739133	0.4827586206896552	1.9827586206896552	0.0	0.0	0	0	0	0.328125	27	0.0	0.4482758620689655	4.666666666666666	0.7198417930125247
