index	url	description	div	h1	h2	h3	h4	h5	h6	inbound_links	keywords	outbound_links	p	root	span	title
1	http://www.lwsd.org/school/ims/Pages/default.aspx	0	0.0	0	0	0	0	0	0	0	0	37	0.0	0.0	0.0	0.20930232558139536
2	http://cityofinglewood.org/	0	0.0	0	0	0.0	0.0	0	0	0	0	6	0.0	0.47368421052631576	0.0	0.375
3	https://en.wikipedia.org/wiki/Inglewood,_California	0	0.0	0.42857142857142855	0.0	0.0	0	0	0	0	0	182	2.8580593296389356	0.21951219512195122	4.3115962984384035	0.16071428571428573
4	http://www.city-data.com/city/Inglewood-California.html	0.23684210526315788	0.0	0	0	7.334143461271114	0	0	0	0	0	34	2.3595734390869083	0.21428571428571427	0.42857142857142855	0.04891304347826087
5	https://www.mapquest.com/us/ca/inglewood-282041441	0.08108108108108109	0.0	0.42857142857142855	0	0.0	0	0	0	0	0	2	0.032490974729241874	0.2571428571428571	0.0	0.42857142857142855
6	http://www.zillow.com/inglewood-ca/	0.057692307692307696	0.027693946387360197	0.375	0	0	1.2935599869238312	0.0	0.0	0	0	102	0.0	0.4090909090909091	33.33148484954818	0.29508196721311475
7	http://www.realtor.com/realestateandhomes-search/Inglewood_CA	0.0	0.0	0	0.0	0	0	0	0	0	0	92	0.0	0.1875	0.0	0.0
8	https://payments.cityofinglewood.org/	0	0.0	0	0	0	0	0	0	0	0	0	0	0.32142857142857145	0.34615384615384615	0.0
9	https://en.wikipedia.org/wiki/Inglewood,_Victoria	0	0.0	0.47368421052631576	0.0	0.0	0	0	0	0	0	16	1.6186451598200242	0.23076923076923078	2.1578947368421053	0.16666666666666666
10	http://www.lwsd.org/school/ims/for-students/Pages/default.aspx	0	0.0	0	0	0	0	0	0	0	0	24	0	0.0	0.0	0.1836734693877551
11	https://www.tripadvisor.com/Tourism-g32525-Inglewood_California-Vacations.html	0.1956521739130435	0.8653225806451612	0.9285714285714286	0	1.0105969708890639	0	0	0	0	0.20930232558139536	2	0.0	0.13846153846153847	1.3103448275862069	0.3050847457627119
12	http://www.whereis.com/wa/inglewood-6052	0.09090909090909091	0.0	0.36	0.961304347826087	0.75	0	0	0	0	0.39622641509433965	10	0.0	0.3333333333333333	1.0	0.2571428571428571
13	http://maps.latimes.com/neighborhoods/neighborhood/inglewood/	0.05056179775280899	0.14285714285714285	1.0	1.0	0	0.0	0	0	0	0.046632124352331605	155	0.0	0.18	0.0	0.17307692307692307
14	http://www.inglewoodparkcemetery.org/	0.15789473684210525	0.0	0	0.0	0	0	0	0	0	0	20	0.3774069319640565	0.36	0.0	0.4090909090909091
15	http://www.apartments.com/inglewood-ca/	0.05357142857142857	10.464462839791784	0.3103448275862069	0.23684210526315788	0.0	0.0	0.0	0	0	0.13846153846153847	97	0.054	0.34615384615384615	0.0	0.16666666666666666
16	https://www.facebook.com/places/Things-to-do-in-Inglewood-California/112800905400271/	0.08108108108108109	1.9395282082782082	1.0	0	0	0	0	0	0	0	103	0.21001828342253875	0.13043478260869565	0.0	0.1875
17	http://www.greatschools.org/california/inglewood/schools/	0.13043478260869565	5.223300144632031	0.140625	0	0	0	0	0	0	0	158	0.0	0.21428571428571427	1.0	0.3333333333333333
18	http://www.trulia.com/CA/Inglewood/	0.06923076923076923	22.12317813765182	0.3103448275862069	0.1956521739130435	0	0	0.0	0	0	0	4	0.4090909090909091	0.42857142857142855	0.0	0.34615384615384615
19	http://www.inglewoodfarm.com/	0.056962025316455694	0.09375	0	0.0	0	0.0	0	0.0	0	0.06338028169014084	58	0	0.5294117647058824	0	1.0
20	http://inglewoodpd.org/	0	0.0	0	0.0	0.2647058823529412	0	0	0	0	0	2	0.0	0.6	0	0.25
21	http://www.century21.com/real-estate/Inglewood-CA/LCCAINGLEWOOD/	0.2076923076923077	4.55388026607539	0.375	1.766304347826087	0.0	0.0	0	0	0	0.23893805309734514	27	0.0	0.3673469387755102	3.9375	0.53125
22	http://www.citytowninfo.com/places/california/inglewood	0.1411764705882353	0.0	0.42857142857142855	0	5.5166174524453355	0	0	0	0	0.11538461538461539	62	0.7618305894905247	0.21951219512195122	0.9	0.1111111111111111
23	http://www.inglewood.org.au/	0	0.0	0	0	0	0	0	0	0	0	2	0.0325497287522604	0.5625	0.41379310344827586	0.2
24	http://california.hometownlocator.com/ca/los-angeles/inglewood.cfm	0.11392405063291139	0.4090909090909091	0.2647058823529412	1.1591693136584775	0	0.6428571428571429	0	0	0	0.24107142857142858	29	0.6928297087207372	0.16071428571428573	0.0	0.2571428571428571
25	http://www.inglewood.iusd.net/	0	0	0	0	0	0	0	0	0	0	0	0	0.5	0	0.42857142857142855
26	http://wikitravel.org/en/Inglewood	0.04186046511627907	1.0	1.0	0.0	0.0	0	0	0	0	0.09473684210526316	32	0.43571478183845225	0.36	0.9377014034907791	0.2571428571428571
27	http://canfordhealthcare.co.uk/inglewood/	0.06382978723404255	0.0	0.2647058823529412	0.6428571428571429	0.0	0.0	0	0	0	0	38	0.7857625843369549	0.28125	0.0	0.1836734693877551
28	http://www.inglewoodna.com/	0	0.0	0	0	0	0.0	0	0	0	0	7	0.2878787878787879	0.6	1.0071953459889773	0.25
29	https://www.yelp.com/biz/city-of-inglewood-inglewood	0.07258064516129033	0.0	0.23076923076923078	0.0	0.0	0.0	0	0	0	0.0	101	2.4547794327679546	0.47368421052631576	1.5294117647058822	0.40588235294117647
30	http://www.thefreedictionary.com/Inglewood	0.18442622950819673	0.21428571428571427	1.0	0.0	0	0	0	0	0	0.14594594594594595	95	0.0	0.3	13.0	0.3103448275862069
31	http://www.homes.com/for-sale/inglewood-ca/	0.10505836575875487	0.6024631690323969	0.2903225806451613	0.0	0.47368421052631576	0	0	0	0	0.09782608695652174	7	0.0	0.3103448275862069	16.29355998692383	0.551948051948052
32	http://www.houzz.com/professionals/c/Inglewood--CA	0.05921052631578947	0.8361344537815126	0.0	0	0	0	0	0	0	0.056962025316455694	395	0	0.25	5.3968531468531475	0.15254237288135594
33	http://www.lacourt.org/Courthouse/info/ING	0	0.45	0	0	0	0	0	0	0	0	6	0.225	0.0	1.45	0.0
34	http://www.latimes.com/local/south-bay/inglewood/	0	0.10918032786885246	1.0	0.0	0	1.4203308802770511	0.0	0	0	0	21	2.8734294644340057	0.2647058823529412	0.2925769939457752	0.2647058823529412
35	http://www.whereis.com/sa/inglewood-5133	0.09090909090909091	0.0	0.36	0.961304347826087	0.0	0	0	0	0	0.39622641509433965	10	0.0	0.3333333333333333	1.0	0.2571428571428571
36	https://www.yelp.com/inglewood-ca-us	0.07142857142857142	0.0	0	0.391304347826087	0.0	0.0	0	0	0	0.0	126	0.06164383561643835	0.391304347826087	0.23684210526315788	0.14754098360655737
37	http://inglewood.tku.edu/	0	0.0	0.965034965034965	0.0	0.0	0.15	0	0	0	0	142	0.06557607252757466	0.5294117647058824	0.0	0.45
38	http://www.usvetsinc.org/inglewood/	0	0.0	1.0	0.0	0.0	0.0	0	0	0	0	70	0.1683756187754429	0.4090909090909091	1.0	0.9
39	http://www.calgary-inglewood.com/	0	0.0	0	2.95093984962406	0.7885714285714285	0	0	0	0	0	4	0.46766417128893367	0.42857142857142855	0.0	0
40	http://www.topix.com/city/inglewood-ca	0.0967741935483871	1.2045454545454546	0.6428571428571429	0	0	0.0	0.0	0	0	0	45	1.2312611806797853	0.36	1.6428571428571428	0.45
41	https://www.audleyretirement.co.uk/our-villages/inglewood-retirement-village-kintbury-berkshire	0.057692307692307696	0.7885714285714285	1.0	0.0	0.8142857142857143	0	0	0	0	0.08653846153846154	42	0.21038142817736408	0.1111111111111111	0.0	0.12857142857142856
42	http://www.casde.unl.edu/history/counties/dodge/inglewood/	0	0.07880138447679105	1.0	0.0	0.0	0.0	0	0	0	0	22	0.49333516118621434	0.21428571428571427	0.0	0.2727272727272727
43	http://www.apartments.com/condos/inglewood-ca/	0.05521472392638037	11.84210526315789	0.36	0.2647058823529412	0.0	0.0	0.0	0	0	0.13846153846153847	90	0.05113636363636364	0.28125	0.0	0.2727272727272727
44	http://www.realtor.com/realestateandhomes-search/Inglewood_CA/pg-2	0.0	0.0	0	0.0	0	0	0	0	0	0	92	0.0	0.17307692307692307	0.0	0.0
45	http://www.inglewoodgolfclub.com/	0.04522613065326633	0.0	0	0.0	0	0	0	0	0	0	2	0.12925723113173523	0.42857142857142855	1.6008403361344539	0.11538461538461539
46	http://www.latimes.com/local/lanow/la-me-ln-inglewood-whistleblower-20160524-snap-story.html	0	0.10918032786885246	0.0989010989010989	0	0	0	0	0	0	0	15	0.930858419977473	0.11538461538461539	0.47660098522167493	0.10465116279069768
47	https://www.redfin.com/city/9307/CA/Inglewood	0.13333333333333333	17.05909090909091	0.42857142857142855	1.5569892473118279	0.0	0	0	0	0	0	19	0	0.3103448275862069	11.933820862460678	0.34615384615384615
48	http://www.calgary-inglewood.com/Shopping	0	0.0	0.42857142857142855	2.50093984962406	0.7885714285714285	0.9214285714285715	0.0	0	0	0	13	0.5099176924156943	0.3103448275862069	0.0	0
49	http://www.youtube.com/watch?v=aNv5i3hiJh4	0.0	0.0	0.0	0	0.0	0.0	0	0	0	0.32142857142857145	8	0.0	0.0	2.0281240768236226	0.3673469387755102
50	http://www.urbandictionary.com/define.php?term=Inglewood	0	2.5324831928070606	0	0	0.0	0.0	0	0	0	0	140	0.0	0.20454545454545456	0.0	0.3333333333333333
