index	url	description	div	h1	h2	h3	h4	h5	h6	inbound_links	keywords	outbound_links	p	root	span	title
1	http://www.lindsaycars.com/	0.018276762402088774	0.0	0.2	0.0	0	0	0	0	0	0.23809523809523808	18	0.3365051767911209	0.4666666666666667	1.6329415278656265	0.04294478527607362
2	https://en.wikipedia.org/wiki/Lindsay_(name)	0	0.0	0.5	0.0	0.0	0	0	0	0	0	17	0.32380457380457384	0.20588235294117646	0.46106048053024024	0.14285714285714285
3	http://www.lindsay.com/	0.03571428571428571	0.0	0.3333333333333333	0	0	0	0	0	0	0.0	119	0.579666837203992	0.6363636363636364	0.0	0.0945945945945946
4	http://www.lindsayhonda.com/	0.041666666666666664	0.0	0	0	0	0	0	0	0	0.14583333333333334	9	0.0	0.4375	0.7884615384615384	0.056451612903225805
5	http://www.oprah.com/app/lindsay.html#!	0.08588957055214724	0.0	0	0	0	0	0	0	0	0.4117647058823529	7	0.0	0.2692307692307692	0	1.0
6	http://www.lindsey.com/	0	0.0	0.0	0.0	0.0	0.0	0	0	0	0	15	0.0	0.0	0.0	0.0
8	http://www.lindsay.ca.us/	0.030434782608695653	0.0	0	0	0	0	0	0.0	0	0.08536585365853659	11	0.04964539007092199	0.5384615384615384	0.0	0.4666666666666667
9	https://en.wikipedia.org/wiki/Lindsay_Lohan	0	0.0	0.5384615384615384	0.0	0.0	0	0	0	0	0	445	0.3080116230801162	0.21212121212121213	0.9502262443438914	0.14583333333333334
10	http://www.imdb.com/name/nm0517820/	0.03146067415730337	0.0958904109589041	0.0	0.0	0.0	0.2916666666666667	0.0	0	0	0.0	23	0.0	0.0	0.5384615384615384	0.35
11	http://www.lindsaychevrolet.com/	0.029535864978902954	0.0	0.17073170731707318	0.0	0.22580645161290322	0.0	0	0	0	0.12727272727272726	7	0.2739758602246102	0.35	0.5162423178226514	0.05785123966942149
12	http://www.lindsay.com/irrigation-solutions	0.043933054393305436	0.0	0.0	0.0	0.0	0	0	0	0	0.0	133	0.7637577221788592	0.22580645161290322	0.0	0.14
13	https://twitter.com/LindsayLohan	0.15789473684210525	0.0	0.0	0.2916666666666667	0.12280701754385964	0.0	0	0	0	0	31	0.6730523627075351	0.30434782608695654	2.489903381642512	0.358974358974359
14	http://www.imdb.com/title/tt3566722/	0.08695652173913043	0.0	1.0	0.0	0.0	0.0	0.0	0	0	0.0	15	0.03211009174311927	0.0	1.0769230769230769	0.19444444444444445
15	http://www.tmz.com/person/lindsay-lohan/	0.08917197452229299	0.0	0.5384615384615384	0.0	0.0	0	0	0	0	0	106	1.5184678082124983	0.2692307692307692	8.32571327466277	0.13725490196078433
16	http://totaldrama.wikia.com/wiki/Lindsay	0.07446808510638298	41.336745074410366	1.0	0.0	0.0	0	0	0	0	0.06167400881057269	114	12.722176751697981	0.22580645161290322	5.0	0.1346153846153846
17	http://perezhilton.com/category/lindsay-lohan/	0.14583333333333334	0.0	0.2692307692307692	0	0	0	0	0	0	0.0	182	0.6356837606837606	0.19444444444444445	0.0	0.1590909090909091
18	http://www.justjared.com/tags/lindsay-lohan/	0	0.0	0.175	0.0	0	0.0	0	0	0	0	146	0.0	0.23333333333333334	0.5384615384615384	0.12962962962962962
19	http://www.people.com/people/lindsay_lohan	0.08860759493670886	0.0	1.0769230769230769	0.0	0.0	0.35	0	0	0	0.08009153318077804	83	0.08333333333333333	0.2413793103448276	0.4599774820648607	0.14
20	https://lindsaywildlife.org/	0	0.0	0	0.0	0	0	0	0	0	0	12	0.12280701754385964	0.3684210526315789	0.9739739495596276	0.09722222222222222
21	http://www.biography.com/people/lindsay-lohan-16599978	0	0.0	0	0	0	0	0	0	0	0	0	0	0.17073170731707318	0	0
22	http://thelindsaychamber.com/	0.14736842105263157	0.0	0	0	0.9213131313131313	0	0	0	0	0.04242424242424243	3	0.7009877116289742	0.3333333333333333	1.1614814814814816	0.2857142857142857
23	https://www.facebook.com/LindsayLohan	0.07216494845360824	8.658311965811967	0	0	0	0	0	0	0	0	129	0.3333333333333333	0.2916666666666667	0.5384615384615384	0.2916666666666667
24	http://www.ilovelindsay.com/	0.05785123966942149	0.0	0.0	0.21212121212121213	0	0	0	0	0	0	5	0.09333333333333334	0.4375	1.5981818181818181	0.1111111111111111
25	https://myspace.com/lindsaylohan	0.07216494845360824	0.0	0.0	0.0	0.0	0.0	0.0	0.0	0	0.22272727272727272	22	0.0	0.30434782608695654	0.0	0.08433734939759036
26	http://www.hallindsey.com/	0	0.0	0.0	0.0	0.0	0	0.0	0.0	0	0	25	0.0	0.0	0.0	0.0
27	http://www.huffingtonpost.com/news/lindsay-lohan/	0.09395973154362416	0.0	0	0.0	0.0	0	0	0	0	0.4827586206896552	393	0.1265032679738562	0.2	0.0	0.12727272727272726
28	http://www.babynamewizard.com/baby-name/girl/lindsay	0	0.0	0.3333333333333333	0.0	0.25925925925925924	0.0	0	0	0	0.0	18	0.6168261562998405	0.18421052631578946	1.5515151515151515	0.3333333333333333
29	http://lhs.lindsay.k12.ca.us/	0.08235294117647059	0.0603448275862069	0	0.5855263157894737	0	0	0	0	0	0.03825136612021858	66	0	0.3333333333333333	0.6209239130434783	0.341812865497076
30	http://lindsayletters.com/	0	0	0	0	0	0	0	0	0	0	0	0	0.3888888888888889	0	0
31	http://itssimplylindsay.com/	0.058333333333333334	0.0	0	0.0	0	0.0	0	0	0	0	14	2.1148672135706343	0.35	0.0	0.4375
32	http://www.lindsay.k12.ca.us/	0.22580645161290322	0.12280701754385964	0.22580645161290322	0.0	0.22580645161290322	0.0	0	0	0	0.22580645161290322	15	0.1346153846153846	0.4117647058823529	0.6064213564213564	0.22580645161290322
33	http://www.usmagazine.com/celebrities/lindsay-lohan	0	0.0	0	0.0	5.952108922789846	0	0	0	0	0	11	0.0	0.18421052631578946	0.0	0.28
34	http://www.lindsay.k12.ok.us/	0	0.0	0	0	0	0	0	0	0	0	8	0	0.4117647058823529	0.5455555555555556	0.2413793103448276
35	http://www.youtube.com/watch?v=aHjpOzsQ9YI	0.0	0.0	0.0	0	0.0	0.0	0	0	0	0.0	33	0.0	0.0	0.0	0.0
36	http://www.city-data.com/city/Lindsay-California.html	0.19444444444444445	0.0	0	0	3.3296915522301624	0	0	0	0	0	33	3.6304636194069952	0.175	0.3684210526315789	0.03723404255319149
37	http://www.zimmatic.com/	0.03482587064676617	0.0	0.0	0	0.0	0	0	0	0	0.0	8	0.42296264855687604	0.0	0.0	0.0
38	http://www.lindsey.edu/	0.0	0.0	0	0	0	0	0	0	0	0.0	10	0	0.0	0	0.0
39	http://www.topix.com/city/lindsay-ca	0.15555555555555556	1.1666666666666667	0.5833333333333334	0	0	0.0	0	0	0	0	15	1.204268832959462	0.30434782608695654	1.5833333333333335	0.3888888888888889
40	http://www.lindsay.ca.us/contact/	0.030434782608695653	0	0.0	0	0	0	0	0	0	0.08536585365853659	4	0.0	0.35	0	0.4666666666666667
41	http://lindsaybphoto.com/	0.3333333333333333	0.0	0.3333333333333333	0.0	0.0	0	0	0	0	0.0	4	0.5106100795755968	0.4117647058823529	0.0	0.3181818181818182
42	https://pt.wikipedia.org/wiki/Lindsay_Lohan	0	0.0	0.5384615384615384	0.0	0.0	0	0	0	0	0	224	0.5481514597817719	0.21212121212121213	0.5384615384615384	0.14893617021276595
43	https://www.theweathernetwork.com/ca/weather/ontario/lindsay	0.04895104895104895	0.25925925925925924	0	0	0.2	0.0	0	0	0	0.051470588235294115	19	0.0	0.1590909090909091	0.5384615384615384	0.11475409836065574
44	http://lindsaywindows.com/	0.051470588235294115	0.125	0.0	0	0	0	0	0	0	0.0	11	0.17073170731707318	0.3888888888888889	0.0625	0.4666666666666667
45	https://my.ilovelindsay.com/	0	0.5833333333333334	0.22580645161290322	0.2692307692307692	0	0	0	0	0	0	34	0.09333333333333334	0.3684210526315789	1.0	0.2692307692307692
46	http://lindsayslist.co/	0.0546875	0.06666666666666667	0	0	1.0	0	0	0	0	0	15	2.625	0.4666666666666667	0.0	2.0
47	http://lindsayvirtualhuman.org/	0.16279069767441862	0	0	0	0	0	0	0	0	0.0	0	0	0.30434782608695654	0	0.20588235294117646
48	http://www.gossipcop.com/tag/lindsay-lohan/	0	0.0	0.5384615384615384	0.0	0	0.0	0	0.0	0	0	91	0.03977272727272727	0.2413793103448276	0.0	0.5384615384615384
49	http://www.eonline.com/news/lindsay_lohan	0.025735294117647058	0.8929487179487179	0.5384615384615384	0	0.0	0.35448717948717945	0.0	0	0	0	24	0.0	0.25	0.0	0.14
50	http://www.ancestry.com/name-origin?surname=lindsay	0	0.0	0.3181818181818182	0.0	0.0	0.755550973423051	0.0	0	0	0	56	0.1654170023477736	0.1794871794871795	0.0	0.5128205128205128
