index	url	description	div	h1	h2	h3	h4	h5	h6	inbound_links	keywords	outbound_links	p	root	span	title
1	https://en.wikipedia.org/wiki/Los_Angeles	0	0.5166034155597723	1.0	0.0	0.0	0	0	0	0	0	416	7.852573645594684	0.3225806451612903	4.578260869565217	0.2391304347826087
2	http://www.discoverlosangeles.com/	0.06832298136645963	0.0	3.3846153846153846	0.2894736842105263	0	0	0	0	0	0	19	0.12716763005780346	0.45454545454545453	0.0	0.25
3	https://www.lacity.org/	0	0.2894736842105263	0.0	0.0	0	0.0	0	0	0	0	44	0.44833569305974186	0.0	0.0	0.5789473684210527
4	http://www.losangeles.com/	0.1111111111111111	0.4583333333333333	0.4074074074074074	2.166457811194653	1.14375	0.0	0.0	0	0	0	5	0.3416211293260474	0.7142857142857143	0.7857142857142857	0.25
5	http://www.cbsnews.com/news/los-angeles-police-officer-involved-shooting-vehicle-pursuit/	0.0	0.0	0.1527777777777778	0.0	0.0	0.0	0.0	0	0	0.21782178217821782	29	0.3793103448275862	0.13333333333333333	1.0	0.13253012048192772
6	https://www.tripadvisor.com/Tourism-g32655-Los_Angeles_California-Vacations.html	0.22602739726027396	7.1187344144026685	1.0282608695652176	0	1.2919870434139975	0	0	0	0	0.24444444444444444	10	0.6770833333333333	0.14925373134328357	2.8792193403080506	0.3188405797101449
7	http://www.latimes.com/	0	0.7094168004280363	0.6470588235294118	0.0	0.0	0.0	0	0	0	0	6	0.0	0.0	0.0	0.29333333333333333
8	http://www.foxnews.com/us/2016/10/02/protesters-gather-after-los-angeles-police-fatally-shoot-man-following-car-chase.html	0	0.0	0.1375	0.0	0.0	0	0	0	0	0	19	0.2542848627173546	0.09433962264150944	0.0	0.12087912087912088
9	http://www.losangeles.com/events	0.2894736842105263	0.2037037037037037	0.4230769230769231	0.0	0.0	0	0.8122487268828733	0	0	0	38	0.14666666666666667	0.5	0.0	0.5238095238095238
10	https://www.lacity.org/for-visitors	0	0.2894736842105263	0.0	0.0	0	0.0	0	0	0	0	49	0.47001025932227547	0.0	0.0	0.3235294117647059
11	http://www.city-data.com/city/Los-Angeles-California.html	0.275	0.0	0	0	7.678779638996952	0.39285714285714285	0	0	0	0	437	10.847084923439981	0.22727272727272727	2.922705314009662	0.05913978494623656
12	https://en.wikipedia.org/wiki/Los_Angeles_County	0	0.0	0.36666666666666664	0.0	0.0	0	0	0	0	0	130	1.6574805448517496	0.2631578947368421	2.886111111111111	0.16923076923076924
13	http://www.visitcalifornia.com/region/discover-los-angeles-county	0.0	0.3086137911149555	0.7490385121964069	0.5	0.0	0	0	0	0	0.3235294117647059	177	0.3959621902649832	0.19230769230769232	0.09322033898305085	0.2391304347826087
14	http://www.lacounty.gov/	0.11458333333333333	0.0	0	0	0.0	0.0	0	0	0	0	31	0.0	0.0	0.5534161490683229	0.6111111111111112
15	http://losangeles.craigslist.org/	0.0	0.0	0	1.0	0	0.0	0.0	0	0	0	146	0.0	0.4	0.0	0.11702127659574468
16	http://www.lawa.org/welcomeLAX.aspx	0.2558139534883721	0.0	0	0	0	0	0	0	0	0.15714285714285714	33	0	0.0	0.0	0.0
17	https://www.lonelyplanet.com/usa/los-angeles	0.0	0.0	0.4074074074074074	2.350320245057087	1.134614684410785	0	0	0	0	0	74	1.454899851060488	0.3333333333333333	1.0694444444444444	0.4074074074074074
18	http://www.airport-la.com/	0.08661417322834646	0.0	0	0	0.0	0.0	0	0	0	0	0	0.0	0.0	2.0	0.12359550561797752
19	http://losangeles.angels.mlb.com/index.jsp?c_id=ana	0.08148148148148149	0.0	0	0.0	0.0	0.0	0	0	0	0	312	0.0	0.23255813953488372	0.2037037037037037	0.24444444444444444
20	https://es.wikipedia.org/wiki/Los_%C3%81ngeles	0	0.0	0.0	0.0	0.0	0	0	0	0	0	346	0.0	0.0	0.0	0.0
21	http://www.discoverlosangeles.com/explore/travel	0.08270676691729323	0.046875	0.0	0.0	0	0.0	0	0	0	0	44	0.3324352379456429	0.2857142857142857	0.5789473684210527	0.3142857142857143
22	https://www.trulia.com/CA/Los_Angeles/	0.08208955223880597	15.15787970227879	0.3548387096774194	0.22916666666666666	0	0	0.0	0	0	0	4	0.0	0.43478260869565216	0.0	0.39285714285714285
23	http://wikitravel.org/en/Los_Angeles	0.05069124423963134	1.0	1.0	0.0	0.0	0	0	0	0	0.0859375	199	4.297025968557573	0.37037037037037035	4.167399371958162	0.2972972972972973
24	http://www.timeanddate.com/worldclock/usa/los-angeles	0.1853932584269663	1.0	0	0.0	0.0	0	0	0	0	0.06111111111111111	5	0.0	0.2564102564102564	0.0	0.22
25	https://www.yelp.com/la	0.0859375	0.0	0	1.2593103448275862	0.0	0.0	0	0	0	0.058823529411764705	125	0.07432432432432433	0.0	0.0	0.1746031746031746
26	http://losangeles.about.com/	0	0.0	1.0	0.0	0	0	0.7948387096774194	0	0	0	39	0.0	0.5	3.3307744076250247	0.3142857142857143
27	http://www.at-la.com/	0.06470588235294118	0.0	0	0	0	0	0	0	0	0.07913669064748201	7	0.0	0.0	0	0.1746031746031746
28	http://www.ucla.edu/	0.0	0.0	0	0	0.0	0	0	0	0	0.0421455938697318	24	0.0	0.0	0.0	0.0
29	http://www.usatourist.com/espanol/destinations/california/losangeles/los-angeles-main.html	0.039285714285714285	0.0	0.0	0	0.0	0	0	0	0	0.25	8	0.0658682634730539	0.2702702702702703	0.0	0.0
30	https://www.uclahealth.org/	0.0	0.0	0	0.0	0	0.0	0	0	0	0	98	0.0	0.0	0.0	0.39285714285714285
31	https://www.tripadvisor.com/Attractions-g32655-Activities-Los_Angeles_California.html	0.10377358490566038	8.619017094017098	0.7652752571082879	0.7104166666666667	0.0	0	0	0	0	0.210727969348659	7	0.0	0.1388888888888889	2.813172043010753	0.16296296296296298
32	http://www.laweekly.com/calendar	0.07236842105263158	0.0	0.9166666666666666	0.4074074074074074	0.0	0.0	0	0	0	0.39759036144578314	17	0.0	0.0	0.0	0.1746031746031746
33	http://www.losangeles.cl/w/	0.0	0.0	0	0.0	0.0	0.0	0	0	0	0	184	0.0	0.7142857142857143	0.0	0.0
34	http://www.lawa.org/	0.2558139534883721	0.0	0	0	0	0	0	0	0	0.06043956043956044	15	0	0.0	0.0	0.22916666666666666
35	http://www.cbs.com/shows/ncis_los_angeles/	0.17054263565891473	1.1874665857499964	0	0.0	0	0.0	0	0	0	0.2894736842105263	72	0.0	0.35714285714285715	0.0	0.4074074074074074
36	http://www.yellowpages.com/los-angeles-ca	0.17886178861788618	0.2894736842105263	0.4583333333333333	0	0.9013377926421404	1.9884365932753028	0	0	0	0	18	1.3230924869880405	0.3448275862068966	0.4583333333333333	0.3013698630136986
37	https://www.latourist.com/	0.07051282051282051	0.0	0.5	0	0	0	0	0	0	0.17813765182186234	0	0.9122060872766117	0.0	0.55	0.1864406779661017
38	http://www.lasightseeing.net/	0.1116751269035533	0.0	0.14666666666666667	0	0	0.0	0	0	0	0.11	8	0.21631787406641556	0.0	0	0.11956521739130435
39	http://www.realtor.com/realestateandhomes-search/los-angeles_CA	0.0	0.0	0	0.0	0	0	0	0	0	0	92	0.0	0.2	0.0	0.0
40	https://losangeles.craigslist.org/search/jjj	0.36666666666666664	0.0	0	0.0	0	0	0	0	0	0	5	0.0	0.29411764705882354	0.0	0.36666666666666664
41	https://www.wunderground.com/us/ca/los-angeles	0.07432432432432433	0.0	0.5238095238095238	0.0	0.0	0.0	0	0	0	0.4536082474226804	5	0.0	0.3225806451612903	0.0	0.2037037037037037
43	http://www.trulia.com/for_rent/Los_Angeles,CA/	0.14473684210526316	1.9028287707997853	0.3142857142857143	0.0	0.0	0.0	0.0	0	0	0	9	0.0	0.3125	74.00000000000003	0.18333333333333332
44	http://www.lapdonline.org/	0.0	0.4487179487179487	0.0	0.0	0.0	0.0	0	0	0	0.10223048327137546	19	0.1315284382460724	0.0	0.0	0.3793103448275862
45	http://www.nbclosangeles.com/	0.048672566371681415	0.0	0	0.0	0	0.0	0	0	0	0.07534246575342465	20	0.0	0.5882352941176471	0.0	0.14473684210526316
46	http://abc7.com/los-angeles/	0.13836477987421383	0.808688387635756	1.0	0	0	0	0	0	0	0	41	0	0.5263157894736842	0.0	0.5
47	http://travel.usnews.com/Los_Angeles_CA/	0.12941176470588237	0.0	0.2682926829268293	1.4094778007821487	2.9454583574320417	0.0	0.0	0	0	0.336734693877551	65	0.5595713400545723	0.3225806451612903	0.0	0.2558139534883721
48	http://www.lacourt.org/	0	0.16666666666666666	0	0	0	0	0	0	0	0	3	0.45307006145997203	0.0	0.0	0.0
49	http://finance.lacity.org/	0	0.0	0	0.0	0	0	0	0	0	0	25	0.0	0.0	0.13095238095238096	0.28205128205128205
50	http://laautoshow.com/	0.0	0.0	0	0.0	0.0	0	0	0	0	0	152	6.393215935467064	0.0	0.054455445544554455	0.25
