index	url	description	div	h1	h2	h3	h4	h5	h6	inbound_links	keywords	outbound_links	p	root	span	title
1	http://wwwp.oakland.edu/	0.040697674418604654	0.0	0.0	0	0.060646976090014064	0.0	0	0.0	0	0	50	0.45050200803212853	0.4375	0.0	0.30434782608695654
2	https://en.wikipedia.org/wiki/Oakland,_California	0	0.2921739130434783	0.3684210526315789	0.0	0.0	0	0	0	0	0	301	7.761542220967655	0.1794871794871795	1.94896331738437	0.12962962962962962
3	http://www2.oaklandnet.com/	0	0	0	0	0	0	0	0	0	0	0	0	0.3684210526315789	0	0.1794871794871795
4	http://www.raiders.com/index.html	0	0.0	0	0	0	0	0	0	0	0	96	0.9631174442230549	0.0	1.5106894502742247	0.175
5	http://oakland.athletics.mlb.com/index.jsp?c_id=oak	0.05223880597014925	0.0	0	0.875	0.0	0.0	0	0	0	0	312	0.0	0.16279069767441862	0.16666666666666666	0.1590909090909091
6	http://oakland.com/	0.0457516339869281	0.0	0	0	0.3333333333333333	1.460476319701148	0	0	0	0	10	0.060085836909871244	0.6363636363636364	0.08695652173913043	1.0769230769230769
7	http://bleacherreport.com/oakland-raiders	0.04861111111111111	0.0	0.0	0.0	0.0	0	0	0	0	0.09333333333333334	109	0.0	0.21212121212121213	35.61249999999996	0.12727272727272726
8	http://www.oaklandairport.com/	0.059322033898305086	0.9235358677377171	0	0	0.0	0	0	0	0	0	11	0	0.3888888888888889	0.0	0.23333333333333334
9	https://mysail.oakland.edu/	0	0.5833333333333334	0	0	0.0	0	0	0	0	0	18	0.02564102564102564	0.3888888888888889	0.0	0.2916666666666667
10	http://www2.oaklandnet.com/Visitors/index.htm	0.22580645161290322	0	0	0	0	0	0	0	0	0	0	0	0.19444444444444445	0	0.1794871794871795
11	http://www.oakland.edu/futurestudents	0.0	0.0	0.0	0	0	0	0	0	0	0	50	0.2916666666666667	0.28	0.0	0.08641975308641975
12	https://www.tripadvisor.com/Tourism-g32810-Oakland_California-Vacations.html	0.15789473684210525	5.4634700749109255	0.805921052631579	0	0.6541998231653404	0	0	0	0	0.17073170731707318	8	0.35	0.1111111111111111	2.2110136452241718	0.2545454545454545
13	http://www.city-data.com/city/Oakland-California.html	0.19444444444444445	0.0	0	0	6.032768303641041	0	0	0	0	0	34	4.005763433990748	0.175	0.3684210526315789	0.038461538461538464
14	https://www.oaklandcc.edu/	0.0	0.0	0	0	0	0	0	0	0	0	0	0.0	0.5384615384615384	0	0.25925925925925924
15	http://www.raiders.com/	0	0.0	0	0	0	0	0	0	0	0	53	0.9631174442230549	0.0	1.5106894502742247	0.175
16	http://bleacherreport.com/oakland-athletics	0.0546875	0.0	0.0	0.0	0.0	0	0	0	0	0.09090909090909091	100	0.0	0.2	29.789915966386513	0.12280701754385964
17	https://www.oakgov.com/	0	0.0	0.0	0	0	0	0	0	0	0	1	0.0	0.0	0.3993589743589744	0.0
18	http://www.espn.com/mlb/team/_/name/oak/oakland-athletics	0.07608695652173914	0.0	0.0	0.0	0	0	0	0	0	0.10294117647058823	65	0.3529693428853296	0.175	0.8235294117647058	0.1044776119402985
19	http://www.oakland.k12.mi.us/	0	0.5658430112840787	0.0	0	0.0	0.0	0	0	0	0	45	1.0225518717229478	0.4117647058823529	0.04294478527607362	0.2
20	https://www.trulia.com/CA/Oakland/	0.05384615384615385	10.350472749485725	0.25925925925925924	0.1590909090909091	0	0	0.0	0	0	0	4	0.0	0.3684210526315789	0.0	0.2916666666666667
21	http://www.goldengrizzlies.com/	0.08333333333333333	0.0	0	0	0	0	0	0	0	0	0	0.0	0.0	0	0.10606060606060606
22	http://www.zillow.com/oakland-ca/	0.04516129032258064	0.021740440933565787	0.3181818181818182	0	0	1.113519091847265	0.0	0.0	0	0	102	0.0	0.35	45.02244039322876	0.24561403508771928
23	https://ja.wikipedia.org/wiki/%E3%82%AA%E3%83%BC%E3%82%AF%E3%83%A9%E3%83%B3%E3%83%89_(%E3%82%AB%E3%83%AA%E3%83%95%E3%82%A9%E3%83%AB%E3%83%8B%E3%82%A2%E5%B7%9E)	0	0.0	0.0	0.0	0.0	0	0	0	0	0	148	0.05555555555555555	0.0	0.4666666666666667	0.0
24	http://www.cbssports.com/mlb/teams/page/OAK/oakland-athletics	0.10606060606060606	0.0	0	0	0.0	0.0	0	0.0	0	0.1891891891891892	103	0.07526881720430108	0.15555555555555556	1.0	0.14285714285714285
25	https://www.visitoakland.org/	0.07650273224043716	0.0945945945945946	0	0.0	0.14285714285714285	1.23768115942029	0.0	0	0	0	12	0.4878486972529028	0.4375	0.0	0.4827586206896552
26	http://www.espn.com/nfl/team/_/name/oak/oakland-raiders	0.07777777777777778	0.0	0.0	0.0	0	0.0	0	0	0	0.10606060606060606	114	0.3488371220998854	0.18421052631578946	1.3708333333333333	0.1111111111111111
27	https://oaklandwiki.org/	0	0.0	0.21212121212121213	0.2916666666666667	0.2413793103448276	0	0	0	0	0	11	0.0	0.4666666666666667	2.331102212051869	0.3684210526315789
28	http://www.nfl.com/teams/oaklandraiders/profile?team=OAK	0	0.29579504557015357	0.0	0.0	0	0.0	0	0.0	0	0	123	0.28773911697048093	0.16666666666666666	0.0	0.19444444444444445
29	http://www.oakland.edu/?id=24	0.05737704918032787	0.0	0.5	0	0	0	0	0	0	0	38	0.2916666666666667	0.4117647058823529	0.054474708171206226	0.4
30	http://www.cbssports.com/nfl/teams/page/OAK/oakland-raiders	0.109375	0.0	0	0	0.0	0.0	0	0.0	0	0.2	106	0.0	0.16279069767441862	1.0	0.1891891891891892
31	https://www.yelp.com/oakland	0.056451612903225805	0.0	0	0.6666666666666666	0.0	0.0	0	0	0	0.0	125	0.04861111111111111	0.4666666666666667	0.21212121212121213	0.11864406779661017
32	http://www.oak.edu/	0	0.0	0	0.0	0.0	0.0	0	0	0	0	5	0.0546875	0.0	0	0.2857142857142857
33	http://www.ci.oakland.ne.us/	0	0.0	0.21875	0.0	0	0	0	0	0	0	1	0.07559908086223877	0.4375	0	0.2413793103448276
34	http://agency.governmentjobs.com/oaklandca/default.cfm/	0	0.0	0.2692307692307692	0.0	0	0	0	0	0	0	39	0.0	0.15555555555555556	0.0	0.15555555555555556
35	https://www.redfin.com/city/13654/CA/Oakland	0.10687022900763359	9.280563784382782	0.3684210526315789	1.715536360724788	0.0	0	0	0	0	0	20	0.0	0.25	12.753479579141539	0.2916666666666667
36	http://www.oakland.k12.or.us/	0	0.0	0	0	0	0.0	0	0	0	0	10	0.0	0.4117647058823529	1.0462372995373572	0.2
37	https://en.wikipedia.org/wiki/Oakland_Athletics	0	0.28	0.4117647058823529	0.0	0.0	0	0	0	0	0	81	0.6976278927331151	0.1891891891891892	2.639365794164555	0.1346153846153846
38	http://www.oaklandmd.com/index.html	0	0.0	0	0	0	0	0	0	0	0	4	0	0.30434782608695654	1.540083418454205	0.875
39	http://www.oaklandmall.com/	0.056910569105691054	0.0	0	0.25	0.0	0	0.0	0.0	0	0	9	0.25160988174686805	0.4666666666666667	0.0	0.39
41	http://www.oaklandnet.com/citydirectory/?q=	0.2413793103448276	0.0	0.2692307692307692	0	0	0	0	0	0	0.09859154929577464	12	0	0.23333333333333334	0.0	0.25925925925925924
42	http://www.sbnation.com/nfl/teams/oakland-raiders	0.0	0.0	0.4666666666666667	0.0	0.22580645161290322	0.0	0	0	0	0	321	0.6436353944562899	0.2	0.0	0.12962962962962962
43	http://www.freep.com/news/oakland/	0.05	0.0	0	0	0.0	0.0	0.0	0.0	0	0.0945945945945946	95	0.375	0.35	28.375	0.2
44	http://www.foxsports.com/mlb/oakland-athletics-team	0.06422018348623854	0.0	0.0	0.0	0	0	0	0	0	0	63	0	0.18421052631578946	1.2277777777777779	0.07142857142857142
45	http://www.realtor.com/realestateandhomes-search/Oakland_CA	0.0	0.0	0	0.0	0	0	0	0	0	0	92	0.0	0.15217391304347827	0.0	0.0
46	http://www.oaklandschoolsnj.org/	0	0.0	0.0	0.0	0	0	0	0	0	0	27	1.9187910847792353	0.35	1.363908313908314	0.14893617021276595
47	http://www.detroitnews.com/news/oakland/	0.061946902654867256	0.0	0	0	0.0	0.0	0.0	0.0	0	0.12280701754385964	61	0.2574224021592443	0.2692307692307692	15.409339297168911	0.12962962962962962
48	http://www.oaklandlibrary.org/	0	0.0	0.0	0	0.0	0	0	0	0	0	14	0.04375	0.3888888888888889	1.0	0.2916666666666667
49	http://www.portofoakland.com/	0.07777777777777778	2.868815808206806	0	0	0.0	0.8	0	0	0	0	10	0	0.4117647058823529	0.3766140602582496	0.1206896551724138
50	http://www.baseball-reference.com/teams/OAK/	0.026415094339622643	0.0	0.3888888888888889	0.0	0.0	0	0	0	0	0	23	0.0	0.0	0.22580645161290322	0.22580645161290322
