index	url	description	div	h1	h2	h3	h4	h5	h6	inbound_links	keywords	outbound_links	p	root	span	title
1	http://www.cityoforoville.org/	0	0.0	0.4	0.0	0	0	0	0	0	0	1	0.5946488089241995	0.4444444444444444	0.0	0.2
2	https://en.wikipedia.org/wiki/Oroville,_California	0	0.0	0.4	0.0	0.0	0	0	0	0	0	98	1.6297015761099019	0.2	2.7142857142857144	0.14545454545454545
3	http://oroville-wa.com/	0	0.0	0	0	0.0	0	0.013651877133105802	0	0	0	4	0.4531590413943355	0.5333333333333333	0.0	0.2962962962962963
4	http://www.zillow.com/oroville-ca/	0.05128205128205128	0.02342731700624271	0.34782608695652173	0	0	1.208080808080808	0.0	0.0	0	0	102	0.0	0.38095238095238093	34.95036506582088	0.2711864406779661
7	https://en.wikipedia.org/wiki/Oroville,_Washington	0	0.0	0.4	0.0	0.0	0	0	0	0	0	45	0.7103408915360717	0.2	3.0	0.14545454545454545
8	https://www.orovillechamber.com/	0.0582053354890865	0.1568627450980392	0.0	0.8936507936507936	0.0	0.0	0.10266375192292122	0	0	0	2	0.38575986516313426	0.42105263157894735	0.0	0.18823529411764706
9	http://www.city-data.com/city/Oroville-Washington.html	0.21621621621621623	0.0	0	0	3.3190859312586087	0	0	0	0	0	32	5.2689638910504835	0.1951219512195122	0.4	0.042328042328042326
10	http://oroville.com/	0	0.0	0.0	0.0	0.0	0	0	0	0	0	6	0.0	0.6666666666666666	0.0	0.22857142857142856
11	http://orovillewashington.com/	0	0.17777777777777778	0.0	0.5714285714285714	0.0	0.2857142857142857	0	0	0	0	5	0.0	0.36363636363636365	0.5714285714285714	0.38095238095238093
12	http://lakeoroville.net/	0.09020436927413672	1.9047393251554088	0	0	0	0	0	0	0	0.3650190114068441	5	0	0.5	0.5680332325988211	0.32432432432432434
13	https://www.orovillehospital.com/	0.17391304347826086	0.0	0	0.0	0.0	0.0	0.0	0.0	0	0	7	1.7214593154334905	0.4	0.0	0.4
14	http://www.lakeoroville.water.ca.gov/	0	0.0	0	0.3333333333333333	0.0	0	0	0	0	0.0	17	0.09823567115339205	0.32	0.0	0.0
15	http://www.realtor.com/realestateandhomes-search/Oroville_CA	0.0	0.0	0	0.0	0	0	0	0	0	0	92	0.0	0.1702127659574468	0.0	0.0
16	http://www.topix.com/city/oroville-ca	0.09876543209876543	1.240841032175852	0.6153846153846154	0	0	0.0	0.0	0	0	0	32	1.1563887093298857	0.3333333333333333	1.6153846153846154	0.42105263157894735
17	http://sites.google.com/a/oroville.wednet.edu/oroville-school-district/	0	0.0	0	0	0.0	0	0	0	0	0	31	0	0.26666666666666666	0.27586206896551724	0.3333333333333333
18	https://www.tripadvisor.com/Tourism-g32836-Oroville_California-Vacations.html	0.17777777777777778	0.7963109354413702	0.8705882352941177	0	0.7247311827956988	0	0	0	0	0.19047619047619047	2	0.0	0.125	1.6400000000000001	0.2807017543859649
19	http://www.trulia.com/CA/Oroville/	0.06201550387596899	21.307511436022402	0.2857142857142857	0.17777777777777778	0	0	0.0	0	0	0	4	0.0	0.4	0.0	0.32
20	http://www.century21.com/real-estate/Oroville-CA/LCCAOROVILLE/	0.1889763779527559	3.800000000000001	0.34782608695652173	1.7114624505928853	0.0	0.0	0	0	0	0.21818181818181817	27	0.0	0.3404255319148936	3.733333333333333	0.4866359447004608
21	https://www.facebook.com/places/Things-to-do-in-Oroville-California/112082128804707/	0.07272727272727272	2.6837773133252054	1.0	0	0	0	0	0	0	0	142	1.5347589681511	0.11764705882352941	0.0	0.1702127659574468
22	http://www.realtor.com/realestateandhomes-search/Oroville_CA/pg-4	0.0	0.0	0	0.0	0	0	0	0	0	0	92	0.0	0.1568627450980392	0.0	0.0
23	http://www.butte.edu/	0.0	0.0	0	0.0	0.0	0.0	0	0	0	0	13	0.18181818181818182	0.0	0.0	0.0
24	https://www.britannica.com/place/Oroville	0.0	2.2162162162162162	1.0	0	0	0	0	0	0	0.13793103448275862	19	0	0.2962962962962963	1.0	0.1509433962264151
26	http://www.water.ca.gov/swp/facilities/Oroville/index.cfm	0	0.0	0	0.2857142857142857	0.0	0	0	0	0	0.0	56	0.3481215256177317	0.19047619047619047	0.0	0.16
27	http://www.greatschools.org/washington/oroville/schools/	0.11764705882352941	1.4343715904691514	0.13114754098360656	0	0	0	0	0	0	0	49	0.0	0.1951219512195122	1.0	0.3137254901960784
28	https://www.trulia.com/CA/Oroville/	0.06201550387596899	21.307511436022402	0.2857142857142857	0.17777777777777778	0	0	0.0	0	0	0	4	0.0	0.4	0.0	0.32
29	https://www.wunderground.com/us/wa/oroville	0.05517241379310345	0.0	0.4444444444444444	0.0	0.0	0.0	0	0	0	0.3764705882352941	5	0.0	0.2857142857142857	0.0	0.1568627450980392
30	https://www.cbp.gov/contact/ports/oroville-wa	0	0.0	0.6666666666666666	0.0	0	0	0	0	0	0	46	0.05925925925925926	0.26666666666666666	1.6666666666666665	0.16326530612244897
31	http://www.accuweather.com/en/us/oroville-ca/95965/weather-forecast/331994	0.09523809523809523	0.0	0.6666666666666666	0.0	0.32	0.0	0.0	0	0	0.11940298507462686	184	0.0	0.14035087719298245	0.5	0.1509433962264151
32	http://www.parks.ca.gov/?page_id=462	0.0	0.0	0	0.44042232277526394	0.0	0.0	0	0	0	0.0	25	0.89935259664937	0.0	0.242914979757085	0.47058823529411764
33	http://www.orovillemr.com/apps/pbcs.dll/section?category=	0.07476635514018691	0.0	0.0	0	0.0	0.32	0.0	0.0	0	0.14035087719298245	9	0.10038425965655005	0.18604651162790697	0.3076923076923077	0.14285714285714285
34	http://www.remax.com/realestatehomesforsale/oroville-ca-p001.html	0.06015037593984962	0.0	0.37209302325581395	0.0	0.0	0	0	0.0	0	0.20168067226890757	15	0.0	0.15384615384615385	3.6666666666666665	0.1951219512195122
35	http://www.recovery.org/browse/oroville-ca/	0.05925925925925926	0.5722506393861893	0.12121212121212122	0.13333333333333333	0.0	0.20512820512820512	0	0	0	0	15	0.08146037167562356	0.27586206896551724	16.0	0.20512820512820512
36	http://www.movoto.com/oroville-ca/	0.20689655172413793	0.027972027972027972	0.23529411764705882	0.45714285714285713	0	0	0	0	0	0	130	0.0	0.38095238095238093	52.0	0.32
37	http://www.101thingstodo.net/oroville/	0.22857142857142856	0.03686635944700461	0	0.0	0.0	0	0	0	0	0	165	1.9036886761659022	0.32	6.653968253968254	0.2962962962962963
38	https://www.hotels.com/de1503750/hotels-oroville-california/	0.052980132450331126	0.5	0	1.0144927536231885	1.4505208952267776	0.6797385620915033	0.0	0	0	0.0	71	0.026490066225165563	0.17777777777777778	5.726432391138275	0.16
39	http://www.topix.com/city/oroville-wa	0.09195402298850575	1.2436004684624393	0.6153846153846154	0	0	0.0	0	0	0	0	16	1.1563887093298857	0.3333333333333333	1.6153846153846154	0.42105263157894735
41	http://www.goldcountrycasino.com/	0.0	0.0	0	0	0	0	0	0	0	0.017278617710583154	5	0.0	0.0	0.0	0.0
42	http://www.ebay.com/sch/i.html?_nkw=oroville	0.1038961038961039	0.0	0.0	0.0	0.0	0	0	0	0	0.17204301075268819	237	0.0	0.25806451612903225	0.8888888888888888	0.47058823529411764
43	http://www.airnav.com/airport/KOVE	0.056338028169014086	0.0	0	0	0.6262626262626263	0.32996632996632996	0	0	0	1.0	12	0.0	0.0	0	0.1951219512195122
44	http://www.orovilletoyota.com/	0.09302325581395349	0.4	0.37209302325581395	0.0	0.0	0	0	0	0	0	8	0.19988706945228685	0.4444444444444444	0.27130954924161504	0.2909090909090909
45	http://www.orovillecrossfit.com/	0.06274509803921569	0.0	0.0	0.0	0	0	0	0	0	0.05	9	0	0.4	0	0.22857142857142856
46	https://www.facebook.com/places/Things-to-do-in-Oroville-Washington/106141052749617/	0.07272727272727272	2.4364652280537715	1.0	0	0	0	0	0	0	0	117	0.3942614692283239	0.11764705882352941	0.0	0.1702127659574468
47	http://www.water.ca.gov/swp/facilities/Oroville/LakeDam.cfm	0	0.0	0	0.0	0.0	0	0	0	0	0.0	52	0.08247422680412371	0.18181818181818182	0.0	0.12698412698412698
48	http://www.legacy.com/funeral-homes/california/oroville/oroville-funeral-home/fh-2437	0.10457516339869281	0.5363359600757298	0.0	0.2	0.20512820512820512	0.15384615384615385	0.0	0	0	0	93	0.0	0.2318840579710145	2.8664799253034547	0.32
49	http://www.lakeoroville.net/take-the-tour	0.09020436927413672	1.1424292445672468	0	0	0	0	0	0	0	0.3650190114068441	2	0	0.27586206896551724	0.07850116358153533	0.36363636363636365
50	http://istorage.com/self-storage/california/oroville-self-storage	0.11851851851851852	0.0	0.47058823529411764	0.0	0.0	0.0	0	0	0	0	47	1.3078771073716362	0.14545454545454545	1.0	0.13793103448275862
