index	url	description	div	h1	h2	h3	h4	h5	h6	inbound_links	keywords	outbound_links	p	root	span	title
2	http://www.pattersonmedical.com/	0	0.0	0	0	0	0	0	0	0	0	3	0	0.45	0.23684210526315788	0.4090909090909091
3	https://www.pattersonvet.com/	0	0.4220689655172414	0	0.0	0.6	0	0	0	0	0	19	0.20930232558139536	0.5625	0.15	0.45
4	http://www.jamespatterson.com/	0	0.0	0	0.0	0	0	0	0	0	0	46	0.0	0.5	0.0	0.225
5	http://www.pattersonauto.com/	0.05172413793103448	0.36	0	0	0	0	0	0	0	0	25	0	0.5294117647058824	0.0	0.15384615384615385
6	http://www.pattersoncars.com/	0.02616279069767442	0.0	0.34615384615384615	0.0	0	0.0	0	0	0	0.024657534246575342	84	0	0.5294117647058824	0.0	0.12162162162162163
7	http://ci.patterson.ca.us/	0	0.17307692307692307	0.0	0	0.5294117647058824	0.0	0	0	0	0.0	5	0	0.5	0.0	0.17647058823529413
8	https://en.wikipedia.org/wiki/Patterson	0	0.0	1.0	0.0	0.0	0	0	0	0	0	25	0.0	0.3103448275862069	0.0	0.20454545454545456
9	http://www.jamespatterson.com/all-books	0	0.0	0.0	0	0.0	0	0	0	0	0	85	0.0	0.3333333333333333	0.0	0.0
10	http://pattersonpumps.com/	0.03614457831325301	0.0	0.2727272727272727	0	0.04054054054054054	0.0	0	0	0	0.02112676056338028	6	0	0.5	0.0	0.3333333333333333
11	http://www.pattersoncompanies.com/Locations	0	4.403473028595385	0	0	0.0	0	0	0	0	0	11	0	0.2903225806451613	0.0	0.3
12	https://en.wikipedia.org/wiki/Patterson,_California	0	0.0	0.42857142857142855	0.0	0.0	0	0	0	0	0	55	1.548104262100701	0.21951219512195122	1.0588235294117647	0.16071428571428573
13	http://www.pattersonny.org/	0	0.2903225806451613	0	0	0	0.20930232558139536	0	0	0	0	18	1.0469718817591924	0.6	0.21951219512195122	0.375
14	http://www.pattersoncompanies.com/	0	5.2685699087451505	0	0	0.0	0	0	0	0	0	11	0	0.4090909090909091	0.0	0.3
15	http://www.pattersonmedical.com/app.aspx?cmd=contentview	0	0.0	0	0	0	0	0	0	0	0	3	0	0.20454545454545456	0.23684210526315788	0.4090909090909091
16	https://www.patterson-online.com/	0.05806451612903226	0.15254237288135594	0.0	0	0	0	0	0	0	0	1	0	0.45	0.0	0.1267605633802817
17	http://www.patterson.com/	0.041666666666666664	0.5294117647058824	0	0	0	0	0	0	0	0.0	1	0.0	0.6923076923076923	0	0.2903225806451613
18	https://www.amazon.com/James-Patterson/e/B000APZGGS	0.15319148936170213	9.299999999999997	0.6	0.0	0.0	0	0	0	0	0.0	310	0.0	0.25	0.466003311509391	0.1267605633802817
19	http://www.pattersonauto.com/used-cars-wichita-falls-tx	0.06976744186046512	0.36	0.0	0	0	0	0.0	0	0	0	142	0	0.20930232558139536	0.0	0.16981132075471697
21	http://patterson.ipsd.org/	0	0.0	0	0.0	0	0.47368421052631576	0	0	0	0	25	0.0	0.5	1.3240664230096932	0.225
22	http://patenergy.com/	0.06896551724137931	0.0	0.6923076923076923	0.0	0	0	0	0	0	0.11688311688311688	4	0.055900621118012424	0.0	0	0.6923076923076923
23	http://www.zillow.com/patterson-ca/	0.057692307692307696	0.026355731632023052	0.375	0	0	1.2935599869238312	0.0	0.0	0	0	102	0.0	0.4090909090909091	33.93531276038737	0.29508196721311475
24	http://www.paterson.k12.nj.us/	0.0	0.0	0	0.0	0.0	0.0	0	0	0	0.0	57	0.0	0.0	0	0.0
25	http://patterson.net/	0	0	0	0	0	0	0	0	0	0	0	0	0.6923076923076923	0	0.0
27	http://www.pattersonkilgore.com/	0.07171314741035857	2.3476782363977486	0	0	0	0	0	0	0	0.0	5	0.0	0.45	0.0	0.15254237288135594
28	https://www.amazon.com/s?ie=UTF8	0.0	0.0	0.0	0	0.0	0	0	0	0	0.0	56	0.0	0.0	0.0	0.0
29	http://www.longviewnissan.com/	0.10714285714285714	0.33444022770398485	0	0.0	0	0	0	0	0	0	1	0.0	0.0	1.0919117647058822	0.5625
30	http://www.ancestry.com/name-origin?surname=patterson	0	0.0	0.375	0.0	0.0	0.9187874625374625	0.0	0	0	0	56	0.20992149513429115	0.21951219512195122	0.0	0.6108165429480382
31	https://www.pattersonmedical.com.au/content/110	0.04891304347826087	0.17307692307692307	0	0.17647058823529413	0.0	0.0	0	0	0	0	12	0.0	0.2727272727272727	0.0	0.20930232558139536
32	http://www.city-data.com/city/Patterson-California.html	0.23684210526315788	0.0	0	0	5.190561220976794	0	0	0	0	0	34	1.787700030567294	0.21428571428571427	0.42857142857142855	0.04736842105263158
33	http://www.pattersondodgechryslerjeep.net/	0.0661764705882353	0.0	0.0	0	0.20930232558139536	0.0	0	0	0	0.10344827586206896	2	0.08223026973026973	0.3	0.3103448275862069	0.09
34	http://www.pattersonrv.com/	0.047872340425531915	0.7098630723149336	0	0	0.391304347826087	0	0	0	0	0.03103448275862069	5	0.0	0.6	0.0	0.2647058823529412
35	http://pattersons.com/	0.0661764705882353	0.0	0	0	0	0	0	0	0	0	0	0.3	0.6428571428571429	0.0	0.45
36	http://www.pattersonfarm.com/	0	0.0	0.2903225806451613	0	0.0	0	0	0	0	0	6	0.9212700836844345	0.5294117647058824	0	0.1836734693877551
38	https://www.pattersoncpa.com/	0.0430622009569378	0.0	0	0.0	0.0	0.0	0.6923076923076923	0	0	0.075	24	1.1307692307692307	0.5625	0.0	0.9
39	http://cityofpattersonla.gov/	0.20689655172413793	0.08892763731473409	0	0.0	0	0	0.6923076923076923	0	0	0.0891089108910891	6	0.0	0.42857142857142855	0.0	0.32142857142857145
40	http://www.zillow.com/Patterson-NY/	0.057692307692307696	0.027398847144737087	0.375	0	0	1.2935599869238312	0.0	0.0	0	0	101	0.0	0.4090909090909091	33.71881494209635	0.29508196721311475
41	https://www.facebook.com/JamesPatterson	0.12	2.743058608058608	0	0	0	0	0	0	0	0	108	0.0	0.34615384615384615	1.2	0.34615384615384615
43	http://www.espn.com/nba/player/_/id/4264/patrick-patterson	0.07377049180327869	0.05844155844155844	0.5294117647058824	0	0	0.3333333333333333	0	0.0	0	0.36416184971098264	81	0.14381207028265852	0.21951219512195122	0.0	0.10112359550561797
44	http://www.realtor.com/realestateandhomes-search/Patterson_CA	0.0	0.0	0	0.0	0	0	0	0	0	0	92	0.0	0.1875	0.0	0.0
45	http://www.daytoninnovationlegacy.org/patterson.html	0.03214285714285714	0.0	0	0	0	0	0	0	0	0.021739130434782608	34	0	0.225	4.077961518578474	0.5
46	http://www.pattersonsupercenter.com/	0.08333333333333333	0.0	0	0	0	0	0	0	0	0	5	0.030100334448160536	0.375	0.0	0.0
47	https://en.wikipedia.org/wiki/James_Patterson	0	0.20454545454545456	0.6	0.0	0.0	0	0	0	0	0	100	2.092977113569817	0.2571428571428571	0.6	0.18
48	http://www.cs.berkeley.edu/~pattrsn/	0	0.0	0.5	0	0	0	0	0	0	0	11	0	0.0	0.16666666666666666	0.34615384615384615
49	http://patterson.eaglesoft.net/	0	0.2760989010989011	0	0	0	0	0	0	0	0	20	0	0.391304347826087	0.140625	0.0
50	http://hornworks.com/	0.027692307692307693	0.0	0.0	0	0	0	0	0	0	0.0	7	0.0	0.0	0.3292836196062003	0.13846153846153847
