index	url	description	div	h1	h2	h3	h4	h5	h6	inbound_links	keywords	outbound_links	p	root	span	title
1	https://www.cityofrc.us/	0	0.42778711484593834	0	0.0	0	0	0	0	0	0	2	0	0.0	0.5714285714285714	0.6956521739130435
2	https://en.wikipedia.org/wiki/Rancho_Cucamonga,_California	0	1.0	0.5714285714285714	0.0	0.0	0	0	0	0	0	111	3.8677217473119945	0.3125	1.1428571428571428	0.25396825396825395
3	http://www.zillow.com/rancho-cucamonga-ca/	0.0975609756097561	0.0	0.5161290322580645	0	0	1.1868131868131868	0.0	0.0	0	0	102	0.0	0.5172413793103449	35.178349179051516	0.4266666666666667
4	https://www.mapquest.com/us/ca/rancho-cucamonga-282040212	0.13559322033898305	0.0	0.5714285714285714	0	0.0	0	0	0	0	0	2	0.03686635944700461	0.35714285714285715	0.0	0.5714285714285714
5	https://en.wikipedia.org/wiki/Rancho_Cucamonga	0	0.0	1.0	0.0	0.0	0	0	0	0	0	18	0.6454545454545455	0.4166666666666667	0.0	0.3137254901960784
6	https://www.tripadvisor.com/Tourism-g32940-Rancho_Cucamonga_California-Vacations.html	0.3018867924528302	1.2448739715293196	1.2114285714285713	0	1.164642375168691	0	0	0	0	0.32	2	0.0	0.20833333333333334	2.4141414141414144	0.4383561643835616
8	http://rchs-cjuhsd-ca.schoolloop.com/	0.43243243243243246	0.3018867924528302	0	0.0	0	0	0	0	0	0.6274509803921569	39	0.0	0.0	2.347542722159076	0.41025641025641024
9	http://www.citivu.com/index.html	0	0.0	0	0	0	0	0	0	0	0	4	0.29591718999818684	0.0	0	0.4444444444444444
10	http://www.milb.com/index.jsp?sid=t526	0.2	0.0	0	0.5	0.0	0	0	0	0	0	83	0.0	0.0	1.075098814229249	0.2222222222222222
11	https://www.facebook.com/places/Things-to-do-in-Rancho-Cucamonga-California/112087128808020/	0.13559322033898305	4.7090086384204035	1.0	0	0	0	0	0	0	0	140	1.8129694149365578	0.19736842105263158	0.0	0.2909090909090909
12	http://www.urbandictionary.com/define.php?term=RANCHO%20CUCAMONGA	0	1.9601031380235487	0	0	0.0	0.0	0	0	0	0	102	0.0	0.0	0.0	0.47058823529411764
13	https://www.newhomesource.com/communityresults/market-30/citynamefilter-rancho-cucamonga	0.23529411764705882	0.0	0.24615384615384617	0	0	0	0	0	0	0.4827586206896552	11	3.019157088122606	0.2054794520547945	0.8	0.2711864406779661
14	http://www.ranchochamber.org/	0	0.0	0.2711864406779661	0	0.0	0.0	0.0	0	0	0	34	0.24373379429559205	0.0	0.5684210526315789	0.3404255319148936
15	http://www.cuca.k12.ca.us/	0	0.0	0	0.3902439024390244	0	0	0	0	0	0	26	0	0.0	0.5161290322580645	0.0
16	http://www.century21.com/real-estate/Rancho-Cucamonga-CA/LCCARANCHOCUCAMONGA/	0.31788079470198677	6.192771084337347	0.5161290322580645	2.0494623655913977	0.0	0.0	0	0	0	0.3582089552238806	27	0.0	0.4838709677419355	4.869565217391305	0.7823494335122242
17	http://www.victoriagardensie.com/	0.0	0.0	0	0.0	0	0	0	0	0	0.12698412698412698	9	0.0	0.0	0.0	0.37209302325581395
18	https://www.tripadvisor.com/Attractions-g32940-Activities-Rancho_Cucamonga_California.html	0.16494845360824742	5.530655391120506	0.948200175592625	0.43243243243243246	0	0	0	0	0	0.27972027972027974	2	0.0	0.19480519480519481	3.4141414141414144	0.2206896551724138
19	https://www.redfin.com/city/15390/CA/Rancho-Cucamonga	0.21476510067114093	36.45639749925177	0.5714285714285714	2.8341682817247564	0.0	0	0	0	0	0	19	1.087557603686636	0.40540540540540543	13.506491172065644	0.48484848484848486
20	http://www.apartments.com/rancho-cucamonga-ca/	0.0903954802259887	8.990078854629273	0.4444444444444444	0.35555555555555557	0.0	0.0	0.0	0	0	0.2222222222222222	96	0.09177820267686425	0.45454545454545453	0.0	0.26229508196721313
21	http://www.realtor.com/realestateandhomes-search/Rancho-Cucamonga_CA	0.0	0.0	0	0.0	0	0	0	0	0	0	92	0.0	0.2727272727272727	0.0	0.0
22	https://www.trulia.com/CA/Rancho_Cucamonga/	0.11678832116788321	25.589536907804987	0.4444444444444444	0.3018867924528302	0	0	0.0	0	0	0	4	0.0	0.5357142857142857	0.0	0.48484848484848486
23	http://www.sb-court.org/Locations/RanchoCucamonga.aspx	0	0.0	0.64	0.0	0.0	0.5925925925925926	0	0	0	0	48	0.0	0.36585365853658536	1.0	0.4444444444444444
24	http://www.copart.com/us/search?YardNumber=97	0	0.0	0	0.0	0.0	0.0	0.0	0	0	0	55	0.0	0.0	0.0	0.0
25	http://www.dailybulletin.com/general-news/20160922/3-students-arrested-following-stabbing-at-rancho-cucamonga-high	0.13114754098360656	0.0	0.25396825396825395	0	0	0.0	0	0.0	0	0.19753086419753085	30	1.127970461504737	0.15	0.0	0.25396825396825395
26	http://www.realtor.com/realestateandhomes-search/Rancho-Cucamonga_CA/pg-4	0.0	0.0	0	0.0	0	0	0	0	0	0	92	0.0	0.2542372881355932	0.0	0.0
27	https://www.chp.ca.gov/find-an-office/inland-division/offices/(855)-rancho-cucamonga	0	0.20327850602543765	0.05970149253731343	0.0	0	0.5	0	0	0	0	6	1.316434088000353	0.22058823529411764	0.7272727272727273	0.17204301075268819
28	https://www.trulia.com/for_rent/Rancho_Cucamonga,CA/	0.2	2.083715858910756	0.4	0.0	0.0	0.0	0.0	0	0	0	9	0.0	0.40540540540540543	77.99999999999991	0.25396825396825395
29	http://www.apartmentguide.com/apartments/California/Rancho-Cucamonga/	0.08040201005025126	0.0	0	0.8	2.8533721180780005	0.0	0.0	0	0	0	18	0.0	0.2777777777777778	24.10421836228288	0.2857142857142857
30	http://www.homes.com/for-sale/rancho-cucamonga-ca/	0.17328519855595667	1.343323980918198	0.42105263157894735	0.0	0.6153846153846154	0	0	0	0	0.16161616161616163	7	0.0	0.4166666666666667	15.0	0.7388059701492538
31	http://www.apartmentfinder.com/California/Rancho-Cucamonga-Apartments	0.10457516339869281	0.0	0	0.4	0.0	0.0	0.0	0	0	0	107	0.2341445623955778	0.26785714285714285	9.550724066437276	0.2711864406779661
32	http://www.rent.com/california/rancho-cucamonga-apartments/2-650	0.09411764705882353	0.0	0.37209302325581395	2.360783064619382	0.0	0.0	0	0.0	0	0	9	12.408864992877518	0.3	22.714285714285715	0.23880597014925373
33	http://www.victoriagardensie.com/directory/	0.0	0.0	0.0	0.0	0.0	0	0	0	0	0.0	6	0.0	0.0	0.0	0.2962962962962963
34	http://abc7.com/news/3-detained-after-student-is-stabbed-at-rancho-cucamonga-high-school/1521088/	0.0898876404494382	0.45714285714285713	0.23880597014925373	0	0	0	0	0	0	0.3669724770642202	57	0.08839779005524862	0.1744186046511628	0.0	0.20512820512820512
35	https://www.crunch.com/locations/california/rancho-cucamonga/rancho-cucamonga/	0.13445378151260504	0.0	1.0	0.3137254901960784	0	0.0	0	0	0	0.07373271889400922	161	0.0	0.4918032786885246	0.0	0.3137254901960784
36	https://www.yelp.com/c/rancho-cucamonga-ca-us/restaurants	0.07142857142857142	0.0	0.4444444444444444	0.45714285714285713	0.0	0	0	0	0	0.0	96	0.0	0.35714285714285715	0.0	0.42105263157894735
37	http://www.dailybulletin.com/general-news/20160914/rancho-cucamonga-man-goes-on-shooting-spree-inside-home-deputies-say	0.06926406926406926	0.0	0.2318840579710145	0	0	0.0	0	0.0	0	0.32	29	0.9411764705882353	0.14285714285714285	0.0	0.2318840579710145
38	https://www.groupon.com/local/rancho-cucamonga	0.0440771349862259	5.03387008222778	0.64	0.0	0.0	0.0	0.0	0.0	0	0.034482758620689655	79	12.23076923076923	0.46875	1.0	0.8253968253968254
39	https://www.britannica.com/place/Rancho-Cucamonga	0.0	3.0	1.0	0.0	0.0	0	0	0	0	0.24242424242424243	23	0.06130268199233716	0.42857142857142855	1.0	0.26229508196721313
40	https://www.yelp.com/rancho-cucamonga-ca-us	0.12030075187969924	0.0	0	0.5333333333333333	0.0	0.0	0	0	0	0.0	126	0.10457516339869281	0.5	0.0	0.23529411764705882
41	http://www.apple.com/retail/victoriagardens/	0.0	0.0	0.0	0.0	0.0	0	0	0	0	0	15	0.041884816753926704	0.0	2.0	0.0
42	http://www.wateroflifecc.org/rancho-cucamonga	0	0.0	0	1.0	0	0	0	0	0	0	26	0.0	0.45454545454545453	0.0	0.0
43	http://www.accuweather.com/en/us/rancho-cucamonga-ca/91730/weather-forecast/337211	0.17391304347826086	0.0	0.8	0.0	0.48484848484848486	0.0	0.0	0	0	0.21333333333333335	185	0.0	0.23076923076923078	0.6666666666666666	0.26229508196721313
44	http://www.zillow.com/homedetails/Delphin-Rancho-Cucamonga-CA-91701/2096962762_zpid/	0.1	0.07729468599033816	0.0	0.0	0.0	0.0	0.0	0.5517241379310345	0	0	110	0.0	0.21739130434782608	25.436761439426583	0.25396825396825395
45	http://www.buffalowildwings.com/en/locations/Detail/3247	0.12598425196850394	0.0	1.2324324324324325	0	0.0	0.0	0	0	0	0.5454545454545454	9	0.2711864406779661	0.0	0.0	0.36363636363636365
46	https://www.stor-n-lock.com/self-storage/rancho-cucamonga-ca-91730	0.0	0.0	1.0	0.0	0.0	0	0	0	0	0	62	0.034482758620689655	0.28846153846153844	3.9142857142857146	0.26229508196721313
47	http://www.topix.com/city/rancho-cucamonga-ca	0.12403100775193798	1.3137254901960784	0.7619047619047619	0	0	0.0	0.0	0	0	0	38	1.6324685426675818	0.46875	1.7619047619047619	0.5925925925925926
48	http://www.booking.com/city/us/rancho-cucamonga.html	0.10256410256410256	0.4	0.0	0.9292929292929293	0.8261437908496732	0.6577777777777778	0	0	0	0.17582417582417584	50	6.561811113058265	0.39473684210526316	0.0	0.2222222222222222
49	http://www.lomalinda.va.gov/locations/rancho_cucamonga.asp	0	0.0	0.0	0.6153846153846154	0.0	0.0	0	0	0	0.13445378151260504	149	0.0	0.3333333333333333	0.0	0.26666666666666666
