index	url	description	div	h1	h2	h3	h4	h5	h6	inbound_links	keywords	outbound_links	p	root	span	title
1	http://www.rialtotheatre.com/	0.037037037037037035	0.1875	0	1.649122807017544	0.0	0	0	0	0	0	44	0.0	0.35294117647058826	1.1428571428571428	0.6859326229684641
2	http://yourrialto.com/	0.0	0.15823474308711794	0.14285714285714285	0	0.42857142857142855	0	0	0	0	0	9	0	0.42857142857142855	0.74	0.11764705882352941
3	http://www.rialtocinemas.com/index.php?location=sebastopol	0	0.0	0	0	0	0	0	0	0	0	15	0.0	0.13043478260869565	0	0.7815126050420168
4	http://rialtosquare.com/	0	0.0	0	0.0	0.0	0	0	0	0	0	16	0.08308746549919102	0.375	0.2857142857142857	0.1111111111111111
5	http://rialtocapital.com/	0.027649769585253458	0.015957446808510637	0.04225352112676056	0	0	0	0	0	0	0.07142857142857142	2	0.0	0.35294117647058826	0.0	0.20689655172413793
6	http://www.thevillagestheatres.com/rialto.html	0	0.0	0	0	0	0	0	0	0	0	55	0	0.17647058823529413	1.0687306501547988	1.0
7	http://rialto.gsu.edu/	0	0.0	0	0.0	0.0	0.0	0	0	0	0	237	0.9986505864437178	0.42857142857142855	0.0	0.18181818181818182
8	http://www.therialto.com/	0.07317073170731707	0.0379746835443038	0.0	0	0	0	0.0	0	0	0.05806451612903226	47	0.07692307692307693	0.46153846153846156	0.0	0.10344827586206896
9	https://en.wikipedia.org/wiki/Rialto	0	0.0	1.0	0.0	0.0	0	0	0	0	0	25	0.20352443609022555	0.23076923076923078	0.0	0.14634146341463414
10	http://www.rialtosquare.com/box_office.asp	0	0.0	0.35294117647058826	0.0	0.35294117647058826	0.0	0	0	0	0	18	0.06891361256544502	0.2	0.2857142857142857	0.1111111111111111
11	http://rialto.gsu.edu/calendar/	0	0.3233838540055676	0	0	0.0	0.0	0	0	0	0	410	0.9563970653169572	0.2727272727272727	4.871428571428572	0.16216216216216217
12	https://en.wikipedia.org/wiki/Rialto,_California	0	0.0	0.3333333333333333	0.0	0.0	0	0	0	0	0	99	1.670966473527947	0.15789473684210525	1.3333333333333333	0.11320754716981132
13	http://kec.rialto.k12.ca.us/	0	0.08108108108108109	0	0.0	0	0	0	0	0	0.1875	47	0	0.3	0.3246581196581197	0.14634146341463414
14	http://www.charleshotel.com/dining-and-entertainment/	0.0	0.0	0	0	0.0	0.0	0	0	0	0.0	53	0.0	0.0	0.0	0.0
15	https://www.rialto.co.nz/Sessions	0	0.0	0	0.0	0.0	0	0	0	0	0.0	6	0	0.3	0.2727272727272727	0.0
16	http://www.rialtocinemas.com/	0	0.0	0	0	0	0	0	0	0	0	0	0	0.35294117647058826	0	0.3333333333333333
17	http://www.rialto.com/	0.0	0	0	0	0	0	0	0	0	0.0	2	0	0.6	0	0.46153846153846156
19	http://www.thefreedictionary.com/Rialto	0.1348314606741573	0.15384615384615385	1.0	2.0	0	0	0	0	0	0.10227272727272728	103	0.0	0.2222222222222222	15.0	0.23076923076923078
20	https://www.rialto.co.nz/Cinema/Dunedin	0	0.0	0.42857142857142855	0.0	0.0	0	0	0	0	0.0	6	0.05584415584415584	0.24	1.1439903725618012	0.0
21	http://www.fandango.com/digiplexrialto_aabmg/theaterpage	0.043795620437956206	0.0	0.13043478260869565	0.0	0.0	0.0	0.0	0.0	0	0	281	0.0	0.13953488372093023	0.0	0.08108108108108109
22	http://www.zillow.com/rialto-ca/	0.03896103896103896	0.01744278171803794	0.2857142857142857	0	0	0.7083333333333333	0.0	0.0	0	0	102	0.0	0.3157894736842105	33.785273291163165	0.21818181818181817
23	http://www.rialtocafe.com/	0.0	0.2435064935064935	0.0	0.0	0.0	0	0	0	0	0	9	0.45912128359751236	0.42857142857142855	0.125	0.21428571428571427
24	https://www.tripadvisor.com/Hotel_Review-g187497-d231526-Reviews-Rialto_Hotel-Barcelona_Catalonia.html	0.06091370558375635	0.9950873061775317	0.17647058823529413	0.0	0.39634146341463417	0	0	0	0	0.07317073170731707	2	0.13807069219440354	0.06741573033707865	0.19774738535800485	0.07692307692307693
25	http://www.rialtocafe.com/menu/	0.0	0.0	0	0	0	0	0	0	0	0	3	0.0	0.3333333333333333	0.125	0.3333333333333333
26	http://www.booking.com/hotel/es/rialto.html	0.041379310344827586	0.42857142857142855	0.0	0.3700189753320683	0.625	0.0	0.0	0	0	0.08108108108108109	102	0.44088233183109504	0.20689655172413793	0.42857142857142855	0.13043478260869565
27	http://rhs.rialto.k12.ca.us/	0.06629834254143646	0.13953488372093023	0	0.4941520467836257	0	0	0	0	0	0.08571428571428572	19	0	0.3	0.6133244549628651	0.20689655172413793
28	http://rialtocapital.com/en/firm/	0.027649769585253458	0.0	0.0	0.3157894736842105	0.0	0	0	0	0	0.07142857142857142	2	0.05555555555555555	0.2608695652173913	0.0	0.20689655172413793
29	http://www.city-data.com/city/Rialto-California.html	0.17142857142857143	0.0	0	0	4.043044781811818	0	0	0	0	0	34	4.34227911076356	0.15384615384615385	0.3333333333333333	0.03208556149732621
30	http://www.dictionary.com/browse/rialto	0.12244897959183673	0.0	0	0	0.2608695652173913	0	0	0	0	0.26666666666666666	65	0.0	0.23076923076923078	13.211538461538462	0.3
31	http://rialto.interticket.com/	0.0	0.0	0	1.0	0.0	0.0	0	0	0	0.09653092006033183	0	0.04081632653061224	0.2727272727272727	7.111111111111113	0.2727272727272727
32	http://www.trulia.com/CA/Rialto/	0.047244094488188976	18.857780762128584	0.23076923076923078	0.13953488372093023	0	0	0.0	0	0	0	4	0.0	0.3333333333333333	0.0	0.2608695652173913
33	http://theatrerialto.ca/en/	0	0.194587656796832	0	0.0	0	0	0	0	0	0	89	0.1016949152542373	0.3333333333333333	0.0	0.17647058823529413
34	http://www.ceramicasrialto.com/	0.1935483870967742	0.0	0	0	0	0	0	0	0	0.09836065573770492	1	0	0.3157894736842105	0.0	0.2857142857142857
35	http://www.santikos.com/	0	0.8571428571428571	0.4	0.0	0	0.0	0	0	0	0	1	0.0	0.0	0	0.0
36	http://rialtopoolroom.com/	0.03529411764705882	0.5047968973259849	0.09230769230769231	0	0	0	0	0	0	0.03529411764705882	8	0.0	0.3333333333333333	0.0	0.03125
37	https://www.rialto.pizza/	0	0.0	0	0	0	0.0	0.0	0.0	0	0	2	0.42857142857142855	0.5	0.536923076923077	0.0
38	http://www.earlann.net/rialtocinemas.html	0	0.0	0	0	0	0	0	0	0	0	63	0.35294117647058826	0.20689655172413793	0.42857142857142855	0
39	https://www.yelp.com/biz/rialto-cambridge	0.04878048780487805	0.0	0.21428571428571427	0.0	0.2693050193050193	0.0	0	0	0	0.0	140	1.242177371299465	0.2222222222222222	0.5690140845070423	0.20689655172413793
40	http://www.hotel-rialto.com/en/	0.0425531914893617	0.0	0	0.0	0.0	0	0	0	0	0	37	0.032432432432432434	0.3333333333333333	0.5	0.10714285714285714
41	http://rialtopd.com/	0	0.010309278350515464	0	0.7058823529411765	0	0.0	0	0	0	0	25	0.17176186645213193	0.5	0.5806864721263582	0.0
42	http://therialto1933.com/	0.0	0.12244897959183673	0.0	0	0	0.0	0.0	0	0	0	1	0.016853932584269662	0.35294117647058826	0.0	0.46153846153846156
43	http://www.therialtoapartments.com/	0.04878048780487805	0.11538461538461539	0.0	0.0	0	0.0	0	0	0	0	11	0.10325061825200556	0.2608695652173913	0.2857142857142857	0.10714285714285714
44	http://www.apartments.com/rialto-ca/	0.03636363636363636	5.513615301386199	0.23076923076923078	0.17142857142857143	0.0	0.0	0.0	0	0	0.0967741935483871	127	0.03665987780040733	0.2608695652173913	0.0	0.11764705882352941
45	http://www.lancasterrialto.com/	0	0.1276595744680851	0	0	0	0	0	0	0	0	6	0	0.3157894736842105	0.6785714285714286	0.2
46	https://www.trulia.com/CA/Rialto/	0.047244094488188976	18.857780762128584	0.23076923076923078	0.13953488372093023	0	0	0.0	0	0	0	4	0.0	0.3333333333333333	0.0	0.2608695652173913
47	http://rms.rialto.k12.ca.us/	0	0.13636363636363635	0	0.0	0	0	0	0	0	0	18	0.0	0.3	0.04067460317460317	0.1935483870967742
48	http://www.booking.com/hotel/pl/warsaw_rialto.html	0.061855670103092786	0.42857142857142855	0.0	0.3700189753320683	0.625	0.0	0.0	0	0	0.08695652173913043	95	0.45917562774246723	0.16666666666666666	0.42857142857142855	0.13636363636363635
49	http://www.merriam-webster.com/dictionary/rialto	0.16666666666666666	0.0	1.0	1.8571428571428572	0	0.0	0	0	0	0.11538461538461539	24	0.0	0.17142857142857143	0.0	0.25
50	http://kec.rialto.k12.ca.us/personnel	0	0.08108108108108109	0	0	0	0	0	0	0	0.1875	6	0.0	0.20689655172413793	0.0	0.12
