index	url	description	div	h1	h2	h3	h4	h5	h6	inbound_links	keywords	outbound_links	p	root	span	title
1	http://www.invillapark.com/	0	0.0	0.0	0	0.5	0.0	0	0	0	0.0	4	0	0.6	0.0	0.19230769230769232
2	http://www.villapark.org/	0.0	0.0	0	0	0	0	0	0	0	0	18	0.47380156075808244	0.6923076923076923	0.0	0.20408163265306123
3	https://en.wikipedia.org/wiki/Aston_Lower_Grounds	0	0.0	1.0	0.0	0.0	0	0	0	0	0	91	1.2064056393950895	0.0	0.0	0.2222222222222222
4	https://en.wikipedia.org/wiki/Villa_Park,_IL	0	0.0	0.5	0.0	0.0	0	0	0	0	0	52	1.925537325120458	0.2647058823529412	1.0	0.18181818181818182
5	http://www.villaparkhigh.org/	0	0.0843984581050923	0	0	0	0	0	0	0	0	48	0.0	0.5294117647058824	1.647186147186147	0.45454545454545453
6	https://www.mapquest.com/us/il/villa-park-282039273	0.08928571428571429	0.0	0.45454545454545453	0	0.0	0	0	0	0	0	2	0.04291845493562232	0.25	0.0	0.47619047619047616
7	http://www.footballgroundguide.com/leagues/england/championship/villa-park-aston-villa.html	0.06756756756756757	0.0	1.0	0.0	0.0	0.0	0	0	0	0	27	2.9055540898896126	0.11842105263157894	0.0	0.7692307692307693
8	http://villaparkchamber.org/	0	0.0	0	0.0	0.0	0.0	0	0	0	0	8	0.6779352739943872	0.45	0	0.8695652173913043
9	http://www.realtor.com/realestateandhomes-search/Villa-Park_IL	0.0	0.0	0	0.0	0	0	0	0	0	0	92	0.0	0.1836734693877551	0.0	0.0
10	http://www.booking.com/hotel/pl/villa-park-golenia3w.html	0.08849557522123894	0.8333333333333334	0.0	0.6573275862068966	1.2173913043478262	0.0	0.0	0	0	0.16393442622950818	91	0.9257941799688254	0.20930232558139536	0.8333333333333334	0.22727272727272727
11	https://www.ruvilla.com/	0.0	0.0	0	0.0	0.0	0	0.0	0	0	0.0	4	0.0	0.0	0.0	0.0
12	http://www.stadiumguide.com/villapark/	0.06451612903225806	0.0	0	0	0.0	0	0	0	0	0	160	1.592120286955275	0.36	0.0	0.3333333333333333
13	http://www.booking.com/hotel/pl/villa-park-siedlce.html	0.07936507936507936	1.1666666666666667	0.0	0.6573275862068966	1.2173913043478262	0.0	0.0	0	0	0.18867924528301888	95	0.6944626934008729	0.21951219512195122	0.8333333333333334	0.23255813953488372
14	http://www.zillow.com/villa-park-il/	0.06369426751592357	0.0	0.4	0	0	0.9545454545454546	0.0	0.0	0	0	102	0.0	0.391304347826087	31.70197594100207	0.31746031746031744
15	http://www.apartments.com/villa-park-ca/	0.059880239520958084	0.5	0.3333333333333333	0.2564102564102564	0.0	0.0	0.0	0	0	0.15151515151515152	91	0.059880239520958084	0.3333333333333333	0.0	0.18181818181818182
16	http://www.realtor.com/realestateandhomes-search/Villa-Park_CA	0.0	0.0	0	0.0	0	0	0	0	0	0	92	0.0	0.1836734693877551	0.0	0.0
17	http://www.city-data.com/city/Villa-Park-California.html	0.2564102564102564	0.23809523809523808	0	0	4.808731955994296	0	0	0	0	0	34	1.0862068965517242	0.20930232558139536	0.45454545454545453	0.05235602094240838
18	http://www.discoverdupage.com/VillaPark	0	0.0	0	0	0	0	0	0	0	0.0	18	0.7609499216521082	0.3333333333333333	0.7987711213517665	0.15151515151515152
19	http://www.villaparkdentalcenterca.com/	0.037037037037037035	0.0	0.2127659574468085	0	0	0	0	0	0	0.0949367088607595	6	0	0.3333333333333333	0.5497205060311856	0.21739130434782608
21	https://www.trulia.com/for_rent/Villa_Park,IL/	0.1388888888888889	1.4261363636363635	0.29411764705882354	0.0	0.0	0.0	0.0	0	0	0	9	0.0	0.2903225806451613	21.571428571428573	0.18181818181818182
22	http://www.city-data.com/city/Villa-Park-Illinois.html	0.2702702702702703	0.0	0	0	6.287972404163358	0	0	0	0	0	34	0.7899106002554278	0.21951219512195122	0.5	0.05291005291005291
23	http://www.villapark.org/history/	0.07042253521126761	0.0	0.47619047619047616	0	0.9365585681375155	1.3448275862068966	0	0	0	0	99	3.0357897621084566	0.45	0.0	0.20408163265306123
24	http://villaatthepark.com/	0	0.0	0	0	0	0.0	0	0	0	0	2	0.0	0.0	0.0	0.0
25	http://ocsd.org/patrol/vpark/	0	0.0	1.5925925925925926	0.0	0	0	0	0	0	0	24	0.19022360203584132	0.0	1.0	0.2631578947368421
26	http://www.zillow.com/villa-park-ca/	0.06369426751592357	0.0	0.4	0	0	0.9545454545454546	0.0	0.0	0	0	102	0.0	0.391304347826087	36.824216588463635	0.31746031746031744
27	http://www.rentvillapark.com/	0.14492753623188406	0.013869625520110958	0.38461538461538464	0	0	0	0	0	0	0.06944444444444445	3	0	0.5294117647058824	2.0	0.2564102564102564
28	http://www.orangeusd.k12.ca.us/schools/high/villapark/	0	0.45454545454545453	0	0	0	0.0	0	0	0	0	62	5.738891012345179	0.23076923076923078	0.0	0.45454545454545453
29	http://www.homes.com/for-sale/villa-park-il/	0.11764705882352941	0.5263157894736842	0.3125	0.3333333333333333	0.5	0	0	0	0	0.10989010989010989	8	0.11538461538461539	0.3	23.0	0.4782608695652174
30	http://www.illinoisgasprices.com/Villa%20Park/index.aspx	0.15748031496062992	0.0	0.0	0.0	0	0	0	0	0	0	47	0.0	0.0	0.0	0.2702702702702703
31	http://villapark.com/	0	0.0	0.0	0.5263157894736842	0.0	0	0	0	0	0	1	0.8823353861277206	0.6923076923076923	0.0	0.2564102564102564
32	http://www.homes.com/for-sale/villa-park-ca/	0.11627906976744186	0.5263157894736842	0.3125	0.3333333333333333	0.5	0	0	0	0	0.10752688172043011	8	0.1147227533460803	0.3	2.0	0.5512820512820513
33	https://www.redfin.com/city/20538/CA/Villa-Park	0.145985401459854	23.219096334185853	0.45454545454545453	1.3135452961672474	0.0	0	0	0	0	0	17	0	0.2903225806451613	10.760092988425603	0.37037037037037035
34	http://www.topix.com/city/villa-park-il	0.11363636363636363	1.2222222222222223	0.6666666666666666	0	0	0.0	0.0	0	0	0	24	1.300403409318464	0.34615384615384615	1.6666666666666665	0.47619047619047616
35	http://www.teammcc.com/	0.05	0.0	0.0	0	0.0	0.0	0	0	0	0.03676470588235294	11	0.0	0.0	1.134337561663143	0.15625
36	http://www.cityofroseville.com/225/Villa-Park	0	0.19607843137254902	0.8333333333333334	0	0.0	0	0	0	0	1.0	9	0	0.28125	0.5263157894736842	0.2222222222222222
37	https://www.avfc.co.uk/	0.0	0.0	0	0.0	0.0	1.0	0	0	0	0	24	0.0	0.0	0.7142857142857143	0.0
38	http://www.villaparkhouse.com/	0.024752475247524754	4.987769180150886	0.1724137931034483	0.0	0.0	0	0	0	0	0.04716981132075472	8	0.04975124378109453	0.5	0.0	0.4166666666666667
39	http://www.rent.com/illinois/villa-park-apartments/2-811	0.06097560975609756	0.0	0.2702702702702703	1.4722574173793688	0.0	0.0	0	0.0	0	0	9	3.402631412028717	0.21428571428571427	7.0	0.16393442622950818
40	https://www.walmart.com/store/1737	0.10989010989010989	0.078125	1.0897435897435899	0.2702702702702703	0.0	0.0	0.0	0	0	0	149	0.0	0.0	0.0	0.13333333333333333
41	http://www.cityofchino.org/residents/parks/villa-park	0	0.0	0.0	0.0	0	0	0	0	0	0	91	0.10526315789473684	0.23076923076923078	1.0	0.23255813953488372
42	http://www.ci.pasadena.ca.us/HumanServices/VillaParke_Community_Center/	0	0.0	0.0	0	0.0	0	0	0	0	0	0	0.0	0.15789473684210525	0	0.0
43	http://www.sevengables.com/ca/villa-park/	0.1834862385321101	0.0	0.4	1.3519924098671725	0.26992753623188404	0	0	0.0	0	0.13333333333333333	6	0.42932444498559197	0.3333333333333333	20.0	0.7448275862068966
44	http://www.movoto.com/villa-park-il/	0.21505376344086022	0.03496503496503497	0.2777777777777778	0.5397727272727273	0	0	0	0	0	0	97	0.0	0.391304347826087	52.0	0.37037037037037035
45	http://www.dailyherald.com/community/villa-park/	0.0	0.0	0.0	0	1.026315789473684	0	0.0	0	0	0.0	73	0.11363636363636363	0.2647058823529412	0.09114803341781658	0.19230769230769232
46	http://www.vpyb.com/	0	0.0	0.0	0.0	0.2702702702702703	0	0	0	0	0	59	0.0	0.0	0.2631578947368421	0.3225806451612903
47	https://www.redfin.com/city/19673/IL/Villa-Park	0.145985401459854	42.55242966751918	0.45454545454545453	1.6706881533101046	0.0	0	0	0	0	0	18	0	0.2903225806451613	12.032466709734566	0.37037037037037035
48	http://www.apartmenthomeliving.com/villa-park-il	0.11560693641618497	0.8333333333333333	0.0	0.5064102564102564	0.0	0.9315476190476191	0	0	0	0	270	0.26942244270700133	0.25	0.0	0.425531914893617
49	http://www.maxpreps.com/high-schools/villa-park-spartans-(villa-park,ca)/baseball/home.htm	0.072992700729927	0.0	0	0.0	0.0	0	0	0	0	0	38	0.9096335476705918	0.24	1.1904761904761905	0.21739130434782608
50	https://www.walgreens.com/locator/walgreens-200+e+roosevelt+rd-villa+park-il-60181/id=3994	0.05952380952380952	0.0	0.0	0	0	0	0	0	0	0	0	0.0	0.0	0.0	0.13513513513513514
