index	url	description	div	h1	h2	h3	h4	h5	h6	inbound_links	keywords	outbound_links	p	root	span	title
1	http://www.ci.visalia.ca.us/	0	0.0	0.3333333333333333	0	0.0	0.0	0	0	0	0	6	0.21905871905871904	0.4375	0.1076923076923077	0.3181818181818182
2	https://en.wikipedia.org/wiki/Visalia,_California	0	0.25925925925925924	0.3684210526315789	0.0	0.0	0	0	0	0	0	154	5.180230574087619	0.1794871794871795	1.7872018174933737	0.12962962962962962
3	https://www.tripadvisor.com/Tourism-g33230-Visalia_California-Vacations.html	0.1590909090909091	1.587662760477516	0.805921052631579	0	0.4747126436781609	0	0	0	0	0.17073170731707318	4	0.5192307692307692	0.1111111111111111	2.122592592592593	0.2545454545454545
4	http://www.visitvisalia.org/	0.02348993288590604	0.0	0.5	0	0.4117647058823529	0.6854166666666667	0	0	0	0.1728395061728395	3	0.1551345041542667	0.4375	1.0762865975631932	0.07777777777777778
5	http://visalia.com/	0	0.0	0	0.0	0.0	0	0	0	0	0	2	0.06086956521739131	0.6363636363636364	0.0	0.3888888888888889
6	http://www.marriott.com/hotels/travel/vismc-visalia-marriott-at-the-convention-center/	0.04697986577181208	0.0	0	0.1320754716981132	0.0	0.0	0	0	0	0.1761006289308176	29	0.23093567251461988	0.09859154929577464	2.232135216089003	0.375
7	http://www.city-data.com/city/Visalia-California.html	0.19444444444444445	0.0	0	0	5.6394486440425045	0	0	0	0	0	34	4.007483213406695	0.175	0.3684210526315789	0.03723404255319149
8	http://www.visaliatimesdelta.com/	0.07909604519774012	13.885015673981195	0	0	0.8633333333333335	0.0	0.0	0.0	0	0.0875	61	2.5605006541363133	0.3333333333333333	5.053491356395168	0.28
9	https://visalia.craigslist.org/	0.0	0.0	0	0.5	0	0.0	0.0	0	0	0	147	0.0	0.3181818181818182	0.0	0.07216494845360824
10	http://www.vusd.org/	0	0.0	0	0	0	0	0	0	0	0	79	0.15555555555555556	0.0	0.0	0.22580645161290322
11	http://www.careerbuilder.com/jobs-in-visalia,ca	0.10144927536231885	0.2027823240589198	0.30434782608695654	0.0	0.0	13.873303167420813	0.0	0	0	0	41	0.0	0.2	0.0	0.1794871794871795
12	http://www.trulia.com/for_rent/Visalia,CA/	0.09859154929577464	1.243421052631579	0.22580645161290322	0.0	0	0.0	0.0	0	0	0	9	0.0	0.25	68.18181818181812	0.12962962962962962
13	http://www.zillow.com/visalia-ca/	0.04516129032258064	0.02180817636768178	0.3181818181818182	0	0	1.113519091847265	0.0	0.0	0	0	102	0.0	0.35	34.405766494850184	0.24561403508771928
14	https://www.wunderground.com/us/ca/visalia	0.04861111111111111	0.0	0.4117647058823529	0.0	0.0	0.0	0	0	0	0.345679012345679	5	0.0	0.25925925925925924	0.0	0.14
15	https://www.hotels.com/de1531371/hotels-visalia-california/	0.046357615894039736	0.07216494845360824	0	0.9268774703557312	0.0	0	0.0	0	0	0.0	100	0.0	0.1590909090909091	2.569888082274652	0.14285714285714285
16	http://www.apartmentfinder.com/California/Visalia-Apartments	0.04827586206896552	0.0	0	1.8091397849462365	0.0	0.0	0.0	0	0	0	95	0.612051501178723	0.14893617021276595	4.865764818164201	0.14
17	http://www.monster.com/jobs/l-visalia,-ca.aspx	0.08139534883720931	0.014989293361884369	0.17073170731707318	0.33088235294117646	1.3695611285266458	0.0	0	0	0	0.30434782608695654	183	0.09512469375068563	0.21212121212121213	7.010101010101012	0.23728813559322035
18	http://www.visalia.city/	0	0.0	0.3333333333333333	0	0.0	0.0	0	0	0	0	2	0.21905871905871904	0.5833333333333334	0.1076923076923077	0.3181818181818182
19	http://www.cos.edu/	0.06930693069306931	0.0	0	0	0.0	0	0	0	0	0	16	0.0	0.0	0.0	0.0
20	http://www.legacy.com/obituaries/visaliatimesdelta/	0.0546875	0.0	0	0	0	0	0	0	0	0.04242424242424243	145	0	0.1891891891891892	0.14285714285714285	0.11864406779661017
21	http://www.visalia.city/depts/convention_center/	0.03333333333333333	0.0	0.3333333333333333	0.0	0.4117647058823529	0.0	0	0	0	0.0	4	0.21212121212121213	0.20588235294117646	0.22289156626506024	0.2
22	https://www.choicehotels.com/california/visalia/comfort-suites-hotels/ca451	0.0	0.0	0	0.0	0	0.0	0	0	0	0.0	22	0.0	0.11864406779661017	0.0	0.0
23	https://www.tripadvisor.com/Hotels-g33230-Visalia_California-Hotels.html	0.08974358974358974	3.795382465193785	0.6967592592592593	0.0	0	0	0	0	0	0.08641975308641975	1	0	0.11864406779661017	3.474013357619915	0.1111111111111111
24	http://www.apartments.com/visalia-ca/	0.04216867469879518	8.976743104142487	0.25925925925925924	0.19444444444444445	0.0	0.0	0.0	0	0	0.1111111111111111	96	0.04251012145748988	0.2916666666666667	0.0	0.1346153846153846
25	http://www.careerbuilder.com/jobs-visalia	0.11290322580645161	0.5939424659608488	0.5833333333333334	0.0	0.0	13.693212669683257	0.0	0	0	0	41	0.0	0.2413793103448276	0.0	0.25
26	http://www.visaliachamber.org/	0.027777777777777776	0.0	0.0	0.0	0	0	0	0	0	0	97	0.25	0.3888888888888889	0.0	0.25925925925925924
27	http://www.visaliatimesdelta.com/news/	0.07909604519774012	0.0	0.0	0	0.9419850187265919	0.0	0.0	0.0	0	0.0875	66	0.4920837262366267	0.28	1.6994683678894207	0.28
28	http://www.usa.com/visalia-ca.htm	0.09859154929577464	0.6363636363636364	0.6363636363636364	0.15555555555555556	0	0	0	0	0	0	2	0.051899907321594066	0.3333333333333333	0	0.3333333333333333
29	https://www.facebook.com/places/Things-to-do-in-Visalia-California/112901965391324/	0.06422018348623854	2.5077993134789263	1.0	0	0	0	0	0	0	0	123	1.0578487598199735	0.1044776119402985	0.20588235294117646	0.15217391304347827
30	https://visalia.craigslist.org/search/jjj	0.21212121212121213	0.0	0	0.0	0	0	0	0	0	0	5	0.0	0.22580645161290322	0.0	0.21212121212121213
31	https://www.trulia.com/CA/Visalia/	0.0546875	20.346590909090914	0.25925925925925924	0.1590909090909091	0	0	0.0	0	0	0	4	0.0	0.3684210526315789	0.0	0.2916666666666667
32	http://www.yellowpages.com/visalia-ca	0.10687022900763359	2.6120544206532337	0.3684210526315789	0.0	0.2413793103448276	0.30434782608695654	0	0	0	0	16	0.0	0.28	0.8633333333333333	0.35
33	http://www.indeed.com/l-Visalia,-CA-jobs.html	0.09333333333333334	0.2413793103448276	0	0.0	0	0	0	0	0	0.28160919540229884	3	0.0	0.21212121212121213	6.393270944741534	0.1590909090909091
34	http://www.fandango.com/regalvisaliastadium10_aalun/theaterpage	0.04794520547945205	0.0	0.12727272727272726	0.0	0.0	0.0	0.0	0	0	0	313	0.0	0.14	0.0	0.1728395061728395
35	http://www.accuweather.com/en/us/visalia-ca/93291/weather-forecast/327141	0.08433734939759036	0.0	0.6363636363636364	0.0	0.2916666666666667	0.0	0.0	0	0	0.10606060606060606	185	0.0	0.125	0.4666666666666667	0.1346153846153846
36	http://www.visalia.backpage.com/	0.05511811023622047	0.029661016949152543	0.0	0	0.0	0	0	0	0	0.12804878048780488	35	0	0.35	0.17073170731707318	0.10144927536231885
37	https://visalia.gwfathom.com/	0	0.0	0	0	0	0	0	0	0	0	2	0	0.35	0.0	0.23333333333333334
38	http://www.topix.com/city/visalia-ca	0.15053763440860216	1.2166666666666668	0.5833333333333334	0	0	0.0	0.0	0	0	0	36	1.197446220873692	0.30434782608695654	1.5833333333333335	0.3888888888888889
39	http://koa.com/campgrounds/visalia/	0.061946902654867256	0.0	0.2	0.0	0.059322033898305086	0.0	0.0	0.0	0	0	98	0.5621245799264375	0.28	0.0	0.20588235294117646
40	http://hamptoninn3.hilton.com/en/hotels/california/hampton-inn-visalia-VISCAHX/index.html	0.04895104895104895	0.0	0	0.0	0.25925925925925924	0	0	0.0	0	0.14	73	0.7916405263438375	0.09090909090909091	6.68319869086324	0.21875
41	http://www.realtor.com/realestateandhomes-search/Visalia_CA	0.0	0.0	0	0.0	0	0	0	0	0	0	92	0.0	0.15217391304347827	0.0	0.0
42	http://www.remax.com/realestatehomesforsale/visalia-ca-p001.html	0.05303030303030303	0.0	0.3333333333333333	0.0	0.0	0	0	0.0	0	0.1810344827586207	15	0.0	0.13725490196078433	5.977401888895781	0.175
43	http://www.booking.com/city/us/visalia.html	0.047619047619047616	0.22580645161290322	0.0	0.5509259259259259	0.9061332489985241	0.6097035933101507	0	0	0	0.08536585365853659	49	5.330356185296506	0.2413793103448276	0.0	0.109375
44	https://www.groupon.com/local/visalia	0.020348837209302327	3.5232938212280223	0.4375	0.0	0.0	0.0	0.0	0.0	0	0.015384615384615385	67	12.579728020240355	0.30434782608695654	1.0	0.47138047138047134
45	http://www.californiagasprices.com/Visalia/index.aspx	0.11382113821138211	0.0	0.0	0.0	0	0	0	0	0	0	73	0.0	0.175	0.0	0.2
46	https://www.kayak.com/Visalia-Hotels.19675.hotel.ksp	0.056	0.7715837766281538	0.5	3.3312686123215967	0.2916666666666667	0	0	0	0	0	20	0.0	0.1794871794871795	1.6363636363636362	0.14
47	http://www.tularecounty.ca.gov/county/	0	0.0	0	0	0.0	0.0	0	0	0	0	25	0.0	0.0	0	0.0
48	http://www.tcoe.org/StudentEvents.shtm	0.0	0.0	0	0	0.0	0.0	0	0	0	0.06140350877192982	2	0.08546364949043325	0.0	0	0.12727272727272726
49	http://www.visaliatoyota.com/	0.061946902654867256	0.5	0	0.0	0	0	0	0	0	0.05017921146953405	15	0	0.4117647058823529	1.0073710073710074	0.07407407407407407
50	http://agency.governmentjobs.com/visalia/default.cfm	0	0.0	0	0	0	0	0	0	0	0	13	0.06363636363636363	0.16279069767441862	0	0.16666666666666666
