index	url	description	div	h1	h2	h3	h4	h5	h6	inbound_links	keywords	outbound_links	p	root	span	title
1	https://en.wikipedia.org/wiki/Walnut	0	0.38916256157635465	1.0	0.0	0.0	0	0	0	0	0	63	2.6734357794098647	0.23076923076923078	0.113869659642336	0.14634146341463414
2	http://www.cityofwalnut.org/	0	0.0	0.0	0.0	0	0	0	0	0	0	5	0.23814212395143658	0.375	0.0	0.15789473684210525
3	http://articles.mercola.com/sites/articles/archive/2014/05/19/7-walnuts-benefits.aspx#!	0.08633093525179857	0.0	0.0	0.3907563025210084	0.0	0	0.0	0	0	0.3673469387755102	160	1.171034252097271	0.0821917808219178	0.5212499168132545	0.22641509433962265
4	http://walnut-turlockusd-ca.schoolloop.com/	0	0.1016949152542373	0	0.9017527188258895	0	0	0	0	0	0	71	0	0.17142857142857143	0.0	0.17142857142857143
5	http://www.2020site.org/trees/walnut-tree.html	0.020134228187919462	0.0	0.5454545454545454	1.7529411764705882	0	0	0	0	0	0.0	0	3.1003219721096222	0.18181818181818182	0.0	0.3333333333333333
7	http://www.walnuts.org/	0.13714285714285715	0.0	0.8010733452593919	0.0	0	0	0	0	0	0.2872340425531915	20	0.5233438991320493	0.5454545454545454	0.0	1.7142857142857142
9	http://www.bbcgoodfood.com/glossary/walnut	0	0.10714285714285714	1.0	0.0	0.0	0.0	0	0	0	0	27	0.3569733154464835	0.20689655172413793	0.0	0.2727272727272727
10	https://en.wikipedia.org/wiki/Walnut,_California	0	0.2857142857142857	0.3333333333333333	0.0	0.0	0	0	0	0	0	94	0.76535853652195	0.15789473684210525	1.2634032634032633	0.11320754716981132
11	http://nutritiondata.self.com/facts/nut-and-seed-products/3138/2	0.06	0.09375	0.05128205128205128	0	0.0	0	0	0	0	0.03488372093023256	38	0.3338538654328128	0.0	0.0	0.048
12	https://nuts.com/nuts/walnuts/	0.07792207792207792	0.0	0.8571428571428571	1.8158532643826761	0.0	2.736082515692291	0.0	0	0	0	6	1.6505105586376099	0.3157894736842105	0.8571428571428571	0.3333333333333333
13	https://www.amazon.com/s?ie=UTF8	0.0	0.0	0.0	0	0.0	0	0	0	0	0.0	57	0.0	0.0	0.0	0.0
14	http://www.walnuths.net/	0	0.356060606060606	0	0.0	0	0	0	0	0	0	24	0.0	0.5	0.5130081300813008	0.3333333333333333
15	http://www.nutrition-and-you.com/walnuts.html	0.029411764705882353	0.0	0	0.2608695652173913	0.23076923076923078	0.0	0.0	0	0	0.2	45	1.0012557519908216	0.18181818181818182	0.0	0.13953488372093023
16	http://walnut-illustrations.com/	0.3	0.0	0	0	0	0	0	0	0	0.3870967741935484	4	0	0.25	0	0.3
17	http://www.walnuthillseagles.com/	0.043795620437956206	0.10344827586206896	0	0	0	0.18070652173913043	0	0	0	0.3116883116883117	6	0	0.2857142857142857	0.0	0.11764705882352941
18	http://www.thefreedictionary.com/walnut	0.15441176470588236	0.6538461538461539	1.0	7.0	0	0	0	0	0	0.10227272727272728	183	0.0	0.2222222222222222	16.824725274725274	0.23076923076923078
19	http://www.city-data.com/city/Walnut-California.html	0.17142857142857143	0.0	0	0	4.514974523586244	0	0	0	0	0	34	2.7422353961827644	0.15384615384615385	0.3333333333333333	0.03208556149732621
20	http://www.zillow.com/walnut-ca/	0.03896103896103896	0.017570487754682035	0.2857142857142857	0	0	0.3333333333333333	0.0	0.0	0	0	102	0.0	0.3157894736842105	33.935919751419156	0.21818181818181817
21	http://www.foodterms.com/encyclopedia/walnut/index.html	0.09523809523809523	0.0	0.0	0	0	0	0.6	0.0	0	0	245	0.0784313725490196	0.14634146341463414	1.0	0.16666666666666666
22	http://www.merriam-webster.com/dictionary/walnut	0.125	0.0	1.0	2.2608695652173916	0	0.0	0	0	0	0.08163265306122448	30	0.05106382978723404	0.17142857142857143	0.0	0.25
23	http://www.extension.umn.edu/garden/yard-garden/trees-shrubs/growing-black-walnut/	0.16666666666666666	0.0	0.3	2.0537878787878787	0.0	0.13953488372093023	0.0	0	0	0.3076923076923077	143	1.7972030810787099	0.09090909090909091	0.0	0.07228915662650602
24	http://www.realtor.com/realestateandhomes-search/Walnut_CA	0.0	0.0	0	0.0	0	0	0	0	0	0	92	0.0	0.13333333333333333	0.0	0.0
25	http://www.walnuts.org/cooking-with-walnuts/	0.044444444444444446	0.0	0.9500000000000001	0.0	0	0	0	0	0	0.15254237288135594	20	0.8711733679544957	0.3870967741935484	0.3	1.157142857142857
26	http://www.walnutmelbourne.com/women	0.0392156862745098	0.0	0.0	0.3157894736842105	0.2608695652173913	0	0	0	0	0.03896103896103896	147	0.0	0.25	0.0	0.0
27	https://www.britannica.com/plant/walnut-tree-and-nut	0.0	3.693601329435642	1.0	0.0	0.0	0	0	0	0	0.10714285714285714	23	0.1850550495711786	0.15789473684210525	3.3461538461538463	0.15789473684210525
28	http://www.wvusd.k12.ca.us/	0	0.0	0.0	0	0	0	0	0	0	0	19	0.20265957446808508	0.0	1.3335907335907338	0.16216216216216217
29	http://www.armstrong.com/flooring/products/hardwood/walnut/_/N-67oZ6vc	0.08163265306122448	0.0	0.25	0.1016949152542373	0.0	0.2727272727272727	0.0	0	0	0.4	9	0.0799765558397272	0.11320754716981132	1.0	0.15384615384615385
30	https://en.wiktionary.org/wiki/walnut	0	0.0	1.0	0.0	0.0	0	0	0	0	0	126	0.0	0.2222222222222222	0.8529411764705883	0.3157894736842105
32	http://www.walnutiowa.org/	0.08450704225352113	0.45053103583371046	0	0	0	0	0	0	0	0.13186813186813187	12	0.024691358024691357	0.42857142857142855	0.0	0.15384615384615385
34	http://www.walnut-creek.org/	0	0.0	0	0.375	0	0	0	0	0	0	9	0.3727272727272727	0.375	0.0	0.15
35	http://www.mcilvain.com/hardwoods/walnut/	0.08823529411764706	0.0	1.0	0.0	0.2857142857142857	0.9164835164835164	0	0	0	0	85	0.529676291744802	0.2222222222222222	0.0	0.19047619047619047
36	http://www.rockler.com/walnut-by-the-piece-3-4-thickness	0	3.6868477301505567	0.2608695652173913	0.0	0.0	0	0.0	0	0	0	225	0.0	0.13636363636363635	2.3730693824222873	0.2608695652173913
37	http://walnutstreettheatre.org/	0	0.0	0.0	0	0.0	0	0.42857142857142855	0	0	0	24	0.0	0.2608695652173913	0.0	0.14634146341463414
39	http://www.woodvendors.com/index.php/lumber/u-w-hardwoods/walnut-lumber.html	0.05660377358490566	1.097006441834028	0	0.17647058823529413	0.13043478260869565	0.0	0	0	0	0.34782608695652173	5	0	0.09836065573770492	2.0972892890275734	0.19672131147540983
40	http://www.ebay.com/sch/i.html?_nkw=walnut+lumber	0.0759493670886076	0.0	0.0	0.0	0.0	0	0	0	0	0.1565217391304348	209	0.0	0.16666666666666666	1.4285714285714286	0.2727272727272727
41	http://www.dictionary.com/browse/walnut	0.05825242718446602	0.3363054855592169	0	0	0.2608695652173913	0	0	0	0	0.26666666666666666	74	0.0	0.23076923076923078	9.974025974025974	0.3
42	http://www.healthcastle.com/walnuts-benefits-heart.shtml	0.058823529411764705	0.0	0.15789473684210525	0.0	0.7381508434639364	0	0	0	0	0.16822429906542055	54	0.5070292855957009	0.13636363636363635	0.0	0.23076923076923078
43	https://www.redfin.com/city/20628/CA/Walnut	0.09302325581395349	20.38986354775828	0.3333333333333333	1.1621621621621623	0.0	0	0	0	0	0	18	0	0.2222222222222222	11.653265650485569	0.2608695652173913
44	http://www.webmd.com/vitamins-supplements/ingredientmono-639-BLACK%20WALNUT.aspx?activeIngredientId=639	0.03488372093023256	0.0	0.5	0.0	0.1935483870967742	0.0	0.0	1.3017102196049564	0	0.03	273	0.9719153893697365	0.06666666666666667	0.10663952395865957	0.08955223880597014
45	http://black-walnuts.com/	0.12244897959183673	0.0	0.0	0.0	0.5172541743970315	0.0	0.4642857142857143	0	0	0	12	0.3385648935947943	0.35294117647058826	0.0	0.24489795918367346
46	http://www.wideplankflooring.com/product/walnut-floors	0.04580152671755725	0.0	0.46153846153846156	0.0	0	0	0	0.0	0	0.06936416184971098	26	0.17028985507246375	0.14634146341463414	0.0	0.42857142857142855
47	https://simple.wikipedia.org/wiki/Walnut	0	0.0	1.0	0.0	0.0	0	0	0	0	0	73	0.0	0.2	0.0	0.10714285714285714
48	http://www.walnuthillarts.org/	0.0	0.1935483870967742	0.2534340659340659	0.0	0	0	0	0	0	0.0	25	0.14336917562724014	0.3333333333333333	0.15384615384615385	0.14634146341463414
49	http://www.botanical.com/botanical/mgmh/w/walnut06.html	0.11320754716981132	0	1.0	0	0.0	0.0	0	0	0	0.02666666666666667	4	0.3238105556929986	0.15	0	0.25
50	http://www.wood-database.com/black-walnut/	0	0.0	0.5	0	0.0	0	0	0	0	0	94	2.9256079733566245	0.20689655172413793	0.0	0.08823529411764706
