index	url	description	div	h1	h2	h3	h4	h5	h6	inbound_links	keywords	outbound_links	p	root	span	title
1	http://cityofwatsonville.org/	0.06918238993710692	0.0	0.0	0.08396946564885496	0.3793103448275862	0.0	0	0	0	0.02119460500963391	17	0.5422291403780837	0.5238095238095238	0.7483781184820002	0.5789473684210527
2	https://en.wikipedia.org/wiki/Watsonville,_California	0	0.39285714285714285	0.4782608695652174	0.0	0.0	0	0	0	0	0	104	2.816110576633302	0.2558139534883721	2.3887447015999	0.1896551724137931
3	https://www.tripadvisor.com/Tourism-g33241-Watsonville_California-Vacations.html	0.22916666666666666	2.43618641545408	1.0282608695652176	0	0.9126766985864112	0.0	0	0	0	0.24444444444444444	25	0.34375	0.16417910447761194	1.3548387096774195	0.3492063492063492
4	https://www.mapquest.com/us/ca/watsonville-282039606	0.09734513274336283	0.0	0.4782608695652174	0	0.0	0	0	0	0	0	2	0.04119850187265917	0.2972972972972973	0.0	0.4782608695652174
5	http://www.zillow.com/watsonville-ca/	0.06918238993710692	0.031978433149736224	0.4230769230769231	0	0	1.4420703933747414	0.0	0.0	0	0	102	0.0	0.4583333333333333	26.27120607098806	0.3384615384615385
6	http://whs-pajaro-ca.schoolloop.com/	0	0.22916666666666666	0	0.0	0	0	0	0	0	0	30	0.0	0.0	0.0	0.3235294117647059
7	http://www.city-data.com/city/Watsonville-California.html	0.275	0.0	0	0	6.554229644609771	0	0	0	0	0	34	2.4017699961273395	0.25	0.4782608695652174	0.057291666666666664
8	http://www.watsonvillehospital.com/Watsonville-Community-Hospital/home.aspx	0	0.6067010309278351	0.0	0	0.0	0	0	0	0	0	4	0.0	0.3548387096774194	0.0	0.3142857142857143
9	https://www.trulia.com/CA/Watsonville/	0.08333333333333333	23.434571175950488	0.3548387096774194	0.22916666666666666	0	0	0.0	0	0	0	4	0.0	0.4782608695652174	0.0	0.39285714285714285
10	http://www.watsonvillehs.net/	0	0.22916666666666666	0	0.0	0	0	0	0	0	0	32	0.0	0.6470588235294118	0.0	0.3235294117647059
11	http://patch.com/california/watsonville	0.10091743119266056	3.2640117994100293	0.0	0.2	0.0	0	0	0	0	0	315	0.5977828054298643	0.36666666666666664	2.1137254901960785	0.11458333333333333
13	http://www.watsonvillerotary.com/	0	1.1397715730541962	0	0.0	0	0	0	0	0	0.39285714285714285	29	0.0	0.5238095238095238	0.4230769230769231	0.34375
14	http://www.realtor.com/realestateandhomes-search/Watsonville_CA	0.0	0.0	0	0.0	0	0	0	0	0	0	92	0.0	0.22	0.0	0.0
15	http://www.homes.com/for-sale/watsonville-ca/	0.12547528517110265	0.55	0.3333333333333333	0.3548387096774194	0.5238095238095238	0	0	0	0	0.11702127659574468	6	0.12452830188679245	0.3548387096774194	10.0	0.6275641025641026
16	https://www.redfin.com/city/20685/CA/Watsonville	0.15827338129496402	43.58624031007752	0.4782608695652174	1.7769357079701908	0.0	0	0	0	0	0	18	0	0.34375	10.201955296177928	0.39285714285714285
17	http://www.santacruz.org/destinations/watsonville-pajaro-valley	0	3.3435028248587564	0	0.9166666666666666	2.3833333333333333	0	0	0	0	0	102	0.0	0.22	0.2619047619047619	0.7333333333333333
18	https://www.wunderground.com/us/ca/watsonville	0.07432432432432433	0.0	0.5238095238095238	0.0	0.0	0.0	0	0	0	0.4536082474226804	5	0.0	0.3548387096774194	0.0	0.2037037037037037
19	https://www.facebook.com/places/Things-to-do-in-Watsonville-California/107551179267783/	0.09734513274336283	0.3235294117647059	1.0	0	0	0	0	0	0	0	118	0.9656156147885204	0.15492957746478872	0.39285714285714285	0.22
20	http://www.topix.com/city/watsonville-ca	0.171875	1.3250679347826086	0.6875	0	0	0.0	0.0	0	0	0	36	1.3646825396825397	0.4074074074074074	1.6875	0.5
21	http://www.realtor.com/realestateandhomes-search/95076	0.0	0.0	0	0.0	0	0	0	0	0	0	92	0.0	0.0	0.0	0.0
23	http://apartments.oodle.com/watsonville-ca/	0.04526748971193416	0.6875	0.3055555555555556	0.2972972972972973	0.0	0.0	0	0	0	0.3395061728395062	172	0.0	0.3235294117647059	12.28333333333333	0.13924050632911392
24	https://www.trulia.com/for_rent/Watsonville,CA/	0.1476510067114094	1.4628287707997853	0.3142857142857143	0.0	0.0	0.0	0.0	0	0	0	9	0.0	0.34375	27.133333333333336	0.19298245614035087
25	http://www.accuweather.com/en/us/watsonville-ca/95076/weather-forecast/337294	0.12643678160919541	0.0	0.7333333333333333	0.0	0.39285714285714285	0.0	0.0	0	0	0.15714285714285714	178	0.0	0.18333333333333332	0.5789473684210527	0.19642857142857142
26	http://www.watsonvillehospital.com/Watsonville-Community-Hospital/employment.aspx	0	0.55	0.0	0.0	0.0	0	0	0	0	0	7	0.0	0.3235294117647059	0.0	0.22916666666666666
27	https://www.vrbo.com/vacation-rentals/usa/california/central-coast/watsonville	0.07096774193548387	0.0	0.9166666666666666	0.4230769230769231	0	0.0	0	0	0	0.13496932515337423	31	0.0	0.18032786885245902	0.0	0.3142857142857143
28	https://www.groupon.com/local/watsonville-ca	0.032640949554896145	2.471946984567461	0.55	0.0	0.0	0.0	0.0	0.0	0	0.023965141612200435	82	10.802127659574468	0.36666666666666664	1.0	0.6521360069747166
29	http://koa.com/campgrounds/santa-cruz/	0.0	0.0	0.0	0.0	0.0	0.0	0.0	0.0	0	0	96	0.5238095238095238	0.0	0.0	0.16666666666666666
30	http://www.apartmentguide.com/apartments/California/Watsonville/	0.05641025641025641	0.0	0	0.7333333333333333	2.435888189640725	0.0	0.0	0	0	0	18	0.0	0.22448979591836735	2.189655172413793	0.21153846153846154
31	https://www.yelp.com/biz/miyuki-watsonville	0.0	0.22916666666666666	0.0	0.0	0.3548387096774194	0.0	0	0	0	0.0	110	0.7600834832404423	0.3793103448275862	1.0	0.10784313725490197
32	http://www.zillow.com/watsonville-ca/rent-houses/	0.0728476821192053	0.031163036128817382	0.36666666666666664	0	0	0.0	0.0	0.0	0	0	105	0.6251920122887865	0.3142857142857143	12.788100465840401	0.2037037037037037
33	http://www.recovery.org/browse/watsonville-ca/	0.07432432432432433	0.4130867709815078	0.15942028985507245	0.1746031746031746	0.0	0.2619047619047619	0	0	0	0	15	0.11425619222147229	0.34375	19.0	0.2619047619047619
34	https://www.tripadvisor.com/Attractions-g33241-Activities-Watsonville_California.html	0.10509554140127389	5.4257759784075565	0.7652752571082879	0.34375	0	0	0	0	0	0.210727969348659	1	0	0.1527777777777778	2.3548387096774195	0.16296296296296298
35	http://www.santacruz.org/	0	0.0	0	0.0	0.9166666666666666	0	0	0	0	0	23	0.10679611650485436	0.0	0.22	0.0
36	http://local.dmv.org/california/santa-cruz-county/watsonville/90-alta-vista-ave./dmv-office-locations.php	0.14102564102564102	0.0	0.4489795918367347	0	0	0	0	0	0	0	22	0.7682926829268293	0.11827956989247312	0.5	0.3728813559322034
37	http://www.century21.com/real-estate/WATSONVILLE-CA-95076/LZ95076/	0.08870967741935484	3.5813953488372094	0.0	1.863076923076923	0.0	0.0	0	0	0	0.18911174785100288	27	0.0	0.21568627450980393	2.9615384615384612	0.3235294117647059
38	http://www.indeed.com/l-Watsonville,-CA-jobs.html	0.13924050632911392	0.3333333333333333	0	0.0	0	0	0	0	0	0.3811881188118812	3	0.0	0.2972972972972973	8.810599543433858	0.22916666666666666
39	http://www.pamf.org/urgent-care/watsonville/	0.08208955223880597	0.0	0.36666666666666664	0	0.0	0	0	0	0	0.2857142857142857	4	0.044	0.36666666666666664	0.0	0.16923076923076924
40	http://www.youtube.com/watch?v=pdcNus7y2mU	0.0	0.0	0.0	0	0.0	0.0	0	0	0	0.0	8	0.0	0.0	4.112468327665587	0.2894736842105263
41	http://www.goldsgym.com/watsonvilleca/	0.12643678160919541	0.0	0.0	0.0	0.0	0	0	0	0	0	28	0.0	0.44	2.0	0.5088357588357588
42	http://www.apartmenthomeliving.com/watsonville-ca	0.13095238095238096	0.3793103448275862	0.0	0.5432926829268293	0.0	0.9937275985663082	0	0	0	0	162	0.14856456684204705	0.2972972972972973	0.0	0.4489795918367347
43	http://www.chevroletofwatsonville.com/	0.048672566371681415	0.055	0.1746031746031746	0.48947368421052634	0.20754716981132076	0.0	0	0	0	0.240625	19	0.08396946564885496	0.4230769230769231	1.4583333333333333	0.13414634146341464
45	http://www.greatschools.org/california/watsonville/	0.1476510067114094	2.75	0.5789473684210527	0.0	0.0	0.0	0	0	0	0.41397849462365593	18	0.0	0.2972972972972973	4.733333333333333	0.275
46	http://www.watsonville.com/	0	0.0	0	0	0	0	0	0	0	0	1	0	0.7333333333333333	0	0.0
48	http://watsonville65.com/	0.07333333333333333	0.0	0.0	0	0	0	0	0	0	0.2894736842105263	2	0.0	0.6470588235294118	2.2543287566742944	0.4
49	https://en.wikipedia.org/wiki/Watsonville_(play)	0	0.0	0	0.0	0.0	0	0	0	0	0	12	0.0	0.2894736842105263	0.0	0.20754716981132076
50	http://www.californiabeaches.com/central/santa-cruz-county/watsonville/	0.06043956043956044	0.0	1.0	0.6470588235294118	0	0	0	0	0	0	66	0.3279311724689876	0.19642857142857142	1.0217391304347827	0.23404255319148937
