index	url	description	div	h1	h2	h3	h4	h5	h6	inbound_links	keywords	outbound_links	p	root	span	title
1	http://crosswordheaven.com/clues/brawls	0.1948051948051948	0.0	0	1.25	0.0	0	0	0	0	0.0	0	0.0	0.46875	0.0	0.30000000000000004
2	http://www.youtube.com/playlist?list=PLF56393CBD0E3066B	0	0.0	0.0	0	0.0	0	0	0	0	0	2	0.0	0.0	0.0	0.0
3	http://www.thefreedictionary.com/brawls	0.5597014925373135	0.44779367918902796	3.0	36.0	0	0	0	0	0	0.2556818181818182	168	0.0	0.5357142857142857	36.58860378597222	0.576923076923077
5	http://www.youtube.com/watch?v=mq6XyaAcgHo	0.0	0.0	0.0	0	0.09090909090909091	0.0	0	0	0	0	3	0.0	0.0	10.659565391153519	0.3409090909090909
6	http://www.thesaurus.com/browse/brawl	0.12295081967213115	0.0	3.0	0.0	0	0	0	0	0	1.1764705882352942	14	0.22464815519208825	0.576923076923077	11.2	0.6521739130434783
7	http://www.dictionary.com/browse/brawl	0.234375	0.215	0	0	3.681818181818181	0	0	0	0	0.6976744186046512	27	0.11212121212121211	0.5555555555555556	47.688041125541126	0.7894736842105263
8	http://www.bawls.com/	0.007462686567164179	0	0	0.0	0	0	0	0.0	0	0	12	0.09585622888964791	0.0	0	0.0
9	https://www.merriam-webster.com/dictionary/brawl	0.3846153846153846	0.0	3.0	19.81636967683479	0	0.0	0.0	0.0	0	0.3614457831325301	33	0.0	0.4166666666666667	0.0	0.6521739130434783
10	http://ghettofights.com/	0	0.0	0	0.0	0	0	0	0	0	0	1	0	0.0	0.2222222222222222	0.0
11	http://www.cnn.com/2016/12/27/us/mall-disturbances-after-christmas/index.html	0.11724137931034483	0.3828722503609336	0.0	0.0	0.125	0.0	0	0	0	0.0	35	0.0	0.0	1.3315500289184499	0.0
12	http://realfight.com/index.html	0.21844660194174756	0	0	0	0	0	0	0	0	0.2285714285714286	52	0	0.0	0.9507317481140125	0.40540540540540543
13	https://www.washingtonpost.com/news/monkey-cage/wp/2014/10/14/huge-brawls-in-legislatures-explained/	0	0.0	0.39473684210526316	0	0	0	0	0	0	0.11194029850746268	21	1.0630443303241184	0.17045454545454544	0.0	0.25
14	http://www.chicagotribune.com/news/nationworld/ct-mall-brawls-20161227-story.html	0.0	0.0	0.22666666666666668	0	0	0	0	0	0	0.4166666666666667	0	0.6106801450687338	0.21428571428571427	2.727272727272727	0.1827956989247312
15	http://gta.wikia.com/wiki/Brawls	0.4838709677419355	1.412202380952381	2.5	2.8333333333333335	0.0	0	0	0	0	0.08717948717948718	43	0.08875739644970414	0.6000000000000001	0.034482758620689655	0.3953488372093023
16	http://bleacherreport.com/articles/2615512-10-of-the-best-brawls-in-mma-history	0	0.0	0.4166666666666667	0.5272727272727273	0	0	0	0	0	0	11	0.6300088141492651	0.20833333333333334	0.4444444444444444	0.2777777777777778
17	http://www.cnn.com/videos/us/2016/12/28/mall-brawls-post-christmas-sidner-dnt-ac.cnn	0.014598540145985401	0.034482758620689655	0	0.75	0.0	0.0	0	0	0	0.26785714285714285	16	0.0	0.2054794520547945	0.75	0.2884615384615385
18	http://elderscrolls.wikia.com/wiki/Brawling	0.17346938775510204	0.8121850033887167	1.875	0.3333333333333333	0.0	0	0	0	0	0.08152173913043478	42	0.40566770186335405	0.4166666666666667	1.0344827586206897	0.34
19	http://www.bawls.com/	0.007462686567164179	0	0	0.0	0	0	0	0.0	0	0	12	0.09585622888964791	0.0	0	0.0
21	http://elderscrolls.wikia.com/wiki/Brawling	0.17346938775510204	0.8121850033887167	1.875	0.3333333333333333	0.0	0	0	0	0	0.08152173913043478	42	0.40566770186335405	0.4166666666666667	1.0344827586206897	0.34
22	http://www.msn.com/en-us/sports/more-sports/brawls-in-sports/ss-BBcNERo	0.9375	0.0	0.9375	0.11323763955342903	0	0	0	0	0	0	11	0.24425192336037693	0.25	0.09523809523809523	0.9375
23	http://supersmashbros.wikia.com/wiki/Super_Smash_Bros._Brawl	0.14563106796116504	1.1010101010101008	0.6521739130434783	0.3333333333333333	0.0	0	0	0	0	0.09895833333333334	59	0.5451102827802515	0.28301886792452835	0.5900383141762452	0.27419354838709675
24	http://www.crosswordnexus.com/clue/brawls	0.1948051948051948	0	0	2.5	0	0.0	0	0	0	0.0	1	0.0	0.5	0.0	0.3571428571428571
25	http://www.sportingnews.com/other-sports/photos/sports-brawls-you-wont-forget/17bf4u6z0iv901w9j3kps8voc8	0	1.8078554251947427	0	0	0	0	0	0	0	0	53	0	0.16129032258064516	0.5925925925925926	0.32608695652173914
26	http://www.dailymail.co.uk/news/article-4064330/Massive-brawls-break-New-Jersey-Alabama-Georgia-malls-minute-holiday-shoppers.html	0.0	0.0	0.09497206703910614	0.0	0.2	0	0	0	0	0.1948051948051948	26	0.09745189617845239	0.12605042016806722	0.3796796546650444	0.1388888888888889
27	https://www.amazon.com/Ghetto-Brawls/dp/B0002JP3ME	0.39473684210526316	0.19997233343098003	0	0.034482758620689655	0.0	0.0	0	0	0	0.25	37	0.0	0.39473684210526316	1.477920227920228	0.4545454545454546
28	https://www.amazon.com/Sports-Genre-for-Featured-Categories-Movies-TV/b?ie=UTF8&node=2958776011	0.0	0.0	0	0.2583333333333333	0.0	0.0	0	0	0	0.0	36	0.0	0.0	0.708008658008658	0.0
29	https://www.rt.com/news/369499-finland-protest-far-right/	0.0	0.0	0.1724137931034483	0	0	0	0	0	0	0	5	0.11627906976744186	0.0	0.0	0.15463917525773196
30	http://www.miniclip.com/games/saloon-brawl/en/	0.3896103896103896	0.0	1.25	0.0	0.0	0	0	0	0	0	8	0.13157894736842105	0.42857142857142855	2.5	0.42857142857142855
31	http://www.overpwn.com/news/151-a-full-list-of-datamined-overwatch-brawls-in-patch	0.1935483870967742	0.13392857142857142	0	0.6337108013937282	0.0	0	0	0	0	0	25	1.6008626343104684	0.2112676056338028	0.373206464624375	0.2054794520547945
32	http://www.overpwn.com/news	0	0.0	0	0.08695652173913043	0	0.0	0	0	0	0	31	0.0	0.0	0.0	0.0
33	http://www.y8.com/games/the_brawl	0.3214285714285714	0.047619047619047616	1.0714285714285714	0.0	0	0	0.0	0	0	0.0	4	7.056732798190085	0.6818181818181818	0.75	0.42857142857142855
34	http://nypost.com/tag/brawls/	0	0.49053926518412444	0.3333333333333333	2.5277777777777777	0.0	0	0	0	0	0	34	0.0	0.6818181818181818	0.0	0.6818181818181818
35	http://hearthstone.gamepedia.com/Tavern_Brawl	0	0.0	1.25	0.0	0.0	0	0	0	0	0	84	7.681819518699283	0.39473684210526316	7.551834130781502	0.29411764705882354
36	http://www.dailymail.co.uk/news/article-3091092/3D-hardcore-porn-film-featuring-explicit-orgies-nudity-transvestite-prostitute-sparks-brawls-Cannes-desperate-cinemagoers-try-midnight-screening.html	0.0106951871657754	0.0	0.08875739644970414	0.0	0.2	0	0	0	0	0.10416666666666667	19	0.016666666666666666	0.08064516129032258	0.5874492651192187	0.21428571428571427
37	https://en.wikipedia.org/wiki/Brawl	0	0.0	3.0	0.0	0.0	0	0	0	0	0	9	0	0.5555555555555556	0.0	0.8823529411764706
38	http://www.wordreference.com/enit/brawl	0.1948051948051948	0.0	0.0	0	3.0	0	0	0	0	0	5	3.0	0.5357142857142857	3.294117647058824	0.30612244897959184
39	http://www.hearthhead.com/card=75/brawl	0.2222222222222222	0	0	0	0	0	0	0	0	0	0	0	0.5357142857142857	0	0.3409090909090909
40	https://homes.sc.egov.usda.gov/	0	0	0	0	0	0	0	0	0	0	19	0.0	0.0	0.0	0.0
41	http://money.cnn.com/video/technology/2016/11/25/black-friday-brawls.cnnmoney/index.html	0.234375	0.0	0	0.234375	0.0	0	0	0	0	0.0	10	0.0	0.18518518518518517	0.0	0.375
42	https://www.theguardian.com/sport/2016/dec/08/boxing-brawls-junior-joe-cole-plus-bob-paisley-this-is-your-life	0.0	0.0	0.22058823529411764	0.0	0.0	0	0	0	0	0.0	48	0.0	0.15306122448979592	0.0	0.16483516483516483
43	https://www.theguardian.com/us/sport	0.0	0.027046783625730993	0.0	0.0	0.0	0	0	0	0	0	7	0.0	0.0	0.289908471749904	0.0
44	https://www.theguardian.com/sport/boxing	0	0.043642611683848795	0.0	0.0	0.0	0	0	0	0	0	2	0	0.0	0.1748437031045727	0.0
45	http://www.dailymail.co.uk/news/article-4064330/Massive-brawls-break-New-Jersey-Alabama-Georgia-malls-minute-holiday-shoppers.html	0.0	0.0	0.09497206703910614	0.0	0.2	0	0	0	0	0.1948051948051948	26	0.09745189617845239	0.12605042016806722	0.3796796546650444	0.1388888888888889
46	http://www.hearthhead.com/card=75/brawl	0.2222222222222222	0	0	0	0	0	0	0	0	0	0	0	0.5357142857142857	0	0.3409090909090909
47	http://www.tmz.com/2015/05/04/las-vegas-fight-pool-party-video-ludacris-hard-rock-hotel-rehab/	0.014184397163120567	0.2884615384615385	0	0.0	0.0	0	0	0	0	0	57	0.3143551428158291	0.0	0.75	0.23809523809523808
48	http://allrookie.com/12-insane-mlb-brawls-when-players-traded-fists-for-mits/	0	0.0	0.26785714285714285	0	0	0	0	0.0	0	0	2	0.25679973314916604	0.21428571428571427	0.0	0.26785714285714285
49	https://www.reddit.com/r/heroesofthestorm/comments/59ttpd/brawls_are_for_fun/	0.0136986301369863	0.02702702702702703	0.0	0	0	0	0	0	0	0.0	39	25.756642870202725	0.23076923076923078	0.4117647058823529	0.40540540540540543
50	http://www.newsmax.com/TheWire/mall-brawls-christmas-weekend/2016/12/27/id/765777/	0.058823529411764705	0.560906862745098	0.25	0	0	0	0	0	0	0.46875	10	0.13642811241203115	0.2112676056338028	0.0	0.25
51	http://www.trutv.com/shows/top20-most-shocking/videos/bar-brawl.html	0.375	1.6666666666666667	1.6666666666666667	0.0	0	0	0	0	0	0	8	0.75	0.2631578947368421	0.25886943897319237	0.4545454545454546
