index	url	description	div	h1	h2	h3	h4	h5	h6	inbound_links	keywords	outbound_links	p	root	span	title
1	http://febreze.com/	0	0.0	0	0.0	0.0	0.0	0	0	0	0	28	0.0	0.0	0.0	0.6428571428571429
2	https://www.walmart.com/browse/household-essentials/air-fresheners/1115193_1025739	0.04918032786885246	0.5376184640522875	0	0.0	0.0	0	0.0	0.0	0	0	11	0.0	0.12857142857142856	0.6428571428571429	0.32142857142857145
3	https://www.walmart.com/cp/household-essentials/1115193	0.0	0.0	0.0	0.0	0.0	0	0.0	0.0	0	0	11	0.0	0.0	1.0714285714285714	0.0
4	http://www.staples.com/Air-Fresheners-Deodorizers/cat_CL142818	0.11612903225806452	0.0	0.6428571428571429	0	0	0	0	0	0	0	33	0.0	0.17647058823529413	0.7302823758519961	0.6428571428571429
5	http://www.target.com/c/air-fresheners-household-essentials/-/N-5xsz0	0	0	0	0	0	0	0	0	0	0	0	0	0.15517241379310345	0	0.0
6	http://www.target.com/c/household-essentials/-/N-5xsz1	0	0	0	0	0	0	0	0	0	0	0	0	0.0	0	0.0
7	https://en.wikipedia.org/wiki/Air_freshener	0	0.0	0.6923076923076923	0.0	0.0	0	0	0	0	0	29	0.7730802504399076	0.2571428571428571	0.0	0.36
8	http://www.dollargeneral.com/cleaning/air-fresheners.html	0.07964601769911504	0	0	1.2857142857142858	0.0	0	0	0	0	0.36	12	0.5137332738829161	0.1956521739130435	0.6428571428571429	0.2727272727272727
9	http://www.airfreshenersandmore.com/	0.12841854934601665	0	0.0	0	0	0	0	0	0	0.0972972972972973	0	0.342978455908283	0.36	11.200000000000001	0.23893805309734514
10	http://www.homedepot.com/b/Cleaning-Air-Care-Air-Fresheners/N-5yc1vZcb2j	0.10975609756097561	0.0	0.6428571428571429	0	0.0	0.0	0	0	0	0.2647058823529412	17	0.0	0.14754098360655737	0.670464504820333	0.3333333333333333
11	http://www.homedepot.com/b/Cleaning/N-5yc1vZbqsi	0.0	0.0	0.0	0	0.0	0	0	0	0	0	10	0.0	0.0	0.0	0.0
12	http://www.homedepot.com/b/Cleaning-Air-Care/N-5yc1vZcb47	0.0	0.0	0.0	0	0.0	0.0	0	0	0	0.0	17	0.0	0.0	0.0	0.0
13	https://www.renuzit.com/	0.06428571428571428	0	0.0	0.0	0.0	0	0	0	0	0.0	8	0.0430622009569378	0.0	0.3333333333333333	0.375
14	http://www.homedepot.com/b/Cleaning-Air-Care-Air-Fresheners-Automatic-Air-Freshener-Dispensers-Refills/N-5yc1vZcb32	0.08035714285714286	0.0	0.2647058823529412	0	0.0	0.0	0	0	0	0.225	16	0.0	0.17307692307692307	0.32000555200843905	0.5079491255961844
15	http://www.homedepot.com/b/Cleaning-Air-Care/N-5yc1vZcb47	0.0	0.0	0.0	0	0.0	0.0	0	0	0	0.0	17	0.0	0.0	0.0	0.0
16	http://www.homedepot.com/b/Cleaning-Air-Care-Air-Fresheners/N-5yc1vZcb2j	0.10975609756097561	0.0	0.6428571428571429	0	0.0	0.0	0	0	0	0.2647058823529412	17	0.0	0.14754098360655737	0.670464504820333	0.3333333333333333
17	https://www.renuzit.com/	0.06428571428571428	0	0.0	0.0	0.0	0	0	0	0	0.0	8	0.0430622009569378	0.0	0.3333333333333333	0.375
18	https://www.amazon.com/Best-Sellers-Automotive-Air-Fresheners/zgbs/automotive/15735121	0.0743801652892562	0.5830721003134796	0.0	0	0.25	0	0	0	0	0	36	0.0989010989010989	0.12162162162162163	1.2857142857142858	0.225
19	http://febreze.com/en-us/	0	0.0	0	0.0	0.0	0.0	0	0	0	0	28	0.0	0.0	0.0	0.6428571428571429
20	http://www.sears.com/automotive-basics-emergency-travel-general-items-car-air-fresheners/b-1289771405	0	0.0	0	0	0	0	0	0	0	0	9	0.0	0.1	0.0	0.0
21	http://www.staples.com/Air+Fresheners/directory_Air+Fresheners	0.6428571428571429	0.0	0.6428571428571429	0	0	0	0	0	0	0	33	0.0	0.35294117647058826	2.2999461223328015	0.6428571428571429
22	https://www.walmart.com/c/kp/automatic-air-fresheners	0	0.375	0	0.0	0.0	0	0.0	0.0	0	0	13	0.0	0.21951219512195122	0.0	0.375
23	https://www.walmart.com/browse/household-essentials/air-fresheners/1115193_1025739	0.04918032786885246	0.5376184640522875	0	0.0	0.0	0	0.0	0.0	0	0	11	0.0	0.12857142857142856	0.6428571428571429	0.32142857142857145
24	http://www.airwick.us/products/automatic-sprays/	0.060810810810810814	0.0	0.2571428571428571	0.0	0.0	0.0	0	0	0	0.08737864077669903	58	0.0	0.0	0.0	0.2
25	http://www.homedepot.com/b/Cleaning-Air-Care-Air-Fresheners-Automatic-Air-Freshener-Dispensers-Refills/N-5yc1vZcb32	0.08035714285714286	0.0	0.2647058823529412	0	0.0	0.0	0	0	0	0.225	16	0.0	0.17307692307692307	0.32000555200843905	0.5079491255961844
26	http://www.homedepot.com/b/Cleaning-Air-Care/N-5yc1vZcb47	0.0	0.0	0.0	0	0.0	0.0	0	0	0	0.0	17	0.0	0.0	0.0	0.0
27	http://www.homedepot.com/b/Cleaning-Air-Care-Air-Fresheners/N-5yc1vZcb2j	0.10975609756097561	0.0	0.6428571428571429	0	0.0	0.0	0	0	0	0.2647058823529412	17	0.0	0.14754098360655737	0.670464504820333	0.3333333333333333
28	http://www.melaleuca.com/ProductStore/SubCategory/49	0.0	0.6428571428571429	0	0	0.0	0	0	0	0	0.11538461538461539	9	0.28035714285714286	0.0	0.6428571428571429	0.6428571428571429
29	https://www.glade.com/	0.0	0	0.0	0	0	0	0	0	0	0.19672131147540983	22	0.0	0.0	0.0	0.0
30	http://freshens.com/	0	0	0	0.0	0	0	0.0	0	0	0	7	0.0	0.0	0.0	0.0
31	http://www.theyummylife.com/Natural_Room_Scents	0.0	0.0	0.0	0.0	0	0	0	0	0	0	60	0.15319933989288828	0.0	0.0	0.0
32	http://carairfreshners.com/	0.14516129032258066	0.2571428571428571	0.2727272727272727	0	0	0.0	0	0	0	0.3409090909090909	2	0.3746664758973249	0.0	0.8570967164165434	0.1836734693877551
33	http://www.ebay.com/bhp/car-air-freshener	0.1956521739130435	1.6287098147753887	0.5	0.875	0.0	0	0	0	0	0	2	0.1745563993940678	0.3	1.0261124121779859	0.375
34	https://www.littletrees.com/	0.0371900826446281	0	0.0	0	0.0	0.0	0	0	0	0	0	0.0	0.0	0	0.13846153846153847
35	http://www.halfords.com/motoring/car-accessories/air-fresheners	0.09278350515463918	0.34615384615384615	0.6428571428571429	0.0	0.0	0	0	0	0	0	13	0.13794049235972874	0.17307692307692307	0.0	0.5142857142857142
36	http://freshproducts.com/	0.0	0	0	0.0	0	0.0	0	0	0	0.10344827586206896	5	0.0	0.0	0.6428571428571429	0.0
37	http://www.thankyourbody.com/homemade-air-freshener/	0.06040268456375839	0.0	0.14754098360655737	0.9398601398601398	0.0	0.0	0	0.0	0	0	13	1.926444752616029	0.21951219512195122	0.14754098360655737	0.3103448275862069
38	http://www.whatsinsidescjohnson.com/us/en/brands/glade	0.0	4.068405940871111	0	0.0	0.47368421052631576	0	0	0	0	0	9	0.0	0.0	0.0	0.0
39	http://www.epromos.com/custom-car-air-fresheners/_/N-13775	0.060810810810810814	0.0	0.36	0	0.0	0	0.0	0.0	0	0	13	1.6666027765361986	0.19148936170212766	0.0	0.16071428571428573
41	http://www.myairfreshener.com/	0	0.0	0	0	0	0	0	0	0	0.4315068493150685	15	0.58125	0.47368421052631576	0	0.0
42	https://www.glade.com/en/products/sprays/sense-and-spray-automatic-freshener	0.0	0.0	0.34615384615384615	0.0	0.0	0	0	0	0	0.06666666666666667	30	0.0	0.140625	0.0	0.0
43	http://www.target.com/c/air-fresheners-household-essentials/air-freshener-refills/-/N-5xsz0Z55ro7	0	0	0	0	0	0	0	0	0	0	0	0	0.20930232558139536	0	0.0
44	http://www.target.com/c/household-essentials/-/N-5xsz1	0	0	0	0	0	0	0	0	0	0	0	0	0.0	0	0.0
48	https://gimmethegoodstuff.org/safe-product-guides/air-fresheners/	0.060810810810810814	0.0	0.3103448275862069	0	1.34483648106699	0.0	0.0	0	0	0	43	1.2816439136843842	0.15789473684210525	0.0	0.17307692307692307
49	http://www.airdelights.com/	0.05325443786982249	0.0	0.0	0	0.0	0.0	0	0	0	0.08108108108108109	6	0.15789473684210525	0.0	0.0	0.1232876712328767
50	https://www.cpsc.gov/Recalls/2002/CPSC-SC-Johnson-Announce-Recall-of-Glade-Extra-Outlet-Scented-Oil-Air-Fresheners/	0	0.0	0.23076923076923078	0.0	0	0.0	0	0	0	0	19	0.13432835820895522	0.08737864077669903	0.0	0.0967741935483871
51	https://www.cpsc.gov/Recalls	0	0.0	0.0	0.0	0	0.0	0	0	0	0	17	0.0	0.0	0.0	0.0
52	https://sefalanaonline.com/product-category/non-edible-groceries/air-fabric-fresheners/air-fresheners/	0	0.0	0.6428571428571429	0	0.0	0	0	0	0	0	18	0.6428571428571429	0.19148936170212766	1.1722689075630253	0.1956521739130435
53	http://www.instructables.com/id/Homemade-Air-Freshener-Gel/	0.021101992966002344	0.35581496818442504	0.34615384615384615	0	0.0	0.2727272727272727	0	0	0	0	12	0.2169934640522876	0.1875	0.0	0.28125
54	https://www.kleen-ritecorp.com/c-550-auto-air-fresheners.aspx	0.125	0.0	0.47368421052631576	0	0	0.0	0	0	0	0.140625	44	0.0	0.1836734693877551	0.5772727272727273	0.1836734693877551
55	http://www.ebay.com/bhp/little-trees	0.10344827586206896	3.0699246819926613	0.0	0.0	0.0	0	0	0	0	0	2	0	0.0	0.0	0.2571428571428571
56	http://www.myairfreshener.com/	0	0.0	0	0	0	0	0	0	0	0.4315068493150685	15	0.58125	0.47368421052631576	0	0.0
57	http://stores.ebay.com/SixityAuto/Air-Fresheners-/_i.html?_fsub=9678651010	0.0	0.0	0.6428571428571429	0.0	0	0	0	0	0	0.0	141	0	0.13432835820895522	1.2857142857142858	0.0
58	http://stores.ebay.com/SixityAuto	0.0	0.0	0.0	0.0	0	0	0	0	0	0.0	141	0	0.0	0.0	0.0
59	http://www.officedepot.com/a/browse/air-fresheners/N=5+530553/	0.05421686746987952	0.0	0.6428571428571429	0.0	1.301948051948052	0	0	0	0	0.42857142857142855	13	0.23000110679965624	0.17647058823529413	2.4983766233766236	0.225
60	http://www.yankeecandle.com/	0	0.0	0	0	0.0	0.0	0.0	0	0	0	17	0.2571428571428571	0.0	0.0	0.2727272727272727
61	https://www.carid.com/air-fresheners/	0.06	1.4932959426319192	0.6428571428571429	0.0	0	0	0	0	0	0.11842105263157894	1	0.176711571889716	0.36	5.934794652635403	0.2903225806451613
62	https://www.carid.com/exterior-accessories.html	0.0	0.0	0.0	0.0	0	0	0	0	0	0.0	1	0.0	0.0	0.0	0.0
63	https://www.carid.com/auto-detailing.html	0.0	0.0	0.0	0.0	0	0	0	0	0	0.0	0	0.0	0.0	1.2857142857142858	0.0
64	https://www.costco.com/air-fresheners.html	0.13636363636363635	0.0	0	0	0.0	0	0	0	0	0	5	0.0	0.3	0.0	0.6428571428571429
65	https://www.costco.com/janitorial-cleaning-products.html	0.0	0	0.0	0.0	0.6428571428571429	0	0	0	0	0	5	0.0	0.0	0.0	0.0
66	http://www.airscent.com/	0.0	0.0	0.0	0.42857142857142855	0.645933014354067	0.0	0	0	0	0.1348314606741573	14	0.0	0.0	1.3804945054945055	0.42857142857142855
67	https://sefalanaonline.com/product-category/non-edible-groceries/air-fabric-fresheners/air-fresheners/	0	0.0	0.6428571428571429	0	0.0	0	0	0	0	0	18	0.6428571428571429	0.19148936170212766	1.1722689075630253	0.1956521739130435
