index	url	description	div	h1	h2	h3	h4	h5	h6	inbound_links	keywords	outbound_links	p	root	span	title
1	http://febreze.com/	0	0.0	0	0.0	0.0	0.0	0	0	0	0	28	0.0	0.0	0.0	0.6428571428571429
2	http://www.homedepot.com/b/Cleaning-Air-Care-Air-Fresheners/N-5yc1vZcb2j	0.10975609756097561	0.0	0.6428571428571429	0	0.0	0.0	0	0	0	0.2647058823529412	17	0.0	0.14754098360655737	0.670464504820333	0.3333333333333333
3	http://www.homedepot.com/b/Cleaning/N-5yc1vZbqsi	0.0	0.0	0.0	0	0.0	0	0	0	0	0	10	0.0	0.0	0.0	0.0
4	http://www.homedepot.com/b/Cleaning-Air-Care/N-5yc1vZcb47	0.0	0.0	0.0	0	0.0	0.0	0	0	0	0.0	17	0.0	0.0	0.0	0.0
5	http://www.staples.com/Air-Fresheners-Deodorizers/cat_CL142818	0.11612903225806452	0.0	0.6428571428571429	0	0	0	0	0	0	0	33	0.0	0.17647058823529413	0.7302823758519961	0.6428571428571429
6	http://www.target.com/c/air-fresheners-household-essentials/-/N-5xsz0	0	0	0	0	0	0	0	0	0	0	0	0	0.15517241379310345	0	0.0
7	http://www.target.com/c/household-essentials/-/N-5xsz1	0	0	0	0	0	0	0	0	0	0	0	0	0.0	0	0.0
8	https://en.wikipedia.org/wiki/Air_freshener	0	0.0	0.6923076923076923	0.0	0.0	0	0	0	0	0	29	0.7730802504399076	0.2571428571428571	0.0	0.36
9	https://www.walmart.com/browse/household-essentials/air-fresheners/1115193_1025739	0.04918032786885246	0.473003079436903	0	0.0	0.0	0	0.0	0.0	0	0	11	0.0	0.12857142857142856	0.6428571428571429	0.32142857142857145
10	https://www.walmart.com/cp/household-essentials/1115193	0.0	0.6428571428571429	0.0	0.0	0	0	0.0	0.0	0	0	11	0.0	0.0	1.0714285714285714	0.0
11	https://www.renuzit.com/	0.06428571428571428	0	0.0	0.0	0.0	0	0	0	0	0.0	8	0.0430622009569378	0.0	0.3333333333333333	0.375
12	https://www.amazon.com/Air-Fresheners/b?ie=UTF8&node=15735121	0.0891089108910891	0.0	0	2.604179696761241	0.0	0.0	0.0	0	0	0.20454545454545456	36	0.0	0.1836734693877551	2.3445378151260505	0.14754098360655737
13	https://www.pepboys.com/accessories/air_fresheners/	0.28125	0.0	0.6428571428571429	0	0.375	0.391304347826087	0	0	0	0.32142857142857145	7	0.05	0.23076923076923078	0.0	0.34615384615384615
14	https://www.pepboys.com/accessories	0.0	0.0	0.0	0	0.0	0.0	0	0	0	0.0	7	0.0	0.0	0.0	0.0
15	https://www.pepboys.com/accessories/air_fresheners	0.28125	0.0	0.6428571428571429	0	0.375	0.391304347826087	0	0	0	0.32142857142857145	7	0.05	0.23684210526315788	0.0	0.34615384615384615
16	http://www.dollargeneral.com/cleaning/air-fresheners.html	0.07964601769911504	0	0	1.2857142857142858	0.0	0	0	0	0	0.36	12	0.5137332738829161	0.1956521739130435	0.6428571428571429	0.2727272727272727
17	https://www.pepboys.com/accessories/air_fresheners/	0.28125	0.0	0.6428571428571429	0	0.375	0.391304347826087	0	0	0	0.32142857142857145	7	0.05	0.23076923076923078	0.0	0.34615384615384615
18	https://www.pepboys.com/accessories	0.0	0.0	0.0	0	0.0	0.0	0	0	0	0.0	7	0.0	0.0	0.0	0.0
19	https://www.pepboys.com/accessories/air_fresheners	0.28125	0.0	0.6428571428571429	0	0.375	0.391304347826087	0	0	0	0.32142857142857145	7	0.05	0.23684210526315788	0.0	0.34615384615384615
20	http://www.ebay.com/bhp/car-air-freshener	0.1956521739130435	1.8947196669921371	0.5	0.875	0.0	0	0	0	0	0	2	0.1745563993940678	0.3	0.8488396849052586	0.375
21	https://www.renuzit.com/	0.06428571428571428	0	0.0	0.0	0.0	0	0	0	0	0.0	8	0.0430622009569378	0.0	0.3333333333333333	0.375
22	http://www.dollargeneral.com/cleaning/air-fresheners.html	0.07964601769911504	0	0	1.2857142857142858	0.0	0	0	0	0	0.36	12	0.5137332738829161	0.1956521739130435	0.6428571428571429	0.2727272727272727
23	http://www.staples.com/Air+Fresheners/directory_Air+Fresheners	0.6428571428571429	0.0	0.6428571428571429	0	0	0	0	0	0	0	33	0.0	0.35294117647058826	2.2999461223328015	0.6428571428571429
24	http://www.airwick.us/products/decorative-solid-room-fresheners/	0.059602649006622516	0.0	0.42857142857142855	0.0	0.0	0.0	0	0	0	0.23478260869565218	52	0.0	0.16981132075471697	0.0	0.735
25	https://www.walmart.com/c/kp/automatic-air-fresheners	0	0.375	0	0.0	0.0	0	0.0	0.0	0	0	13	0.0	0.21951219512195122	0.0	0.375
26	http://www.melaleuca.com/ProductStore/SubCategory/49	0.0	0.6428571428571429	0	0	0.0	0	0	0	0	0.11538461538461539	9	0.28035714285714286	0.0	0.6428571428571429	0.6428571428571429
27	https://www.walgreens.com/q/air-freshener	0.16363636363636364	0.0	0.6923076923076923	0.6923076923076923	0	0.0	0	0	0	0	1	0.08866995073891626	0.3103448275862069	0.0	0.36
28	http://www.airwick.us/?gclsrc=aw.ds	0.09183673469387756	0.0	0	0.0	0.0	0	0	0	0	0.04326923076923077	51	0.0	0.0	0.0	0.375
29	https://gimmethegoodstuff.org/safe-product-guides/air-fresheners/	0.060810810810810814	0.0	0.3103448275862069	0	1.34483648106699	0.0	0.0	0	0	0	43	1.2816439136843842	0.15789473684210525	0.0	0.17307692307692307
30	http://www.officedepot.com/a/browse/air-fresheners/N=5+530553/	0.05421686746987952	0.0	0.6428571428571429	0.0	1.301948051948052	0	0	0	0	0.42857142857142855	13	0.23000110679965624	0.17647058823529413	2.4983766233766236	0.225
31	http://www.halfords.com/motoring/car-accessories/air-fresheners	0.09278350515463918	0.34615384615384615	0.6428571428571429	0.0	0.0	0	0	0	0	0	13	0.13794049235972874	0.17307692307692307	0.0	0.5142857142857142
32	http://www.epromos.com/custom-car-air-fresheners/_/N-13775	0.060810810810810814	0.0	0.36	0	0.0	0	0.0	0.0	0	0	13	1.6666027765361988	0.19148936170212766	0.0	0.16071428571428573
33	http://www.airwick.us/products/decorative-solid-room-fresheners/	0.059602649006622516	0.0	0.42857142857142855	0.0	0.0	0.0	0	0	0	0.23478260869565218	52	0.0	0.16981132075471697	0.0	0.735
34	https://www.walmart.com/c/brand/renuzit-air-fresheners	0	4.145684688749472	0	0.0	0.0	0	0.0	0.0	0	0	13	0.0	0.21428571428571427	0.0	0.4090909090909091
35	https://www.walmart.com/c/brand/renuzit	0	3.0982537924029234	0	0	0	0	0.4090909090909091	0.0	0	0	13	0.0	0.0	0.0	0.0
36	http://www.airdelights.com/air-freshener/air-fresheners.html	0.14285714285714285	0.0	0.2	0	0.0	0.0	0	0	0	0.08035714285714286	6	0.15789473684210525	0.3673469387755102	0.2	0.3333333333333333
37	https://www.littletrees.com/	0.0371900826446281	0	0.0	0	0.0	0.0	0	0	0	0	0	0.0	0.0	0	0.13846153846153847
38	http://www.mscdirect.com/browse/Janitorial-Facility-Maintenance/Cleaners-Detergents-Odor-Control/Odor-Control-Air-Fresheners-Dryer-Sheets/Air-Fresheners?navid=12106926	0.05113636363636364	0.7284965034965035	0.6428571428571429	0	0	0	0	0	0	0.140625	10	0.6923076923076923	0.11538461538461539	0.5528455284552846	0.3
39	http://www.mscdirect.com/browse/Janitorial-Facility-Maintenance?navid=12106462	0.0	0.0	0.0	0.0	0	0	0	0	0	0.0	0	0.0	0.0	0.0	0.0
41	https://www.kleen-ritecorp.com/c-46-car-freshner.aspx	0.06040268456375839	0.0	0.0	0.5133284421618978	0.19148936170212766	0.0	0	0	0	0.21428571428571427	44	0.0	0.0	0.8227063634040378	0.17647058823529413
43	http://www.halfords.com/motoring/car-accessories/air-fresheners	0.09278350515463918	0.34615384615384615	0.6428571428571429	0.0	0.0	0	0	0	0	0	13	0.13794049235972874	0.17307692307692307	0.0	0.5142857142857142
44	http://www.thefreedictionary.com/fresheners	0.15570934256055363	0.20930232558139536	0.0	0.0	0	0	0	0	0	0.14361702127659576	158	0.0	0.28125	17.400000000000002	0.3
45	https://www.carid.com/air-fresheners/	0.06	1.4932959426319192	0.6428571428571429	0.0	0	0	0	0	0	0.11842105263157894	1	0.176711571889716	0.36	5.934794652635403	0.2903225806451613
46	https://www.carid.com/exterior-accessories.html	0.0	0.0	0.0	0.0	0	0	0	0	0	0.0	1	0.0	0.0	0.0	0.0
47	https://www.carid.com/auto-detailing.html	0.0	0.0	0.0	0.0	0	0	0	0	0	0.0	0	0.0	0.0	1.2857142857142858	0.0
48	http://www.kmart.com/food-grocery-air-fresheners/b-26586	0	0.0	0	0	0	0	0	0	0	0	3	0.0	0.2	0.0	0.0
49	http://www.customfresheners.com/products/	0.11392405063291139	0	0	0	0.140625	0	0	0	0	0.13989637305699482	1	0.4560525492649359	0.3	0.8755656108597285	0.32142857142857145
50	https://www.walmart.com/c/kp/automatic-air-fresheners	0	0.375	0	0.0	0.0	0	0.0	0.0	0	0	13	0.0	0.21951219512195122	0.0	0.375
51	http://bodyunburdened.com/diy-non-toxic-air-freshener/	0.5	0.0	0.2571428571428571	0.0	0	0	0	0	0	0	24	1.1133290044607465	0.19148936170212766	0.2647058823529412	0.16666666666666666
52	http://www.littletrees.com/products/Hanging-Trees	0	0	0.0	0	0.0	0.0	0	0	0	0	0	0.0	0.0	0	0.0
53	http://www.epromos.com/custom-car-air-fresheners/_/N-13775	0.060810810810810814	0.0	0.36	0	0.0	0	0.0	0.0	0	0	13	1.6666027765361988	0.19148936170212766	0.0	0.16071428571428573
54	http://www.mrsmeyers.com/product/air-fresheners/	0.10588235294117647	0.0782608695652174	0.6428571428571429	0.6428571428571429	0	0	0	0	0	0.4576271186440678	8	0.0	0.24324324324324326	0.0	0.23376623376623376
55	http://www.petmd.com/dog/care/air-fresheners-and-pets	0.029801324503311258	0.36	0.23684210526315788	1.1564085385122276	0.0	0.0	0	0	0	0	14	1.0566652573718966	0.21428571428571427	0.0	0.21951219512195122
56	http://www.petmd.com/dog/petcare	0	0.0	0.0	0.0	0.0	0	0	0	0	0	10	0.0	0.0	0.0	0.0
57	http://www.airdelights.com/air-freshener/air-fresheners.html	0.14285714285714285	0.0	0.2	0	0.0	0.0	0	0	0	0.08035714285714286	6	0.15789473684210525	0.3673469387755102	0.2	0.3333333333333333
58	http://bombfresheners.com/?page_id=158	0.10843373493975904	0	0	0.0	0.13043478260869565	0	0	0	0	0.14376996805111822	1	0.0	0.2903225806451613	0.975	0.5625
59	http://www.peimag.com/top-10-best-car-air-fresheners/	0.1267605633802817	0.0	0.1875	0	0	0	0	0	0	0	15	0.18802374793164517	0.21428571428571427	1.2635162766111503	0.14285714285714285
60	http://www.goodguide.com/categories/167203-air-fresheners-reviews-and-ratings	0.06818181818181818	0.3103448275862069	0.3333333333333333	0.42857142857142855	0.0	0	0	0	0	0	24	0.0	0.13636363636363635	2.379607843137255	0.3333333333333333
61	http://www.organicauthority.com/homemade-air-freshener-essential-oils	0.08737864077669903	0.0	0.1956521739130435	0.36	0	0	0	0.2647058823529412	0	0	14	0.025139664804469275	0.15517241379310345	0.0	0.1956521739130435
62	https://www.momsrising.org/blog/glade-air-freshener-poster-child-for-toxic-secrets	0.0	0.0	0	0.17647058823529413	0	0	0	0	0	0	19	0.24665162375716596	0.12857142857142856	0.0	0.140625
63	http://www.instructables.com/id/Homemade-Air-Freshener-Gel/	0.021101992966002344	0.35581496818442504	0.34615384615384615	0	0.0	0.2727272727272727	0	0	0	0	12	0.2169934640522876	0.1875	0.0	0.28125
