index	url	description	div	h1	h2	h3	h4	h5	h6	inbound_links	keywords	outbound_links	p	root	span	title
1	http://www.freedictionary.org/?Query=trussed	0.6330935251798561	0	0	0	0	0	0	0	0	0.0	9	0.0	0.6666666666666667	1.682177348551361	0.5
2	http://www.thefreedictionary.com/trussed	0.41825095057034223	0.55	3.142857142857143	3.0	0	0	0	0	0	0.3687150837988827	95	0.0	0.7586206896551725	24.500000000000004	0.8148148148148149
4	https://www.merriam-webster.com/dictionary/truss	0.43373493975903615	0.0	3.0	26.191369676834793	0	0.0	0.0	0.0	0	0.4036144578313253	39	0.07547169811320754	0.4166666666666667	0.0	0.6521739130434783
5	http://www.dictionary.com/browse/trussed	0.4888888888888889	0.9741854833566228	0	0	0.9166666666666667	0	0	0	0	0.9361702127659575	20	0.0	0.7586206896551725	51.38474025974028	1.0476190476190474
6	http://www.thesaurus.com/browse/trussed	0.1774193548387097	0.0	3.142857142857143	0.0	0	0	0	0	0	1.4915254237288136	14	0.0783289817232376	0.7857142857142857	39.8095238095238	0.8800000000000001
7	https://en.wikipedia.org/wiki/Truss	0	0.0	3.0	0.0	0.0	0	0	0	0	0	52	6.014031051238348	0.5555555555555556	30.035378192498943	0.8823529411764706
8	https://84lumber.com/projects-plans/garages/trussed/	0.0	0.0	3.142857142857143	3.5444444444444443	0.0	0.0	0.0	0	0	0	16	0.0	0.5	0.04398826979472141	0.6666666666666667
9	http://www.dictionary.com/browse/truss	0.36538461538461536	0.9741854833566228	0	0	0.6818181818181818	0	0	0	0	0.6976744186046512	20	0.0	0.5555555555555556	44.24188311688312	0.7894736842105263
11	https://84lumber.com/projects-plans/garages/trussed/	0.0	0.0	3.142857142857143	3.5444444444444443	0.0	0.0	0.0	0	0	0	16	0.0	0.5	0.04398826979472141	0.6666666666666667
12	http://culinaryarts.about.com/od/chickenturkeymore/ss/trusschicken.htm	0	0.0	0.6818181818181818	1.2966666666666666	0	0	0.0	0	0	0	48	1.631891905256391	0.23809523809523808	0.6818181818181818	0.3333333333333333
13	http://www.audioenglish.org/dictionary/trussed.htm	0.5	3.142857142857143	3.142857142857143	0	0	0	0	0	0	0.24175824175824176	0	4.801724137931035	0.5641025641025641	3.142857142857143	0.2716049382716049
14	http://www.dictionary.com/browse/truss	0.36538461538461536	0.9741854833566228	0	0	0.6818181818181818	0	0	0	0	0.6976744186046512	20	0.0	0.5555555555555556	44.24188311688312	0.7894736842105263
15	https://www.collinsdictionary.com/dictionary/english/truss	0.218978102189781	2.917615461749645	0.7142857142857142	3.9398298845229793	0	0	0	0	0	0	1	0.0	0.32608695652173914	49.48214285714287	0.5555555555555556
16	https://en.wikipedia.org/wiki/Tube_%28structure%29	0	0.0	0.0	0.0	0.0	0	0	0	0	0	13	0.04222074468085107	0.0	2.31578947368421	0.0
17	http://idioms.thefreedictionary.com/truss+up	0.3082191780821918	0.4242424242424242	1.875	4.875	0	0	0	0	0	0.24725274725274726	147	0.0	0.40540540540540543	3.7772146935190416	0.375
18	http://ruhlman.com/2010/07/how-to-truss-a-chicken/	0	0	0.6818181818181818	0	0.0	0.0	0	0	0	0	133	6.017311451231669	0.3488372093023256	0.0	0.375
19	http://trusseduk.com/	0	0.0	1.1	0.0	0.0	0	0	0	0	0	6	1.1789832285115303	1.5714285714285714	0.0	0.2558139534883721
21	http://www.audioenglish.org/dictionary/trussed.htm	0.5	3.142857142857143	3.142857142857143	0	0	0	0	0	0	0.24175824175824176	0	4.801724137931035	0.5641025641025641	3.142857142857143	0.2716049382716049
22	https://www.collinsdictionary.com/dictionary/english/truss	0.218978102189781	2.917615461749645	0.7142857142857142	3.9398298845229793	0	0	0	0	0	0	1	0.0	0.32608695652173914	49.48214285714287	0.5555555555555556
23	https://en.wiktionary.org/wiki/trussed	0	0.0	3.142857142857143	0.0	0.0	0	0	0	0	0	9	0	0.7333333333333334	0.0	1.1
24	http://medical-dictionary.thefreedictionary.com/trussed	0.6586826347305389	0.8545454545454545	3.0	21.0	0	0	0	0	0	0.3687150837988827	173	0.0	0.45833333333333337	25.142857142857146	0.8301886792452831
25	https://www.reddit.com/user/Trussed_Up	0.0	0.0	2.2	0.0	0	0	0	0	0	0.0	22	0.045454545454545456	0.8461538461538463	2.2	0.9565217391304348
26	http://www.magtruss.com/products/trussed-rafters/	0	0	1.4666666666666668	0	0.0	0	0	0	0	0	2	0.26430194134655105	0.9736842105263158	0.4545454545454546	1.2333333333333334
27	https://www.rottentomatoes.com/m/trussed_up_eve/	0	0.0	1.5714285714285714	0.0	0.0	0	0	0	0	0	24	0.7578520770010132	0.6111111111111112	0.0	1.5714285714285714
28	http://www.instructables.com/id/How-to-Truss-a-Chicken/	0.11697574893009988	0.4865229110512129	0.6818181818181818	0.0	0.0	0.5172413793103449	0	0	0	0	9	0.2377199041157112	0.3409090909090909	0.0	0.6818181818181818
29	http://www.thesaurus.com/browse/truss	0.12295081967213115	0.0	3.0	0.0	0	0	0	0	0	1.1764705882352942	14	0.0783289817232376	0.576923076923077	8.208333333333332	0.6521739130434783
30	http://www.thesaurus.com/browse/truss	0.12295081967213115	0.0	3.0	0.0	0	0	0	0	0	1.1764705882352942	14	0.0783289817232376	0.576923076923077	8.208333333333332	0.6521739130434783
31	http://www.wordreference.com/enit/trussed-up	0.2682926829268293	0	0.0	0	2.2	0	0	0	0	0	5	2.2	0.6666666666666667	2.5928571428571434	0.40740740740740744
33	http://www.smartcomponents.us/	0.3854166666666667	0.5641025641025641	0	0.0	0.0	0.0	0.0	0	0	0	12	0.09438775510204081	0.0	0.28205128205128205	0.3142857142857143
34	http://www.xopornos.com/111432780	0.21153846153846156	0	1.1578947368421053	0.0	0	0.0	0	0	0	0.21568627450980393	1	6.738172212032164	0.0	0.0	0.32352941176470584
35	http://www.diynetwork.com/how-to/rooms-and-spaces/exterior/all-about-roofs-pitches-trusses-and-framing	0.0	0.20270270270270271	0	0.6875	2.1395315398886834	0	0.0	0.0	0	0	55	0.34847039656434947	0.16483516483516483	0.9782608695652173	0.14563106796116504
36	http://ruhlman.com/2010/07/how-to-truss-a-chicken/	0	0	0.6818181818181818	0	0.0	0.0	0	0	0	0	133	6.017311451231669	0.3488372093023256	0.0	0.375
37	http://www.vermonttimberworks.com/our-work/timber-trusses/	0	0	0.75	9.202586111709143	0.0	0	0	0	0	0	15	0.7391417592511202	0.3191489361702128	6.741556237879768	0.2631578947368421
38	https://www.magtruss.com/	0	0	0.0	2.1457636566332217	0.3333333333333333	0	0	0	0	0	3	2.957561459606069	1.153846153846154	0.4545454545454546	0.6271186440677966
39	http://www.wikihow.com/Make-Roof-Trusses	0.1859504132231405	0.8931192219883466	0	0	0.0	0	0	0	0	0.14285714285714285	1	0.12234910277324633	0.5172413793103449	0.0	0.2542372881355932
41	http://www.xopornos.com/111432780	0.21153846153846156	0	1.1578947368421053	0.0	0	0.0	0	0	0	0.21568627450980393	1	6.738172212032164	0.0	0.0	0.32352941176470584
42	http://www.thetrussco.com/	0.07575757575757576	0	0.5172413793103449	3.333333333333333	0.4838709677419355	0.0	0	0	0	0.3529411764705882	21	0.45614475998994725	1.0	0.0	0.8823529411764706
43	http://www.imperialbuilders.com/manufacturing/greenhouses/free-standing-grand-trussed-bow/	0	0	0.5238095238095237	0	0	0.0	0	0	0	0	1	2.595416666666667	0.2784810126582279	0	0.7096774193548387
44	http://www.84lumber.com/projects-plans/garages/trussed/2-2-car-trussed-garage/	0.0	0.0	0.9565217391304348	0.0	0.0	0.0	0.0	0	0	0	16	0.0	0.6567164179104477	0.0	0.0
46	http://www.midwestmanufacturing.com/MidwestManufacturing/productType.do?groupId=3&productTypeId=17&Trusses=Roof-Trusses	0	0	0	0	0	0	0	0	0	0	0	0	0.2777777777777778	0	0
47	http://www.finecooking.com/videos/how-to/truss-turkey.aspx	0	0.0	0.7142857142857142	0.0	0.0	0.0	0	0.0	0	0	51	0.10714285714285714	0.3191489361702128	0.0	0.7142857142857142
