index	url	description	div	h1	h2	h3	h4	h5	h6	inbound_links	keywords	outbound_links	p	root	span	title
1	http://www.oxforddictionaries.com/us/	0.0	0	0.0	0.0	0	0.0	0	0	0	0.0	14	0.0	0.0	0.0	0.0
2	https://www.merriam-webster.com/dictionary/animus	0.16	0.0	1.0	3.1363636363636362	0	0.0	0.0	0.0	0	0.04316546762589928	54	0.0	0.16216216216216217	0.0	0.25
3	http://www.thefreedictionary.com/animus	0.1477272727272727	0.15384615384615385	1.0	8.0	0	0	0	0	0	0.10227272727272728	133	0.0	0.21428571428571427	15.107142857142858	0.23076923076923078
4	http://medical-dictionary.thefreedictionary.com/animus	0.18518518518518517	0.1111111111111111	1.0	4.0	0	0	0	0	0	0.10227272727272728	176	0.0	0.1276595744680851	14.0	0.23529411764705882
5	http://encyclopedia2.thefreedictionary.com/animus	0.13432835820895522	0.16500217108119844	1.0	2.0	0	0	0	0	0	0.10227272727272728	169	0.0	0.14285714285714285	14.0	0.23076923076923078
6	https://en.wikipedia.org/wiki/Anima_and_animus	0	0.0	0.375	0.0	0.0	0	0	0	0	0	30	0.7356463291313436	0.15789473684210525	0.9085714285714286	0.21428571428571427
7	http://www.dictionary.com/browse/animus	0.18072289156626506	0.43137254901960786	0	0	0.2608695652173913	0	0	0	0	0.26666666666666666	27	0.0	0.21428571428571427	11.0	0.3
8	http://assassinscreed.wikia.com/wiki/Animus	0.06315789473684211	3.615891531029123	1.0	0.0	0.0	0	0	0	0	0.018518518518518517	55	2.939213132378	0.16666666666666666	3.3285714285714283	0.10714285714285714
9	https://www.animas.com/	0.0	0	0.0	0.0	0.0	0	0	0	0	0	3	0.0	0.0	0	0.0
10	https://en.wiktionary.org/wiki/animus	0	0.21428571428571427	1.0	0.0	0.0	0	0	0	0	0	70	0.0	0.20689655172413793	0.0	0.3157894736842105
11	http://animusjewelry.com/	0.0375	0	0	0.0	0	0.46153846153846156	0	0	0	0	5	0.0	0.3333333333333333	0.0	1.0
12	https://en.wikipedia.org/wiki/Animus	0	0.0	1.0	0.0	0.0	0	0	0	0	0	8	0	0.21428571428571427	0.0	0.3333333333333333
13	http://www.yourdictionary.com/animus	0.047244094488188976	0.061224489795918366	0	4.351111111111111	0.0	0.17142857142857143	0	0	0	0.16759776536312848	6	0.75	0.24	1.0	0.26666666666666666
14	http://www.thesaurus.com/browse/animus	0.04878048780487805	0.0	1.0	0.0	0	0	0	0	0	0.43636363636363634	14	0.030226700251889168	0.2222222222222222	2.2	0.25
15	http://legal-dictionary.thefreedictionary.com/Animus	0.1340782122905028	0.11538461538461539	3.0	0	0	0	0	0	0	0.10227272727272728	215	0.11857707509881422	0.13333333333333333	13.0	0.36363636363636365
16	http://carl-jung.net/animus.html	0	0	0	0	0	0	0	0	0	0	1	0.0	0.24	0	0.20689655172413793
17	http://helion-rc.com/animus18SC/	0.0	0	0.5454545454545454	0.2857142857142857	0	0	0.0	0	0	0.0	29	0.05614586767580116	0.24	0.0	0.07142857142857142
18	https://www.vocabulary.com/dictionary/animus	0.06282722513089005	0.0	1.0	0.0	0.0	0	0	0	0	0	5	0.0	0.1875	1.0	0.1276595744680851
19	https://www.merriam-webster.com/thesaurus/animus	0.18072289156626506	0.0	1.0	0.0	0	0.0	0.0	0	0	0.03529411764705882	24	0.0	0.16666666666666666	0.0	0.2
20	http://www.ign.com/wikis/assassins-creed-3/Animus	0.06629834254143646	0.0	1.0	0.0	0	0	0	0	0	0	14	0.12	0.15789473684210525	0.4	0.35294117647058826
21	http://www.imdb.com/title/tt3118370/	0.0	0.0	1.0	0.0	0.0	0.0	0.0	0	0	0.0	8	0.007853403141361256	0.0	0.0	0.3
22	http://animussummit.com/	0.047244094488188976	0.0	1.0	0.0	0.0	0.46153846153846156	0	0.0	0	0	12	0.17113026867617404	0.35294117647058826	0.0	0.34285714285714286
23	http://animusjewelry.com/	0.0375	0	0	0.0	0	0.46153846153846156	0	0	0	0	5	0.0	0.3333333333333333	0.0	1.0
24	http://www.animustech.com/	0	0.21855541718555416	0.0	0.0	0	0	0	0	0	0	12	0.2109727290345147	0.4	1.0	1.0
25	http://www.imdb.com/title/tt2431576/	0.0	0.0	1.0	0.0	0.0	0.0	0.0	0	0	0.0	11	0.0	0.0	0.0	0.3
26	https://www.merriam-webster.com/dictionary/animus	0.16	0.0	1.0	3.1363636363636362	0	0.0	0.0	0.0	0	0.04316546762589928	54	0.0	0.16216216216216217	0.0	0.25
27	https://lonerwolf.com/the-anima-and-animus/	0.0392156862745098	0.0	0.08450704225352113	0.0	0.0	0.0	0	0	0	0	4	0.36046597102820654	0.17142857142857143	0.0	0.08450704225352113
28	https://lonerwolf.com/practical-spirituality/	0.0	0	0.0	0.0	0	0.0	0	0	0	0	5	0.0	0.0	0.0	0.0
29	http://www.ign.com/wikis/assassins-creed-3/Animus	0.06629834254143646	0.0	1.0	0.0	0	0	0	0	0	0	14	0.12	0.15789473684210525	0.4	0.35294117647058826
30	https://en.wikipedia.org/wiki/Anima_and_animus	0	0.0	0.375	0.0	0.0	0	0	0	0	0	30	0.7356463291313436	0.15789473684210525	0.9085714285714286	0.21428571428571427
31	http://www.animustech.com/	0	0.21855541718555416	0.0	0.0	0	0	0	0	0	0	12	0.2109727290345147	0.4	1.0	1.0
32	https://www.amazon.com/Animus-Anima-Papers-Emma-Jung/dp/0882143018	0.07317073170731707	0.5772109589802961	0	0.0	0.0	0	0	0	0	0.0273972602739726	36	0.0	0.1111111111111111	0.24780526735833996	0.08108108108108109
33	https://www.amazon.com/books-used-books-textbooks/b?ie=UTF8&node=283155	0.0	0.0	0	0.0	0.0	0	0	0	0	0.0	36	0.0	0.0	0.0	0.0
34	https://www.amazon.com/Medical-Professional-Technical-Books/b?ie=UTF8&node=173514	0.0	0.0	0	0.0	0.0	0.0	0.0	0	0	0.0	36	0.0	0.0	0.0	0.0
35	https://www.amazon.com/Medical-Psychology/b?ie=UTF8&node=6511980011	0.0	0.0	0	0.0	0.0	0.0	0	0	0	0.0	36	0.0	0.0	0.0	0.0
36	http://www.youtube.com/channel/UCdp0Fl67WP1xMDqCa_xzgAA	0.0	0.0	0	1.0	0.0	0	0	0	0	0.15384615384615385	8	0.0	0.0	1.0	0.35294117647058826
37	http://helion-rc.com/animus18SC/	0.0	0	0.5454545454545454	0.2857142857142857	0	0	0.0	0	0	0.0	29	0.05614586767580116	0.24	0.0	0.07142857142857142
38	http://www.lessons4living.com/anima_and_animus.htm	0	0	0	0	0	0	0	0	0	0	9	0	0.15384615384615385	0	0.375
39	http://psikoloji.fisek.com.tr/jung/animus.htm	0.0	0	0	0	0	0	0	0	0	0.0	0	0	0.15789473684210525	0	0.2222222222222222
40	https://en.wikibooks.org/wiki/Dungeons_%26_Dragons/Monsters/Animus	0	0.0	1.0	0.0	0.0	0	0	0	0	0	43	0.393081480427505	0.10344827586206896	0.0	0.125
41	http://www2.swgc.mun.ca/animus/	0.011741682974559686	0	0.0	0	0.0	0	0	0	0	0.031578947368421054	26	0.15727329724513545	0.25	0	0.10526315789473684
42	http://frithluton.com/articles/the-animus/	0.08888888888888889	0.0	0.6	0	0	0.0	0	0	0	0	4	2.8122377674785275	0.17142857142857143	0.0	0.1276595744680851
43	http://tardis.wikia.com/wiki/Animus	0.061855670103092786	0.0	1.0	0.0	0.0	0	0	0	0	0.03529411764705882	43	0.6812452964210407	0.21428571428571427	0.0	0.14634146341463414
44	http://appliedjung.com/the-archetypes-of-the-anima-and-animus/	0	0.0	0.15789473684210525	0.15789473684210525	0.6952380952380952	0.0	0	0	0	0	18	0.7544797782207097	0.10909090909090909	0.375	0.15789473684210525
45	http://appliedjung.com/category/anima-and-animus/	0	0	0.375	0.0	0.0	0.0	0	0	0	0	14	0.1100776326287246	0.14285714285714285	0.0	0.375
46	https://www.amazon.com/Animus-Seonna-Hong/dp/0972938850	0.04332129963898917	0.14581256231306083	0	0.0	0.0	0	0.0	0	0	0.019169329073482427	36	0.0	0.13953488372093023	2.0	0.09090909090909091
47	http://m.ign.com/wikis/assassins-creed-3/Animus	0.06629834254143646	0.0	1.0	0.0	0	0	0	0	0	0	91	0.12	0.15	0.4	0.35294117647058826
49	http://m.youtube.com/channel/UCdp0Fl67WP1xMDqCa_xzgAA	0.0	0.0	0	1.0	0.0	0	0	0	0	0.15384615384615385	10	0.0	0.0	1.0	0.35294117647058826
50	http://wingsoffire.wikia.com/wiki/Animus_Dragons	0.06451612903225806	0.0	0.42857142857142855	0.0	0.0	0	0	0	0	0.03773584905660377	41	0.036511156186612576	0.14634146341463414	1.5355396027757837	0.09836065573770492
51	http://www.wowhead.com/npc=69427/dark-animus	0.0	0.0	0.5454545454545454	0.0	0.0	0	0	0	0	0.16666666666666666	51	0.0	0.18181818181818182	0.0	0.16216216216216217
52	https://www.aminus3.com/	0.0	0	0.0	0.0	0	0	0	0	0	0.0	0	0.0	0.0	0.0	0.0
53	http://www.warcraftpets.com/wow-pets/mechanical/robots/son-of-animus/	0.04	0.0	0.46153846153846156	0	0	0	0	0	0	0.08	11	0.20264894555049176	0.10344827586206896	0.0	0.2
54	https://www.indiegogo.com/projects/animus-home-give-your-smart-home-a-heart--2	0.06521739130434782	0.0	0	0	0	0	0	0	0	0.0	13	0	0.09090909090909091	0.0	0.1111111111111111
55	https://trans4mind.com/jamesharveystout/anima.htm	0	0.0	0	0.0	0	0	0	0	0	0	22	0.0	0.0	0.0	0.375
56	http://m.ign.com/wikis/assassins-creed-4-black-flag/Animus	0.09278350515463918	0.0	1.0	0.0	0	0	0	0	0	0	92	0.04128440366972477	0.11764705882352941	0.0	0.35294117647058826
57	https://www.animusic.com/	0	0	0	0	0	0	0	0	0	0	11	0	0.46153846153846156	0.23076923076923078	0.75
58	http://thaumcraft-3.wikia.com/wiki/Animus	0.12903225806451613	0.0	1.0	0.0	0.0	0	0	0	0	0.08571428571428572	43	0.5	0.17647058823529413	0.0	0.11538461538461539
59	http://www.ebay.com/sch/i.html?_nkw=animus	0.08571428571428572	0.0	0	0.0	0.0	0	0	0	0	0	3	0.0	0.1935483870967742	1.0	0.46153846153846156
60	https://abstergo.org/about/projects/animus/	0.05357142857142857	0.0	1.3402430902430902	0.0	0.0	0	0	0	0	0	34	4.737904002094351	0.17142857142857143	0.8571428571428571	0.3333333333333333
61	http://tfwiki.net/wiki/Animus	0	0.0	1.0	0	0.0	0	0.0	0	0	0	3	0.3	0.2727272727272727	0.0	0.23076923076923078
62	https://myspace.com/animusrap	0.06666666666666667	0.0	0.0	0.0	0.0	0.0	0	0.631578947368421	0	0.24	2	0.0	0.2857142857142857	0.4444444444444444	0.07894736842105263
63	https://en.wiktionary.org/wiki/anima	0	0.0	0.0	0.0	0.0	0	0	0	0	0	78	0.0	0.0	0.0	0.0
64	http://www.audioenglish.org/dictionary/animus.htm	0.11194029850746269	1.0	1.0	0	0	0	0	0	0	0.05357142857142857	0	0.0	0.15789473684210525	1.0	0.0594059405940594
65	http://frithluton.com/articles/the-animus/	0.08888888888888889	0.0	0.6	0	0	0.0	0	0	0	0	4	2.8122377674785275	0.17142857142857143	0.0	0.1276595744680851
66	http://mugen.wikia.com/wiki/Animus	0.12903225806451613	0.0	1.0	0.0	0.0	0	0	0	0	0.04054054054054054	44	0.0	0.2222222222222222	0.0	0.12244897959183673
67	https://www.aminus3.com/	0.0	0	0.0	0.0	0	0	0	0	0	0.0	0	0.0	0.0	0.0	0.0
68	https://en.wikipedia.org/wiki/Animus	0	0.0	1.0	0.0	0.0	0	0	0	0	0	8	0	0.21428571428571427	0.0	0.3333333333333333
69	http://reanimus.com/	0	0	0.2857142857142857	0	0.17142857142857143	0.14285714285714285	0	0	0	0	105	0.08333333333333333	0.46153846153846156	0.0	0.125
70	http://www.youtube.com/user/AniManisch	0.0375	0.0	0	0.2608695652173913	0.0	0	0	0	0	0.0	18	0.0	0.0	0.6	0.17647058823529413
71	http://assassinscreed.wikia.com/wiki/Desmond_Miles	0.0	0.0	0.0	0.0	0.0	0	0	0	0	0.0	77	1.346991028703444	0.0	0.0	0.0
