index	url	description	div	h1	h2	h3	h4	h5	h6	inbound_links	keywords	outbound_links	p	root	span	title
1	http://www.oxforddictionaries.com/us/	0.0	0	0.0	0.3261877678655113	0	0.0	0	0	0	0.0	14	0.041666666666666664	0.0	0.0	0.0
2	http://crosswordheaven.com/clues/brawls	0.1948051948051948	0.0	0	1.25	0.0	0	0	0	0	0.0	0	0.0	0.46875	0.0	0.30000000000000004
3	http://www.thefreedictionary.com/brawls	0.5597014925373135	0.44779367918902796	3.0	36.0	0	0	0	0	0	0.2556818181818182	168	0.0	0.5357142857142857	36.58860378597222	0.576923076923077
4	http://www.dictionary.com/browse/brawl	0.234375	0.215	0	0	3.681818181818181	0	0	0	0	0.6976744186046512	27	0.11212121212121211	0.5555555555555556	47.688041125541126	0.7894736842105263
5	https://www.merriam-webster.com/dictionary/brawl	0.3846153846153846	0.0	3.0	19.81636967683479	0	0.0	0.0	0.0	0	0.3614457831325301	33	0.0	0.4166666666666667	0.0	0.6521739130434783
6	http://www.youtube.com/playlist?list=PLF56393CBD0E3066B	0	0.0	0.0	0	0.0	0	0	0	0	0	2	0.0	0.0	0.0	0.0
7	http://www.thesaurus.com/browse/brawl	0.12295081967213115	0.0	3.0	0.0	0	0	0	0	0	1.1764705882352942	14	0.22464815519208825	0.576923076923077	11.2	0.6521739130434783
8	http://www.cnn.com/2016/12/27/us/mall-disturbances-after-christmas/index.html	0.11724137931034483	0.3828722503609336	0.0	0.0	0.125	0.0	0	0	0	0.0	35	0.0	0.0	1.3315500289184499	0.0
9	http://crosswordheaven.com/clues/brawls	0.1948051948051948	0.0	0	1.25	0.0	0	0	0	0	0.0	0	0.0	0.46875	0.0	0.30000000000000004
10	http://ghettofights.com/	0	0.0	0	0.0	0	0	0	0	0	0	1	0	0.0	0.2222222222222222	0.0
11	http://realfight.com/index.html	0.21844660194174756	0	0	0	0	0	0	0	0	0.2285714285714286	52	0	0.0	0.9507317481140125	0.40540540540540543
12	http://www.bawls.com/	0.007462686567164179	0	0	0.0	0	0	0	0.0	0	0	12	0.09585622888964791	0.0	0	0.0
13	http://www.csmonitor.com/Business/2017/0107/After-mall-brawls-Ohio-mall-bans-children-17-and-under-on-certain-nights	0.0	0.0064516129032258064	0.2054794520547945	0.0	0	0	0	0	0	0	1	0.005319148936170213	0.14285714285714285	0.022727272727272728	0.16853932584269662
14	http://www.dailymail.co.uk/news/article-4064330/Massive-brawls-break-New-Jersey-Alabama-Georgia-malls-minute-holiday-shoppers.html	0.0	0.0	0.09497206703910614	0.0	0.2	0	0	0	0	0.1948051948051948	26	0.09745189617845239	0.12605042016806722	0.4660819205713923	0.1388888888888889
15	http://www.cnn.com/videos/cnnmoney/2016/11/25/breaks-out-at-mall-during-black-friday-shopping.cnnmoney	0.234375	0.46875	0	1.5789473684210524	0.0	0.0	0	0	0	0.36585365853658536	16	0.0	0.0	1.6224256292906176	0.4838709677419355
16	http://www.chicagotribune.com/news/nationworld/ct-mall-brawls-20161227-story.html	0.0	0.0	0.22666666666666668	0	0	0	0	0	0	0.4166666666666667	0	0.6106801450687338	0.21428571428571427	2.727272727272727	0.1827956989247312
17	https://www.reddit.com/r/heroesofthestorm/comments/5p42jf/just_an_opinion_on_brawls/	0.1048951048951049	0.02666666666666667	0.0	0	0	0	0	0	0	0.0	36	45.34581234466528	0.20833333333333334	0.4117647058823529	0.3409090909090909
18	http://www.sportingnews.com/mlb/list/best-baseball-mlb-fights-brawls-video-braves-padres-yankees-orioles-cardinals-reds/1unaj2dmn721dq7pla6kjm1n	0	0.0	0	0	0.0	0.0	0	0	0	0	56	0.0	0.11278195488721804	0.17692307692307693	0.16853932584269662
19	https://en.wikipedia.org/wiki/Bench-clearing_brawl	0	0.0	0.75	0.0	0.0	0	0	0	0	0	15	1.00638083874596	0.3571428571428571	0.0	0.46875
20	http://www.sportingnews.com/other-sports/photos/sports-brawls-you-wont-forget/17bf4u6z0iv901w9j3kps8voc8	0	1.8078554251947427	0	0	0	0	0	0	0	0	53	0	0.16129032258064516	0.5925925925925926	0.32608695652173914
21	https://homes.sc.egov.usda.gov/	0	0	0	0	0	0	0	0	0	0	19	0.0	0.0	0.0	0.0
22	https://www.amazon.com/Ghetto-Brawls/dp/B0002JP3ME	0.39473684210526316	0.19997233343098003	0	0.034482758620689655	0.0	0.0	0	0	0	0.25	37	0.0	0.39473684210526316	1.477920227920228	0.4545454545454546
23	https://www.amazon.com/Genre-for-Featured-Categories-Movies-TV/b?ie=UTF8&node=2958761011	0.012345679012345678	0.0	0	0.0	0.0	0.0	0.0	0	0	0.015503875968992248	36	0.0	0.0	0.6136363636363636	0.10526315789473684
24	https://www.amazon.com/Sports-Genre-for-Featured-Categories-Movies-TV/b?ie=UTF8&node=2958776011	0.0	0.0	0	0.2583333333333333	0.0	0.0	0	0	0	0.0	36	0.0	0.0	0.5746753246753247	0.0
25	https://www.rt.com/news/369499-finland-protest-far-right/	0.0	0.0	0.1724137931034483	0	0	0	0	0	0	0	5	0.11627906976744186	0.0	0.0	0.15463917525773196
26	https://twitter.com/funnybrawls	0.22815533980582522	0.09090909090909091	0	0.6521739130434783	0.0	0.0	0	0	0	0	76	2.7860919124719437	0.6521739130434783	4.399099352659723	0.40540540540540543
27	https://www.washingtonpost.com/news/monkey-cage/wp/2014/10/14/huge-brawls-in-legislatures-explained/	0	0.0	0.39473684210526316	0	0	0	0	0	0	0.11194029850746268	21	1.0630443303241184	0.17045454545454544	0.0	0.25
28	http://www.chicagotribune.com/news/nationworld/ct-mall-brawls-20161227-story.html	0.0	0.0	0.22666666666666668	0	0	0	0	0	0	0.4166666666666667	0	0.6106801450687338	0.21428571428571427	2.727272727272727	0.1827956989247312
29	https://www.amazon.com/Ghetto-Brawls/dp/B0002JP3ME	0.39473684210526316	0.19997233343098003	0	0.034482758620689655	0.0	0.0	0	0	0	0.25	37	0.0	0.39473684210526316	1.477920227920228	0.4545454545454546
30	https://www.amazon.com/Genre-for-Featured-Categories-Movies-TV/b?ie=UTF8&node=2958761011	0.012345679012345678	0.0	0	0.0	0.0	0.0	0.0	0	0	0.015503875968992248	36	0.0	0.0	0.6136363636363636	0.10526315789473684
31	https://www.amazon.com/Sports-Genre-for-Featured-Categories-Movies-TV/b?ie=UTF8&node=2958776011	0.0	0.0	0	0.2583333333333333	0.0	0.0	0	0	0	0.0	36	0.0	0.0	0.5746753246753247	0.0
32	http://www.dailymail.co.uk/news/article-3091092/3D-hardcore-porn-film-featuring-explicit-orgies-nudity-transvestite-prostitute-sparks-brawls-Cannes-desperate-cinemagoers-try-midnight-screening.html	0.0106951871657754	0.0	0.08875739644970414	0.0	0.2	0	0	0	0	0.10416666666666667	19	0.016666666666666666	0.08064516129032258	0.5997774569514925	0.21428571428571427
33	http://elderscrolls.wikia.com/wiki/Brawling	0.17346938775510204	0.8121850033887167	1.875	0.47619047619047616	0.0	0	0	0	0	0.08152173913043478	43	0.40566770186335405	0.4166666666666667	1.0344827586206897	0.34
34	http://www.csmonitor.com/Business/2017/0107/After-mall-brawls-Ohio-mall-bans-children-17-and-under-on-certain-nights	0.0	0.0064516129032258064	0.2054794520547945	0.0	0	0	0	0	0	0	1	0.005319148936170213	0.14285714285714285	0.022727272727272728	0.16853932584269662
35	http://www.trutv.com/shows/top20-most-shocking/videos/bar-brawl.html	0.375	1.6666666666666667	1.6666666666666667	0.0	0	0	0	0	0	0	8	0.75	0.2631578947368421	0.25886943897319237	0.4545454545454546
36	http://www.nydailynews.com/news/national/kentucky-mall-brawl-kicks-black-friday-violence-article-1.2448085	0.19736842105263158	0.29411764705882354	0.12295081967213115	0.0	0	0	0	0	0	0.0	29	0.2688319744771358	0.15789473684210525	0.0	0.22388059701492535
37	http://hearthstone.gamepedia.com/Tavern_Brawl	0	0.0	1.25	0.0	0.0	0	0	0	0	0	84	7.573610563475402	0.39473684210526316	7.551834130781502	0.29411764705882354
38	http://abcnews.go.com/US/video/brawls-shootings-erupt-at-nfl-game-14354676	0.0	0.11152416356877323	0.42857142857142855	0	0	0	0	0	0	0	47	0.0	0.22388059701492535	0.7332449160035366	0.2884615384615385
39	http://nypost.com/tag/brawls/	0	0.49053926518412444	0.3333333333333333	2.5277777777777777	0.0	0	0	0	0	0	33	0.0	0.6818181818181818	0.0	0.6818181818181818
40	http://www.newsmax.com/TheWire/mall-brawls-christmas-weekend/2016/12/27/id/765777/	0.058823529411764705	0.5275735294117647	0.25	0	0	0	0	0	0	0.46875	10	0.13642811241203115	0.2112676056338028	0.0	0.25
41	https://en.wiktionary.org/wiki/brawl	0	0.0	3.0	0.0	0.0	0	0	0	0	0	107	0	0.5357142857142857	0.0	0.8333333333333334
42	https://www.amazon.com/Baseball-Codes-Beanballs-Bench-Clearing-Unwritten/dp/030727862X	0.08522727272727272	0.12059562864811894	0	0.0	0.0	0	0.0	0	0	0.046153846153846156	36	0.036921091208451544	0.0	0.9071767272475901	0.13043478260869565
43	https://www.amazon.com/books-used-books-textbooks/b?ie=UTF8&node=283155	0.0	0.0	0	0.0	0.0	0	0	0	0	0.0	36	0.0	0.0	0.9323660198660199	0.0
44	https://www.amazon.com/Sports-Books/b?ie=UTF8&node=26	0.0	0.0	0	0.24878048780487805	0.0	0.0	0	0	0	0.014814814814814815	36	0.031253692544015124	0.0	1.2442249942249943	0.02857142857142857
45	https://www.amazon.com/Biographies-Sports-Books/b?ie=UTF8&node=2446	0.0	0.0	0	0.2895840739424102	0.0	0.0	0.0	0	0	0.01652892561983471	36	0.0	0.0	0.8048377531136152	0.03225806451612903
46	http://allrookie.com/12-insane-mlb-brawls-when-players-traded-fists-for-mits/	0	0.0	0.26785714285714285	0	0	0	0	0.0	0	0	2	0.25679973314916604	0.21428571428571427	0.0	0.26785714285714285
47	http://www.metacafe.com/videos_about/ghetto_brawls/	0.0	0.9450338913558421	0	0	0	0	0	0	0	0.03508771929824561	3	0	0.375	0.576923076923077	0.46875
48	http://gta.wikia.com/wiki/Brawls	0.4838709677419355	1.412202380952381	2.5	2.9761904761904763	0.0	0	0	0	0	0.08717948717948718	44	0.08875739644970414	0.6000000000000001	0.034482758620689655	0.3953488372093023
49	https://en.wikipedia.org/wiki/Brawl	0	0.0	3.0	0.0	0.0	0	0	0	0	0	9	0	0.5555555555555556	0.0	0.8823529411764706
50	http://www.sportingnews.com/other-sports/photos/sports-brawls-you-wont-forget/17bf4u6z0iv901w9j3kps8voc8	0	1.8078554251947427	0	0	0	0	0	0	0	0	53	0	0.16129032258064516	0.5925925925925926	0.32608695652173914
51	http://armorgames.com/play/11410/hobo-5-space-brawls-attack-of-the-hobo-clones	0.019744483159117306	0.14285714285714285	0.32608695652173914	0.0	0.2542372881355932	0.0	0	0	0	0.1923076923076923	17	0.07626633524868208	0.2112676056338028	0.0	0.14851485148514854
52	http://kotaku.com/overwatchs-weekly-brawls-need-some-work-1786694166	0.14655172413793105	0.01282051282051282	0	0	0	0.12152332049636286	0	0	0	0.0	24	0.44610848895541955	0.2459016393442623	0.0	0.5
53	http://www.addictinggames.com/action-games/hobo-5-game.jsp	0.22058823529411764	0.75	0.75	0.40540540540540543	0.0	0	0	0	0	0.5	23	0.0	0.0	0.0	0.22388059701492535
54	http://www.break.com/topics/backyard-brawls/	0.1171875	0.0	0.0	15.47916140373037	0.0	0	0	0	0	0	25	0.42857142857142855	0.4545454545454546	0.0	0.4166666666666667
55	http://www.huffingtonpost.com/2014/09/22/49ers-cardinals-eagles-fans-brawl_n_5861380.html	0.0	0.5345910169944506	0.23076923076923078	0.0	0	0.0	0	0	0	0.11278195488721804	31	0.0752212389380531	0.1923076923076923	0.0	0.1724137931034483
56	http://www.usatoday.com/story/news/2015/05/18/waco-shooting-motorcycle-bandidos-texas/27549313/	0	0.0	0.2173913043478261	0	0	0.2173913043478261	0	0.0	0	0	77	0.23792495127356686	0.023809523809523808	0.1358173076923077	0.2173913043478261
57	http://www.freethesaurus.com/brawls	0.31854838709677413	0.42857142857142855	3.0	2.4999999999999996	0.0	0.0	0	0	0	0.4	281	0.0	0.625	49.00000000000003	0.576923076923077
58	http://www.huffingtonpost.com/2010/07/29/street-fight-caught-on-vi_n_663620.html	0.09615384615384615	0.48754578754578753	0.1923076923076923	0.0	0	0	0	0	0	0.3488372093023256	29	0.1948051948051948	0.0	0.0	0.15000000000000002
59	https://www.facebook.com/fightfightfightfight	0.0967741935483871	1.2801859313865145	0	0	0	0	0	0	0	0	0	0	0.0	7.629032258064515	0.8823529411764706
60	http://www.cagepotato.com/top-10-post-fight-brawls/	0	0.5164087797737342	0	0.0	0.0	0	0	0	0	0	10	0.4826571519950636	0.375	0.0	0.234375
61	http://totaldrama.wikia.com/wiki/Niagara_Brawls	0.0	0.9291360020756515	1.0714285714285714	0.47619047619047616	0.0	0	0	0	0	0.05639097744360902	49	0.02744388489515926	0.375	1.447800813115215	0.288135593220339
62	https://homes.sc.egov.usda.gov/	0	0	0	0	0	0	0	0	0	0	19	0.0	0.0	0.0	0.0
63	http://www.wwe.com/videos/playlists/greatest-brawls	0.08928571428571427	0.0	0	0.7142857142857142	0.0	0	0	0	0	0	16	0.0	0.375	0.15563496271134844	0.7142857142857142
64	http://bleacherreport.com/articles/1668162-the-weirdest-brawls-in-sports	0	0.0	0.5172413793103449	1.3331504702194357	0	0	0	0	0	0	18	1.5392799366746543	0.23076923076923078	0.9594307836880555	0.3191489361702128
65	http://www.diablowiki.net/Brawling	0	0.04	1.875	0	0.0	0	0.0	0	0	0.20833333333333334	9	0.4545454545454546	0.6521739130434783	1.9047619047619049	0.6818181818181818
66	http://www.espn.com/page2/s/list/basebrawl.html	0.14563106796116504	0	0	0	0	0	0	0	0	0	5	0.3940102152411663	0.4166666666666667	0	0.0
67	http://www.huffingtonpost.com/2014/09/22/49ers-cardinals-eagles-fans-brawl_n_5861380.html	0.0	0.5345910169944506	0.23076923076923078	0.0	0	0.0	0	0	0	0.11278195488721804	31	0.0752212389380531	0.1923076923076923	0.0	0.1724137931034483
69	http://www.thinkgeek.com/homeoffice/food-caffeine/	0.0	0	0.0	0	0	0.0	0.0	0	0	0.0	10	0.0	0.0	0.9867965367965368	0.0
70	http://www.metacafe.com/watch/yt-b3EBQicV_JI/street_fights_ghetto_brawls/	0.0	0.0	0.5172413793103449	0	0.0	0	0	0	0	0.11194029850746268	3	0.0	0.24193548387096775	0.0	0.5555555555555556
71	http://popular.episodeguidetvseries.com/?action=series&id=46733-4-11	0.0	0.0	0.23076923076923078	0	0	0.0	0.0	0	0	0.0	1	0.0	0.0	0.6282051282051282	0.15000000000000002
