index	url	description	div	h1	h2	h3	h4	h5	h6	inbound_links	keywords	outbound_links	p	root	span	title
1	http://www.dictionary.com/browse/dies	0.7000000000000001	1.2870776370776376	0	0	15.999999999999993	0	0	0	0	2.0487804878048776	27	0.3521406943285261	1.6153846153846156	406.78269301238555	2.333333333333333
2	http://www.cnn.com/2016/11/26/americas/fidel-castro-obit/index.html	0.3108108108108109	2.0285537615737335	0.6774193548387096	0.0	0.1111111111111111	0.0	0	0	0	0.7368421052631577	27	0.0	0.0	47.31443627058126	0.8936170212765956
3	http://www.cnn.com/2017/01/22/us/yordano-ventura-andy-marte-die-baseball-dominican-republic/index.html	0.5408805031446541	2.2903785366430935	0.5599999999999999	0.0	0.0	0.0	0	0	0	0.6666666666666667	40	0.41965221034988476	0.48351648351648346	0.38461538461538464	0.7118644067796608
4	http://www.cnn.com/2017/01/19/americas/brazil-judge-killed-plane-crash/index.html	0.0	0.5744281061757421	0.7000000000000001	0.0	0.0	0.0	0	0	0	0.5249999999999999	27	0.0	0.0	0.38461538461538464	0.6
5	http://www.cnn.com/2017/01/17/us/colo-oldest-gorilla-dies-irpt-trnd/index.html	0.07377049180327869	0.507543438933064	0.9019607843137256	0.0	0.0	0	0	0	0	0.7076923076923078	28	0.0	0.6865671641791046	0.38461538461538464	0.7540983606557379
6	http://www.cnn.com/2017/01/16/us/eugene-cernan-dies/index.html	0.3620689655172414	0.507486716534045	1.0243902439024388	0.0	0.0	0.0	0	0	0	0.7636363636363638	35	0.0	0.823529411764706	2.339845738704331	0.823529411764706
7	http://www.cnn.com/2017/01/15/us/jimmy-superfly-snuka-obit/index.html	0.2837837837837839	0.014760147601476014	1.555555555555556	0.0	0.0	0.0	0	0	0	1.0243902439024388	44	0.041666666666666664	0.0	0.38461538461538464	1.1351351351351355
8	http://www.cnn.com/2017/01/13/entertainment/william-peter-blatty-dies/index.html	0.3	0.4323959216847596	0.7241379310344828	0.0	0.0	0.0	0	0	0	0.5833333333333333	20	0.043478260869565216	0.6086956521739129	0.38461538461538464	0.7368421052631577
9	http://money.cnn.com/2017/01/13/technology/digital-detox-founder-levi-felix-dies/index.html	0.03305785123966942	0.0	0.8936170212765956	0.02857142857142857	0.0	0	0	0	0	0.0	13	0.3474619899669434	0.49999999999999983	0.0	0.6666666666666667
10	http://www.cnn.com/2017/01/08/middleeast/iran-former-president-rafsanjani-dies/index.html	0.3134328358208956	0.4445388300425262	1.0499999999999998	0.0	0.0	0.0	0	0	0	0.7118644067796608	28	0.0	0.5384615384615383	0.38461538461538464	0.8936170212765956
11	http://www.cnn.com/2017/01/06/us/sea-world-orca-tilikum-dies/index.html	0.27631578947368424	1.8045776700728258	0.9999999999999997	0.0	0.0	0.0	0	0	0	0.6363636363636364	39	0.24938684503901895	0.7000000000000001	2.384615384615385	0.6774193548387096
12	http://www.diesrus.com/	0	0.0	0	0.0	0	0	0.0	0	0	0	111	0	3.5	0.0	1.2537313432835824
13	http://abcnews.go.com/International/wireStory/wealthy-romanian-businessman-jailed-bribing-judges-dies-45002005	0.823529411764706	0.0	0.823529411764706	0	0	0	0	0	0	0.0	39	0.42213740602464117	0.4466019417475727	2.314285714285714	0.6774193548387096
14	http://www.icscuttingtools.com/Dies.htm	0.3853211009174312	60.307002692890826	0	0	0	0	0	0	0	0.45652173913043465	1	0	1.5	0.0	1.75
15	https://en.m.wikipedia.org/wiki/Dies	0	0.0	10.5	0	0	0	0	0	0	0	3	0	1.5	0.0	2.625
16	https://www.merriam-webster.com/dictionary/die	1.8260869565217386	0.0	14.0	188.23348115299342	0	0.0	0.0	0.0	0	1.7149122807017545	62	0.11627906976744186	1.2352941176470587	3.8936170212765955	1.9999999999999993
17	https://www.yahoo.com/movies/	0	1.4	0	0	0.3215588476140847	0	0	0	0	0	7	0	0.0	0.0	0.0
18	http://www.usatoday.com/story/life/tv/2017/01/19/character-actor-miguel-ferrer-star-ncis-los-angeles-dies-61/96798040/	0	0.0	4.199999999999999	0	0	0.6086956521739129	0	0.0	0	0	19	1.7712248599233569	0.3925233644859813	0.0	0.6086956521739129
19	http://www.usatoday.com/story/sports/ncaaf/2017/01/23/craig-howard-tim-tebows-high-school-coach-dies-at-64/96948368/	0	0.0	1.3548387096774193	0	0	0.7636363636363638	0	0.0	0	0	9	1.4379987675235038	0.4000000000000001	0.39555555555555527	0.7636363636363638
20	http://www.usatoday.com/story/sports/mlb/2017/01/22/yordano-ventura-dies-kansas-city-royal/96920756/	0	0.0	0.6	0	0.0	0.6	0	0.0	0	0	21	1.9890836056833552	0.4719101123595504	0.0	0.6
21	http://www.usatoday.com/story/life/music/2017/01/21/maggie-roche-from-roches-sister-vocal-trio-dies-at-65/96888216/	0	0.0	0.7636363636363638	0	0	0.7636363636363638	0	0.0	0	0	11	0.7355030975986294	0.4038461538461539	0.0	0.7636363636363638
22	http://www.usatoday.com/videos/news/nation/2017/01/19/'matriarch'-gorilla-miami-zoo-dies/96764452/	0.19246861924686195	0.0	1.8400000000000003	0	0	1.2432432432432436	0	0.0	0	0	11	0.5417007133496072	0.5287356321839081	0.0	1.2432432432432436
23	http://www.usatoday.com/story/news/nation-now/2017/01/18/oldest-known-zoo-gorilla-dies-columbus-zoo/96710806/	0	0.0	1.0222222222222221	0	0	1.0222222222222221	0	0.0	0	0	18	1.4982972726430723	0.46938775510204067	0.7636363636363638	1.0222222222222221
24	http://www.usatoday.com/videos/news/nation/2017/01/17/nation's-oldest-known-gorilla-dies-60/96689598/	0.37398373983739847	0.0	1.3939393939393936	0	0	1.1499999999999997	0	0.0	0	0	11	0.8929506486348163	0.5111111111111111	0.0	1.1499999999999997
25	http://www.usatoday.com/videos/news/2017/01/17/last-man-walk-moon-dies/96648166/	0.0	0.0	1.2727272727272727	0	0	1.2727272727272727	0	0.0	0	0	11	0.129136400322841	0.6086956521739129	0.0	1.2727272727272727
26	http://www.usatoday.com/story/tech/nation-now/2017/01/16/last-moonwalker-dies/96641846/	0	0.0	0.9767441860465117	0	0	0.9767441860465117	0	0.0	0	0	20	1.9417869911886996	0.5526315789473685	0.0	0.9767441860465117
27	http://www.usatoday.com/story/news/health/2017/01/15/woman-dies-of-superbug/96611540/	0	0.0	0.875	0	0	0.875	0	0.0	0	0	15	0.367695828406549	0.5675675675675678	0.15384615384615385	0.875
30	https://www.yahoo.com/movies/	0	1.4	0	0	0.3215588476140847	0	0	0	0	0	7	0	0.0	0.0	0.0
31	https://www.amazon.com/Deep-Survival-Who-Lives-Dies/dp/0393326152	0.4329896907216495	1.3838297544906322	0	0.0	0.0	0.0	0	0	0	0.1105769230769231	36	0.26411932294285245	0.7924528301886792	9.512397334605001	0.4791666666666667
32	https://www.amazon.com/Psychology-Counseling-Books/b?ie=UTF8&node=11119	0.0	0.0	0	0.3846899224806201	0.0	0.0	0.0	0	0	0.2198952879581151	36	0.0	0.0	12.700171832524779	0.0
33	http://www.icscuttingtools.com/Dies.htm	0.3853211009174312	60.307002692890826	0	0	0	0	0	0	0	0.45652173913043465	1	0	1.5	0.0	1.75
34	http://kidshealth.org/en/kids/somedie.html	0.0	0.0	2.4444444444444446	0.0	1.0866666666666671	0	0	0	0	1.4924623115577886	4	4.056827253363449	1.2	0.0	2.4444444444444446
36	http://leeprecision.com/reloading-dies/	1.0769230769230766	0.0	3.0	0.4	0	0	0	0	0	2.754098360655738	23	0	1.3125	8.462215848035743	1.4000000000000001
37	http://www.cnn.com/2017/01/13/entertainment/william-peter-blatty-dies/index.html	0.3	0.4323959216847596	0.7241379310344828	0.0	0.0	0.0	0	0	0	0.5833333333333333	20	0.043478260869565216	0.6086956521739129	0.38461538461538464	0.7368421052631577
39	http://www.thesaurus.com/browse/dies	0.347107438016529	3.2966751918158557	14.0	0.0	0	0	0	0	0	3.5744680851063824	14	1.8368735987968905	1.6800000000000006	43.61087339895591	1.9090909090909083
40	http://www.rcbs.com/	0.0	0.0	0	0	0	0.0	0	0	0	0	17	0.0	0.0	0.0	0.0
41	http://www.mftstamps.com/die-namics	4.199999999999999	0.0	4.199999999999999	0	0	0	0	0.0	0	4.199999999999999	8	0.0	1.75	40.427499999999974	4.199999999999999
42	http://m.mlb.com/news/article/209499804/ralph-branca-dies/	0.0	0.21555516492674082	0.7118644067796608	0.7118644067796608	0.0	0.0	0	0	0	0.0	198	0.7616890955747389	0.823529411764706	0.291005291005291	1.555555555555556
43	http://www.youtube.com/user/sizzix	0.0	0.0	0	0.0	0.0	0	0	0	0	0.0	14	0.0	0.0	2.2424242424242413	0.0
44	http://www.thefreedictionary.com/die	1.3760000000000001	10.411356455657362	14.0	336.0	0	0	0	0	0	0.7544910179640717	366	0.5599999999999999	1.6800000000000006	513.9701377108926	1.8260869565217386
45	http://m.mlb.com/news/article/209499804/ralph-branca-dies/	0.0	0.21555516492674082	0.7118644067796608	0.7118644067796608	0.0	0.0	0	0	0	0.0	198	0.7616890955747389	0.823529411764706	0.291005291005291	1.555555555555556
46	https://www.spellbinderspaperarts.com/	0.415841584158416	0.0	0	0.5333333333333333	0	0.0	0	0	0	0.7148936170212765	14	0	0.0	0.0	0.7924528301886792
48	http://www.mlbtraderumors.com/2017/01/andy-marte-dies-in-car-crash.html	0	0.0	1.5714285714285716	0	0.0	0.0	0	0	0	0	29	6.096147171044322	0.7333333333333335	5.418181818181818	0.9361702127659572
49	https://www.ellenhutson.com/dies/	0	0.0	10.5	0	0	0.0	0	0	0	0	18	0.0	1.9999999999999993	10.5	1.8666666666666665
50	http://www.scrappingcottage.com/	0.2545454545454546	0.0	0	0	0	0	0	0	0	0.411764705882353	20	0	0.0	5.66883596625907	0.0
51	https://www.precisionreloading.com/	0.0	0.5311475409836066	0.0	0.0	0.07692307692307693	0	0	0	0	0.0	759	0.0	0.0	0.0	0.48837209302325585
52	http://abcnews.go.com/US	0.0	0.0	0	0	0	0	0	0	0	0.0	55	0	0.23529411764705882	2.314285714285714	0.0
53	https://www.scrapbook.com/store/cat/die+cutting.html	0.6028708133971292	0.0	3.8181818181818166	0	0.0	0	0	0	0	1.2086330935251797	6	0.65625	1.0499999999999998	4.18181818181818	2.0487804878048776
54	http://iostamps.com/mm5/merchant.mvc?Screen=CTGY&Category_Code=DIES	0	0.0	0	0	0	0	0	0	0	0	1	0.4666666666666666	0.7666666666666668	72.91666666666661	1.0499999999999998
55	http://www.npr.org/2016/11/26/6631562/former-cuban-leader-fidel-castro-dies-at-age-90	0.0	0.7225530083242979	0.8936170212765956	1.7872340425531912	0.0	0	0	0	0	0	13	1.1889586707919066	0.5675675675675678	0.0	0.75
56	http://leeprecision.com/reloading-dies/rifle-dies/	0.5656565656565656	0.0	4.199999999999999	1.3130434782608693	0	0	0	0	0	0.5656565656565656	25	0.0	1.9534883720930234	1.2434210526315796	1.6153846153846156
57	http://abcnews.go.com/Entertainment	0.0	0.0	0	0	0	0	0	0	0	0.0213903743315508	44	0	0.14285714285714285	2.314285714285714	0.0
59	http://www.sinclairintl.com/reloading-equipment/reloading-dies/index.htm	0.3157894736842105	0.0	3.0	0.2857142857142857	3.8181818181818166	4.8888888888888875	0	0	0	0.0	33	0.5714285714285714	0.6885245901639345	55.71961207272719	0.8076923076923078
60	http://www.sinclairintl.com/reloading-equipment/index.htm	0.0	0.0	0.0	0.2857142857142857	0	0.2222222222222222	0	0	0	0.0	33	0.5714285714285714	0.0	1.2727272727272727	0.0
61	http://abcnews.go.com/Entertainment	0.0	0.0	0	0	0	0	0	0	0	0.0213903743315508	44	0	0.14285714285714285	2.314285714285714	0.0
62	http://leeprecision.com/reloading-dies/hand-gun-dies/3-die-set-pistol/	0.5806451612903225	0.0	2.625	0.4	0	0	0	0	0	0.5806451612903225	23	0	1.9999999999999993	0.0	1.3125
63	http://www.tmz.com/	0.057971014492753624	0.0	0	0.0	0.0	0	0.0	0	0	0	96	1.785964677514035	0.0	7.427651310004252	0.0625
64	https://www.scrapbook.com/store/cat/die+cutting.html	0.6028708133971292	0.0	3.8181818181818166	0	0.0	0	0	0	0	1.2086330935251797	6	0.65625	1.0499999999999998	4.18181818181818	2.0487804878048776
67	http://redding-reloading.com/	0.5217391304347827	0	0	0	0.0	0	0	0	0	0.7435549525101762	10	0.0	0.0	0.0	0.0
68	http://www.pressdemocrat.com/	0.0	0.7763347763347763	0	0.07462686567164178	0.0	0.0	0	0	0	0	43	0.03968253968253968	0.0	0	0.0
69	https://www.amazon.com/Deep-Survival-Who-Lives-Dies/dp/0393326152	0.4329896907216495	0.2684354861320669	0	0.0	0.0	0.0	0	0	0	0.1105769230769231	36	0.26411932294285245	0.7924528301886792	9.190759907704416	0.4791666666666667
70	https://www.amazon.com/Psychology-Counseling-Books/b?ie=UTF8&node=11119	0.0	0.0	0	0.3846899224806201	0.0	0.0	0	0	0	0.2198952879581151	36	0.0	0.0	12.414457546810494	0.0
71	http://www.mscdirect.com/products/dies?rdrct=die	1.4399999999999995	35.90090090090089	10.5	0.0	0	0	0	0	0	3.5999999999999996	1	0.0	2.270270270270271	0.0	3.405405405405406
72	http://www.franticstamper.com/	0	0.4444444444444444	0.0	0.0	0	0	0	0	0	0	81	0	0.0	0.0	0.0
73	http://www.newsday.com/long-island	0.0	0.0	0.0	0.0	0.0	0	0	0	0	0	28	0.0	0.0	2.0	0.0
74	http://www.newsday.com/print-edition	0	0.0	0.0	0.0	0.0	0.0	0	0	0	0	26	0.0	0.0	0.5	0.0
75	http://www.newsday.com/special-sections	0	0.25	0	0	0	0	0	0	0	0	0	0	0.0	0.0	0.0
76	http://www.crafterscompanion.com/Dies_c_328.html	7.0	0.23529411764705882	10.5	0.0	0	0.0	0	0	0	3.8181818181818166	216	0.2787878787878788	1.1351351351351355	0.4444444444444444	10.5
77	http://www.scrappingcottage.com/	0.2545454545454546	0.0	0	0	0	0	0	0	0	0.411764705882353	20	0	0.0	5.66883596625907	0.0
78	http://ultimateclassicrock.com/magic-alex-dies/	0.5316455696202531	0	10.5	0	0.0	0.0	0	0	0	1.8260869565217386	11	1.6976682071158817	1.0499999999999998	0.4444444444444444	0.9130434782608693
79	https://tonic-studios.com/product-category/dies/	0	0.027972027972027972	10.5	0	0.0	0.5333333333333333	0	0	0	0	5	0.0	1.1499999999999997	16.607936507936486	10.5
80	http://www.accucut.com/	0.8513513513513515	0	0	0	0	0	0	0	0	0	7	0.0	0.0	0	0.6363636363636364
81	http://www.keydies.com/	0.49704142011834335	0	1.2857142857142858	0	0	0	0	0	0	0	39	0.6509828009828004	3.5	3.2307692307692313	2.7096774193548385
82	http://www.cabelas.com/category/Reloading-Dies/535998780.uts	1.0862068965517242	0.0	8.25	8.416666666666668	0.125	0.2222222222222222	0	0	0	0	16	0.5246913580246912	0.9387755102040813	0.0	5.210526315789474
83	http://www.cabelas.com/browse.cmd?categoryId=104792580	0.0	0.0	0.0	0.16666666666666666	0.125	0.0	0	0	0	0	18	0.022727272727272728	0.09302325581395349	0.0	0.0
84	http://www.cabelas.com/catalog/browse.cmd?N=1100193	0.27096774193548384	0.0	0.0	0.16666666666666666	0.125	0.2222222222222222	0	0	0	0	16	0.0	0.0	0.0	0.0
85	http://www.accucutcraft.com/dies-and-sets.html	0.27272727272727276	0	3.2307692307692313	0	0	2.0	0	0	0	0	12	0.0	1.2	11.88191302161889	3.2307692307692313
86	http://kidshealth.org/en/kids/somedie.html	0.0	0.0	2.4444444444444446	0.0	1.0866666666666671	0	0	0	0	1.4924623115577886	4	4.056827253363449	1.2	0.0	2.4444444444444446
87	http://php.net/manual/en/function.die.php	0	0.0	14.0	0	0.0	0	0	0	0	0	33	0.0	1.2352941176470587	14.947939973683322	2.4705882352941173
88	http://www.thesaurus.com/browse/dies	0.347107438016529	3.2966751918158557	14.0	0.0	0	0	0	0	0	3.5744680851063824	14	1.8368735987968905	1.6800000000000006	43.61087339895591	1.9090909090909083
89	https://www.accuquilt.com/	0.0	0.0	0.0	2.1739130434782603	0.0	0	0.0	0.0	0	0	3	4.882365064254364	0.0	1.7428571428571433	0.0
90	http://www.dictionary.com/browse/died	0.3650793650793651	1.2870776370776376	0	0	15.999999999999993	0	0	0	0	2.0487804878048776	27	0.16216216216216217	1.6153846153846156	399.78269301238606	2.333333333333333
91	http://www.newadvent.org/cathen/04787a.htm	0.0	0	6.0	0.0	0	0	0	0	0	0	106	19.253669319186564	0.0	11.25	1.3125
92	http://www.newadvent.org/cathen/d.htm	0.0	0	0.0	0	0	0	0	0	0	0	209	0.0	0.0	0	0.0
