index	url	description	div	h1	h2	h3	h4	h5	h6	inbound_links	keywords	outbound_links	p	root	span	title
1	http://www.oxforddictionaries.com/us/	0.0	0	0.0	0.0	0	0.0	0	0	0	0.0	14	0.0	0.0	0.0	0.0
2	https://www.verywell.com/what-is-an-extrovert-1449182	0	0.3333333333333333	0.3333333333333333	0.0	0.42857142857142855	0	0	0	0	0	8	1.3915163293885326	0.21951219512195122	0.2727272727272727	0.3333333333333333
3	http://www.differencebetween.com/difference-between-introvert-and-vs-extrovert/	0	0	0.21428571428571427	0	0	0.0	0	0	0	0	3	0.37260000002072363	0.1323529411764706	0.546673951048951	0.21428571428571427
4	http://www.differencebetween.com/category/people/	0	0	0	0	0	0.0	0	0	0	0	1	0.0	0.0	0.0	0.0
5	https://www.psychologytoday.com/basics/extroversion	0.043689320388349516	0.8025985496606949	0.0	0.36	0.0	0	0	0	0	0	5	0.4714039691651632	0.0	0.0	0.0
6	http://www.dictionary.com/browse/extrovert	0.14285714285714285	0.0	0	0	0.34615384615384615	0	0	0	0	0.35294117647058826	20	0.0	0.2903225806451613	15.486363636363636	0.391304347826087
7	https://www.buzzfeed.com/jessicamisener/frustrating-things-about-being-an-extrovert	0.0	0.1956521739130435	0.1956521739130435	0.0	0.0	0.0	0	0	0	0	48	0.15789473684210525	0.1267605633802817	0.0	0.1956521739130435
8	http://thoughtcatalog.com/macy-sto-domingo/2014/03/6-things-every-extrovert-secretly-has-to-deal-with/	0	0.18	0.2	0.0	0.13432835820895522	0.0	0	0	0	0	42	0.5776945271429619	0.09473684210526316	0.5159705159705159	0.1323529411764706
9	https://www.merriam-webster.com/dictionary/extrovert	0.13740458015267176	0.0	1.0	9.827852998065765	0	0.0	0.0	0.0	0	0.2011173184357542	41	0.0	0.225	0.0	0.3333333333333333
10	http://www.thefreedictionary.com/extrovert	0.19217081850533807	0.6233766233766234	1.0	10.0	0	0	0	0	0	0.14594594594594595	148	0.0	0.2903225806451613	20.525398194210812	0.3103448275862069
11	https://www.psychologytoday.com/collections/201207/introverts-extroverts	0.0	0.4436891602045867	0.391304347826087	0.0	0.0	0	0	0	0	0	4	0.0	0.15	0.0	0.21428571428571427
12	https://en.wikipedia.org/wiki/Extraversion_and_introversion	0	0.0	0.0	0.0	0.0	0	0	0	0	0	83	1.0378095307989497	0.0	0.08333333333333333	0.0
13	http://www.hulu.com/watch/952161	0.10112359550561797	0.0	0	0	0	0	0	0	0	0	0	0	0.0	0	0.09473684210526316
14	http://www.aol.com/video/view/introvert-in-a-world-of-extroverts/518838037/	0.036290322580645164	0.0	0.2647058823529412	0.0	0.0	0	0	0	0	0	5	0.036290322580645164	0.140625	0.0	0.20454545454545456
15	https://www.verywell.com/what-is-extroversion-2795994	0	0.0	0.0	0.0	0.0	0	0	0	0	0	12	0.7543663445332901	0.0	0.5539772727272727	0.0
16	http://www.quietrev.com/5-myths-about-introverts-and-extroverts/	0.08256880733944955	0.0	0.23076923076923078	0	0	0.0	0.0	0	0	0	67	8.79128794656406	0.16981132075471697	0.0	0.23076923076923078
17	http://www.myersbriggs.org/my-mbti-personality-type/mbti-basics/extraversion-or-introversion.htm	0.0	0.0	0	0.0	0	0	0	0	0	0.0	0	0.05421686746987952	0.0	0.0	0.0
18	http://oureverydaylife.com/characteristics-extroverted-personality-8632562.html	0.0	0.0	0.2	0.28125	0	0.0	0	0	0	0	5	1.7055439604725493	0.125	0.0	0.13846153846153847
19	http://www.huffingtonpost.com/news/extroverts/	0	0.0	0.9	0	0.0	0	0	0	0	0	15	0.4676866079622395	0.2571428571428571	0.0	0.9
20	http://www.huffingtonpost.com/2014/11/07/physical-behavior-of-introverts_n_6069438.html	0.10465116279069768	0.0	0.0	0.0	0	0.0	0	0	0	0.072	43	0.39085961272406816	0.0	0.0	0.0
21	http://www.differencebetween.com/difference-between-introvert-and-vs-extrovert/	0	0	0.21428571428571427	0	0	0.0	0	0	0	0	3	0.37260000002072363	0.1323529411764706	0.546673951048951	0.21428571428571427
22	http://www.differencebetween.com/category/people/	0	0	0	0	0	0.0	0	0	0	0	1	0.0	0.0	0.0	0.0
23	http://www.wikihow.com/Be-an-Extrovert	0.0743801652892562	0.0	0	0	0.0	0	0	0	0	0.08737864077669903	6	0.02368421052631579	0.3333333333333333	0.0	0.1875
24	http://www.quietrev.com/the-introvert-test/	0.0	0	0.0	0	0	0.0	0	0	0	0	18	0.16666666666666666	0.0	0.0	0.2647058823529412
25	http://www.thefreedictionary.com/extroverts	0.1888111888111888	0.6183932346723044	1.0	10.0	0	0	0	0	0	0.14361702127659576	145	0.0	0.28125	18.22539819421081	0.3
26	http://gawker.com/15-unmistakable-outrageously-secret-signs-youre-an-ex-1182875137	0.0	0.0	0.6	0	0	0	0.0	0	0	0	9	0.2202111820917586	0.0	0.9	0.6
27	http://www.medicaldaily.com/brain-introvert-compared-extrovert-are-they-really-different-299064	0.06766917293233082	0.0	0.10465116279069768	0.4090909090909091	0	0	0	0	0	0.0	11	0.2554173665605489	0.10714285714285714	0.06293706293706294	0.10465116279069768
28	http://www.urbandictionary.com/define.php?term=extrovert	0	1.7003904476858929	0	0	0.0	0	0	0	0	0	134	0.0	0.2	0.0	0.3333333333333333
29	https://www.vocabulary.com/dictionary/extrovert	0.11612903225806452	0.0	1.0	0.0	0.0	0.0	0	0	0	0	5	0.0	0.2571428571428571	1.0	0.18
30	http://www.hulu.com/watch/952161	0.10112359550561797	0.0	0	0	0	0	0	0	0	0	0	0	0.0	0	0.09473684210526316
31	http://www.aol.com/video/view/introvert-in-a-world-of-extroverts/518838037/	0.036290322580645164	0.0	0.2647058823529412	0.0	0.0	0	0	0	0	0	5	0.036290322580645164	0.140625	0.0	0.20454545454545456
32	http://www.wikihow.com/Go-from-Introvert-to-Extrovert	0.0375	0.3799859164697284	0	0	0.0	0.0	0	0	0	0.07627118644067797	62	0.0	0.21428571428571427	0.0	0.18
33	http://blogs.discovermagazine.com/crux/2013/08/27/are-the-brains-of-introverts-and-extroverts-actually-different/	0.059602649006622516	0.0	0.0	0.0	0.0	0.4090909090909091	0.0	0.0	0	0	96	4.987307967955198	0.08490566037735849	0.0	0.12162162162162163
34	http://www.lifehack.org/articles/communication/10-things-remember-you-love-extrovert.html	0.060810810810810814	0.0	0.391304347826087	0.0	0.0	0.0	0.0	0	0	0	27	1.1593152133707443	0.11538461538461539	0.0	0.1956521739130435
35	http://www.thefreedictionary.com/extroverts	0.1888111888111888	0.6183932346723044	1.0	10.0	0	0	0	0	0	0.14361702127659576	145	0.0	0.28125	18.22539819421081	0.3
37	https://www.vocabulary.com/dictionary/extrovert	0.11612903225806452	0.0	1.0	0.0	0.0	0.0	0	0	0	0	5	0.0	0.2571428571428571	1.0	0.18
40	http://www.urbandictionary.com/define.php?term=extrovert	0	1.7003904476858929	0	0	0.0	0	0	0	0	0	134	0.0	0.2	0.0	0.3333333333333333
41	http://www.inc.com/yoram-solomon/the-most-creative-types-are-introverts-and-extroverts.html	0.08823529411764706	0.2518716577540107	0	0	0	0	0	0	0	0	24	0.0	0.1125	0.0	0.13846153846153847
42	http://www.wsj.com/articles/not-an-introvert-not-an-extrovert-you-may-be-an-ambivert-1438013534	0.0	0	0	0	0	0	0	0	0	0.0743801652892562	0	0	0.10714285714285714	0	0.140625
43	http://www.cvtips.com/career-choice/extroverts.html	0	0.0	0.9	0	0	0	0	0	0	0	1	1.582786465257543	0.225	0	0.391304347826087
44	https://www.merriam-webster.com/dictionary/extroversion	0.0	0.0	0.0	0.0	0	0.0	0.0	0	0	0.0	35	0.0	0.0	0.0	0.0
45	http://www.forbes.com/sites/susanadams/2014/03/04/the-10-best-jobs-for-introverts/	0.0	0	0	0	0	0	0	0	0	0.0	0	0.0	0.0	0.0	0.0
46	https://www.datalounge.com/thread/11395693-introverts-and-extroverts	0.0	0.0	0.36	0	0.0	0.0	0	0	0	0.0	7	1.2440161299419097	0.16071428571428573	0.0	0.36
47	https://www.washingtonpost.com/national/on-leadership/why-extroverts-fail-introverts-flounder-and-you-probably-succeed/2013/01/28/bc4949b0-695d-11e2-95b3-272d604a10a3_story.html	0	0.0	0.13846153846153847	0	0	0.0	0	0	0	0.09917355371900827	11	0.3521621180950848	0.05454545454545454	0.0	0.10344827586206896
48	http://lessons4living.com/intoversion__extroversion.htm	0	0	0	0	0	0	0	0	0	0	9	0	0.0	0	0.0
49	http://www.businessnewsdaily.com/2320-introvert-extrovert-quiz.html	0.0625	0.0	0.17647058823529413	0	0	0	0	0	0	0	44	0.8733947574209537	0.16071428571428573	0.0	0.14516129032258066
50	http://www.cvtips.com/career-choice/extroverts.html	0	0.0	0.9	0	0	0	0	0	0	0	1	1.582786465257543	0.225	0	0.391304347826087
51	https://www.facebook.com/The-Extroverts-198419153023/	0.11764705882352941	1.1444311266826481	0	0	0	0	0	0	0	0	0	2.3622397385763896	0.21951219512195122	2.9157804714806277	0.36
52	http://www.livescience.com/37427-extroverts-have-different-brain-processes.html	0.05844155844155844	0.07894736842105263	0.16363636363636364	0	0.0	0	0	0	0	0	50	0.3093243091112193	0.1323529411764706	0.0	0.18
53	http://www.medicaldaily.com/extroverts-are-happier-introverts-no-matter-cultural-setting-277794	0.06818181818181818	0.0	0.12857142857142856	0.0	0	0	0	0	0	0.0	11	0.0	0.10714285714285714	0.06818181818181818	0.12857142857142856
54	http://www.puckermob.com/lifestyle/8-signs-you-may-be-an-outgoing-introvert	0.10465116279069768	0	0.0	0.0	0.0	0.0	0.0	0	0	0.08256880733944955	20	0.29951772932290605	0.0	0.15	0.0
55	https://en.wikipedia.org/wiki/Extraversion_and_introversion	0	0.0	0.0	0.0	0.0	0	0	0	0	0	83	1.0378095307989497	0.0	0.08333333333333333	0.0
56	http://www.payprosonline.com/workplace-psychology-introverts-vs-extroverts	0	0.0	0	0.0	0	0.0	0	0	0	0	2	1.078288831596541	0.14285714285714285	0.0	0.15789473684210525
57	https://www.reddit.com/r/extroverts/	0.0	0.0	0.0	0.2903225806451613	0	0	0	0	0	0.0	14	1.1568673290473408	0.375	0.0	0.9
58	http://io9.gizmodo.com/the-science-behind-extroversion-and-introversion-1282059791	0.028846153846153848	0.0	0	0	0.0	0.0	0.0	0	0	0.0	82	1.5521577952598533	0.0	0.0	0.16363636363636364
59	http://www.webmd.com/balance/rm-quiz-introverts-extroverts	0.0703125	0.0	0.2	1.89642451501522	0.0	0.0	0.0	0	0	0.14754098360655737	6	2.214627930806992	0.19148936170212766	0.0	0.1232876712328767
60	https://hbr.org/2015/03/introverts-extroverts-and-the-complexities-of-team-dynamics	0.0	0.0	0.14754098360655737	0	0.0	0.0	0.0	0.0	0	0	22	0.34519144664210727	0.12	0.0	0.14754098360655737
61	http://io9.gizmodo.com/the-science-behind-extroversion-and-introversion-1282059791	0.028846153846153848	0.0	0	0	0.0	0.0	0.0	0	0	0.0	82	1.5521577952598533	0.0	0.0	0.16363636363636364
62	http://lessons4living.com/intoversion__extroversion.htm	0	0	0	0	0	0	0	0	0	0	9	0	0.0	0	0.0
63	https://www.washingtonpost.com/national/on-leadership/why-extroverts-fail-introverts-flounder-and-you-probably-succeed/2013/01/28/bc4949b0-695d-11e2-95b3-272d604a10a3_story.html	0	0.0	0.13846153846153847	0	0	0.0	0	0	0	0.09917355371900827	11	0.3521621180950848	0.05454545454545454	0.0	0.10344827586206896
64	http://www.dictionary.com/browse/extroverted	0.13846153846153847	0.0	0	0	0.32142857142857145	0	0	0	0	0.32727272727272727	13	0.0	0.2727272727272727	15.395454545454546	0.36
65	https://www.monster.com/career-advice/article/self-promotion-for-introverts	0.061224489795918366	0	0.16363636363636364	0.08256880733944955	0.0	0	0	0	0	0.047872340425531915	21	0.13199426111908177	0.0	0.16363636363636364	0.25
66	https://www.monster.com/career-advice/professional-development	0.0	0	0.0	0	0.0	0	0.0	0	0	0.0	23	0.0	0.0	0.0	0.0
67	http://www.forbes.com/sites/susanadams/2014/03/04/the-10-best-jobs-for-introverts/	0.0	0	0	0	0	0	0	0	0	0.0	0	0.0	0.0	0.0	0.0
68	http://www.businessnewsdaily.com/2320-introvert-extrovert-quiz.html	0.0625	0.0	0.17647058823529413	0	0	0	0	0	0	0	44	0.8733947574209537	0.16071428571428573	0.0	0.14516129032258066
69	http://www.preludecharacteranalysis.com/blog/extravert-or-extrovert	0.02278481012658228	0.0	0.8181818181818182	0.0	0.0	0	0	0.0	0	0	14	0.1604775481111903	0.32142857142857145	0.0	0.35294117647058826
71	http://www.payprosonline.com/workplace-psychology-introverts-vs-extroverts	0	0.0	0	0.0	0	0.0	0	0	0	0	2	1.078288831596541	0.14285714285714285	0.0	0.15789473684210525
72	http://theundercoverrecruiter.com/what-careers-suit-introverts-extroverts/	0.08333333333333333	0.0	0	0.47115060646900264	0	0	0	0	0	0	8	0.19773519163763065	0.13432835820895522	0.0	0.1836734693877551
73	http://www.theadventurouswriter.com/blog/extrovert-at-work-personality-traits-of-extroverted-people/	0.04639175257731959	0	0.14516129032258066	0.225	1.1908717144924041	0	0	0	0	0	3	3.973209068451408	0.20224719101123595	0.0	0.14516129032258066
74	http://flowpsychology.com/famous-extroverts/	0.05625	0.0	0.5294117647058824	0	0	0	0	0	0	0	0	0.22470896048197375	0.24324324324324326	0.0	0.2571428571428571
75	http://flowpsychology.com/category/arousal/	0	0.0	0.0	0	0	0	0	0	0	0	0	0	0.0	0.0	0.0
76	https://www.datalounge.com/thread/11395693-introverts-and-extroverts	0.0	0.0	0.36	0	0.0	0.0	0	0	0	0.0	7	1.2440161299419097	0.16071428571428573	0.0	0.36
