index	url	description	div	h1	h2	h3	h4	h5	h6	inbound_links	keywords	outbound_links	p	root	span	title
1	https://www.firstborn.com/	0.07317073170731707	0.0	0.0	2.0625	0.0	0	0	0	0	0	8	0.0	1.2857142857142858	5.762369337979095	2.0
2	http://www.imdb.com/title/tt4399590/	0.0	0.0	2.0	0.0	0.0	0.0	0.0	0	0	0.0	10	0.0	0.0	0.0	0.782608695652174
3	https://www.rottentomatoes.com/m/firstborn_1984/	0	0.011834319526627219	4.0	0.0	0.0	0	0	0	0	0	29	0.7087087087087087	0.5	0.0	2.0
4	https://www.merriam-webster.com/dictionary/firstborn	0.6428571428571429	0.0	2.0	4.382978723404255	0	0.0	0.0	0	0	0.1267605633802817	30	0.0	0.45	0.0	0.6666666666666666
5	http://www.thefreedictionary.com/firstborn	0.4166666666666667	0.42857142857142855	2.0	2.0	0	0	0	0	0	0.2918918918918919	107	0.0	0.5806451612903226	28.0	0.6206896551724138
6	https://en.wikipedia.org/wiki/Firstborn	0	0.0	2.0	0.0	0.0	0	0	0	0	0	14	0.4229944337748137	0.5806451612903226	0.0	0.8571428571428571
7	http://www.imdb.com/title/tt0087263/	0.0	0.0	2.0	0.0	0.0	0.0	0.0	0	0	0.0	15	0.1189655172413793	0.0	0.0	0.782608695652174
8	https://bible.org/question/what-significance-%E2%80%9Cfirstborn%E2%80%9D-bible	0.04265402843601896	0	0	0.33962264150943394	0	0.0	0	0	0	0	3	15.9615564905364	0.2571428571428571	0.0	0.27692307692307694
9	http://www.tor.com/2008/12/17/firstborn/	0	0.0	0.0	0.0	0.0	0	0	0	0	0	6	0.0	0.6206896551724138	0.0	0.9473684210526315
10	http://www.jewishvirtuallibrary.org/jsource/judaica/ejud_0002_0007_0_06494.html	0.0	0.0	2.0	0	0.0	0	0	0	0	0.0	15	0.5153265560522681	0.0	0	2.0
11	https://www.firstborn.com/work/295	0	0.0	0	0	0.0	0.0	0	0	0	0	9	0.22383135984428365	0.8181818181818182	5.2857142857142865	0.2465753424657534
12	http://www.dictionary.com/browse/firstborn	0.4411764705882353	1.0	0	0	0.6923076923076923	0	0	0	0	0.7058823529411765	24	0.0	0.5806451612903226	10.0	0.782608695652174
13	https://www.amazon.com/Firstborn-Legacy-Urban-Fantasy-novel-ebook/dp/B00SQ1I1TW	0.16216216216216217	0.14111511618989184	0	0.0	0.0	0	0	0	0	0.0891089108910891	36	0.0	0.26865671641791045	0.7870129870129869	0.16216216216216217
14	https://www.amazon.com/books-used-books-textbooks/b?ie=UTF8&node=283155	0.0	0.0	0	0.0	0.0	0	0	0	0	0.0	36	0.0	0.0	0.0	0.0
15	https://www.amazon.com/Literature-Fiction-Books/b?ie=UTF8&node=17	0.0	0.0	0	0.0	0.0	0.0	0	0	0	0.0	36	0.0	0.0	0.0	0.0
16	https://www.amazon.com/Genre-Fiction-Literature-Books/b?ie=UTF8&node=10134	0.0	0.0	0	0.0	0.0	0.0	0.0	0	0	0.0	36	0.0	0.0	0.0	0.0
18	http://asianwiki.com/The_Firstborn	0	0.0	1.3846153846153846	0.0	0.0	0	0.0	0	0	0	9	0.07228915662650602	0.6666666666666666	0.0	0.72
19	http://bible.knowing-jesus.com/topics/Firstborn	0.24324324324324326	0.0	2.0	1.6973684210526314	28.0	0	0	0	0	0	25	12.139631933684198	0.45	0.759987515186431	0.5806451612903226
20	https://bible.org/article/jesus-and-christians-firstborn	0.0736196319018405	0	0	2.0	0.33962264150943394	0.0	0.0	0	0	0	6	0.7024668876253826	0.375	0.0	2.0
21	https://www.gotquestions.org/Jesus-first-born.html	0	0	0	0	0	0	0	0	0	0	99	0	0.0	0.0	0.0
22	http://www.biblestudyguide.org/articles/jesus-who-is-jesus-series/who-is-jesus-firstborn.htm	0	0	0	0	0	0	0	0	0	0.35294117647058826	25	1.1002030163112335	0.2222222222222222	0	0.6428571428571429
23	http://memory-alpha.wikia.com/wiki/Firstborn_(episode)	0.0	0.0	0.9473684210526315	1.6363636363636365	0.0	0	0	0	0	0.08294930875576037	53	0.0	0.3829787234042553	0.0	0.3
24	http://wiki.guildwars2.com/wiki/Firstborn	0	0.0	2.0	0.0	0.0	0	0	0	0	0	6	0.0	0.5294117647058824	1.44	0.5
25	http://www.barnesandnoble.com/w/firstborn-brandon-sanderson/1103089517	0.16666666666666666	0.0	2.0	0.0	0.0	2.0	0	0	0	0	15	0.0	0.3050847457627119	0.0	0.3050847457627119
26	http://www.thesaurus.com/browse/firstborn	0.14285714285714285	0.0	2.0	0.0	0	0	0	0	0	1.0746268656716418	14	0.0	0.6	8.153846153846155	0.6666666666666666
27	http://warhammer40k.wikia.com/wiki/Vostroyan_Firstborn	0.1836734693877551	3.200331318988081	0.9473684210526315	0.0	0.0	0	0	0	0	0.12244897959183673	51	3.18353952751693	0.3829787234042553	1.1531531531531531	0.29508196721311475
28	http://www.biblestudyguide.org/articles/jesus-who-is-jesus-series/who-is-jesus-firstborn.htm	0	0	0	0	0	0	0	0	0	0.35294117647058826	25	1.1002030163112335	0.2222222222222222	0	0.6428571428571429
29	https://www.amazon.com/Firstborn-Time-Odyssey-Arthur-Clarke/dp/0345491580	0.23076923076923078	1.7614605116254385	0	0.0	0.0	0	0.0	0	0	0.0430622009569378	36	0.0	0.29508196721311475	2.611993160723009	0.1935483870967742
30	https://www.amazon.com/Science-Fiction-Fantasy-Books/b?ie=UTF8&node=25	0.0	0.0	0	0.0	0.0	0.0	0.0	0	0	0.0	36	0.0	0.0	0.0	0.0
31	https://www.amazon.com/Science-Fiction-Fantasy-Books/b?ie=UTF8&node=16272	0.0	0.0	0	0.0	0.0	0.0	0.0	0	0	0.0	36	0.0	0.0	0.0	0.0
32	http://www.biblestudytools.com/dictionary/firstborn/	0.6792452830188679	0.0	2.0	0.0	0.0	0.0	0	0	0	0.5454545454545454	32	1.061696941757503	0.43902439024390244	0.0	0.35294117647058826
33	http://www.biblestudytools.com/dictionaries/bakers-evangelical-dictionary/firstborn.html	0.23225806451612904	0.0	2.0	0.0	0.0	0.0	0	0	0	0.07725321888412018	32	1.061696941757503	0.23376623376623376	0.0	1.0588235294117647
34	http://www.facebook.com/firstborn.nyc	0.23076923076923078	1.190994228082968	0	0	0	0	0	0	0	0	0	0.7637956204379561	0.6923076923076923	3.2857142857142856	0.9
35	http://bible.knowing-jesus.com/topics/Firstborn	0.24324324324324326	0.0	2.0	1.6973684210526314	28.0	0	0	0	0	0	25	12.139631933684198	0.45	0.759987515186431	0.5806451612903226
36	http://brandonsanderson.com/firstborn/	0	0.0	0	0	0.0	0.0	0	0	0	0	14	2.0	0.5806451612903226	0.0	2.0
37	https://jesus.christ.org/faq/what-does-it-mean-that-jesus-is-the-firstborn	0.0728744939271255	0.0	0.5294117647058824	0	0.0	0.0	0	0	0	0	21	3.5539160386958355	0.2727272727272727	0.0	0.391304347826087
38	https://www.gotquestions.org/Jesus-first-born.html	0	0	0	0	0	0	0	0	0	0	99	0	0.0	0.0	0.0
39	http://wiki.guildwars2.com/wiki/Firstborn	0	0.0	2.0	0.0	0.0	0	0	0	0	0	6	0.0	0.5294117647058824	1.44	0.5
40	http://www.dictionary.com/browse/first-born	0.17391304347826086	1.7815126050420167	0	0	0.0	0	0	0	0	0.0	20	0.0	0.0	6.0	0.0
41	https://www.biblegateway.com/quicksearch/?quicksearch=firstborn&qs_version=NIV	0	0.0	0.0	0	0.0	0.0	0.0	0	0	0	75	0.0	0.2727272727272727	17.908220504671977	0.6923076923076923
43	http://www.dictionary.com/browse/first-born	0.17391304347826086	1.7815126050420167	0	0	0.0	0	0	0	0	0.0	20	0.0	0.0	6.0	0.0
44	https://en.wiktionary.org/wiki/firstborn	0	0.0	2.0	0.0	0.0	0	0	0	0	0	49	0	0.5625	0.0	0.8181818181818182
45	https://www.goodreads.com/book/show/22546587-firstborn	0.11538461538461539	0.4	2.0	0.0	0.0	0	0	0	0	0	0	0.0	0.42857142857142855	2.254286212470906	0.28125
46	http://biblehub.com/greek/4416.htm	0	0.0	0	0	0	0	0	0	0	0	2	0.0	0.0	30.911051646122644	0.0
47	https://www.lds.org/scriptures/bd/firstborn?lang=eng	0	0.0	0	2.0	0	0.0	0	0	0	0	8	0.5702286902286903	0.45	2.0	2.0
48	http://adage.com/lookbook/listing/firstborn/2533	0.12162162162162163	0	2.0	0	0	0	0	0	0	0	6	0.07964601769911504	0.43902439024390244	0.0	0.28125
49	http://www.drama.net/the-firstborn	0.18556701030927836	0.0	1.3846153846153846	1.912555683880548	0.0	0	0	0	0	0	10	0	0.782608695652174	0.0	0.5714285714285714
50	http://www.churchofthefirstborn.org/	0.13846153846153847	0	0	0	0	0	0	0	0	0.24545454545454545	7	0	0.72	0	0.782608695652174
51	https://firstbornla.org/	0.0	0.0	0.0	0	0	0	0	0	0	0	7	0.12949640287769784	1.125	0.0	0.0
52	http://www.parents.com/baby/development/social/birth-order-and-personality/	0.1651376146788991	0	0.0	0.0	0.0	2.0	0.0	0	0	0	26	1.2217710514836908	0.0	0.0	0.0
53	http://elitedaily.com/life/culture/firstborn-children-are-more-intelligent/874899/	0.3	0.0	0.25	0.24324324324324326	0.0	0.0	0.0	0	0	0.6	55	1.089102991647457	0.24	0.0	0.25
54	http://www.kingjamesbibleonline.org/Firstborn/	0.3103448275862069	0.0	2.0	0.0	0	0.0	0	0	0	0.21176470588235294	117	0.0	0.5142857142857142	0.0	0.8181818181818182
55	http://www.today.com/health/firstborn-girl-scientists-find-one-unexpected-disadvantage-t40921	0.22784810126582278	0.0	0.3103448275862069	1.3373134328358207	0	0.0	0	0	0	0	19	0.7725434904974707	0.21951219512195122	0.0	0.2535211267605634
56	http://www.equip.org/article/firstborn-how-to-do-a-word-study/	0	0	0.5294117647058824	0	0.0	0	0	0	0	0	7	6.800800210020159	0.35294117647058826	0.0	0.28125
57	http://christiananswers.net/dictionary/first-born.html	0.0	0.0	0.0	0	0	0	0	0	0	0	0	0.35294117647058826	0.0	0	0.0
58	http://october-daye.wikia.com/wiki/Firstborn	0.375	0.0	2.0	0.0	0.0	0	0	0	0	0.22929936305732485	62	1.405433447098976	0.4864864864864865	0.0	0.32727272727272727
59	http://tolkiengateway.net/wiki/Firstborn	0	0.0	2.0	0	0	0	0.0	0	0	0	4	0	0.5454545454545454	0.0	0.6666666666666666
60	http://elitedaily.com/life/culture/firstborn-children-are-more-intelligent/874899/	0.3	0.0	0.25	0.24324324324324326	0.0	0.0	0.0	0	0	0.6	55	1.089102991647457	0.24	0.0	0.25
62	http://www.equip.org/article/firstborn-how-to-do-a-word-study/	0	0	0.5294117647058824	0	0.0	0	0	0	0	0	7	6.800800210020159	0.35294117647058826	0.0	0.28125
63	https://jesus.christ.org/faq/what-does-it-mean-that-jesus-is-the-firstborn	0.0728744939271255	0.0	0.5294117647058824	0	0.0	0.0	0	0	0	0	21	3.5539160386958355	0.2727272727272727	0.0	0.391304347826087
64	http://crosswordtracker.com/clue/firstborn/	0.5	0.0	0	1.2	0.0	0.0	0	0	0	0	1	0	0.5	0	0.5454545454545454
65	http://www.studylight.org/con-dic-enc.cgi?action=redir&sec=dic&abbr=hdn&n=957	0.10285714285714286	0.0	0.0	0.0	2.0	0	0	0	0	0.144	2	1.8	0.0	0.0	0.20224719101123595
66	https://www.moviefone.com/movie/firstborn/1011957/main/	0.11688311688311688	0.0	2.0	0.0	0.0	0	0	0	0	0	21	0	0.4186046511627907	0.0	0.5
67	http://www.barnesandnoble.com/w/firstborn-arthur-c-clarke/1100292991	0.1258741258741259	1.3846153846153846	0.5294117647058824	0.0	0.0	0	0	0	0	0	15	2.8394909218967945	0.3157894736842105	0.5294117647058824	0.1935483870967742
68	http://www.youtube.com/channel/UCFR8cbjsNutg0nHcm6LRccw	0	0.0	0	2.0	0.0	0	0	0	0	0.0	5	0.0	0.0	0.0	0.9
69	http://www.thewrap.com/corey-haims-movies-from-firstborn-to-license-to-drive-photos/	0.0	0	2.0	0	0.0	0	0	0	0	0	11	0.42753488372093024	0.2465753424657534	0.0	2.0
70	http://www.parents.com/baby/development/social/birth-order-and-personality/	0.1651376146788991	0	0.0	0.0	0.0	2.0	0.0	0	0	0	26	1.2217710514836908	0.0	0.0	0.0
