index	url	description	div	h1	h2	h3	h4	h5	h6	inbound_links	keywords	outbound_links	p	root	span	title
1	http://en.wikipedia.org/wiki/Halftone	0	0.25272331154684097	2.0	0.0	0.0	0	0	0	0	0	40	0.7301006281741702	0.5333333333333333	1.0666666666666667	0.8
2	http://creativecommons.org/licenses/by-sa/3.0/	0	0.0	0	0	0.0	0	0	0	0	0	42	0.0	0.0	0.0	0.0
3	https://itunes.apple.com/us/app/halftone-turn-photos-into/id419957803?mt=8	0.1523809523809524	0.0	0.45714285714285713	0.0	0.0	0.0	0	0	0	0.1032258064516129	14	0.40629652950109263	0.24242424242424243	0.0	0.3076923076923077
4	https://www.merriam-webster.com/dictionary/halftone	0.4383561643835616	0.0	2.0	4.3478260869565215	0	0.0	0.0	0	0	0.11347517730496454	27	0.0	0.41025641025641024	0.0	0.6153846153846154
5	http://www.dictionary.com/browse/halftone	0.10526315789473684	0.629049872588278	0	0	0.64	0	0	0	0	0.6530612244897959	17	0.0	0.5333333333333333	16.88888888888889	0.7272727272727273
6	http://download.cnet.com/Halftone/3000-18498_4-10963905.html	0.1	2.0	0	0.0	0.0	0.0	0	0	0	0.8888888888888888	41	0.0	0.3018867924528302	2.0	0.24615384615384617
7	http://download.cnet.com/s/design-photoshop/windows/?tag=bc	0.0	0.0	0.0	0.0	0.0	0.0	0	0	0	0	28	0.0	0.0	0.0	0.0
8	http://www.sketchbook.com/blog/comic-halftone-brush-set/	0.12698412698412698	0.0	0.6666666666666666	0	0.5161290322580645	0	0	0	0	0	26	0.6014956499466085	0.35555555555555557	0.0	0.3018867924528302
10	http://halftonebodyworks.com/	0.7619047619047619	0.0	0.0	0	0	0	0.0	0	0	0	108	0.0	0.7272727272727273	0.8888888888888888	0.7619047619047619
11	https://halftonepro.com/	0.4	0.0	1.4545454545454546	0.8181818181818181	0	0.0	0	0	0	0	2	0	1.0	0.0	0.6808510638297872
12	http://t-biznetwork.com/articles/screenprinting/halftone-dots-made-easy/	0.10256410256410256	0.0	0.6956521739130435	0	0.0	0	0	0	0	0.21621621621621623	34	1.3894412698585041	0.24615384615384617	0.6956521739130435	0.64
13	http://halftone.us/	0.20512820512820512	0	1.3582342954159592	1.1596638655462184	0	0	0.3902439024390244	0	0	0	4	2.0320433420842217	1.3333333333333333	2.848374855634384	1.13151364764268
14	http://halftone.co/	0	0.0	0	0.0	0	0	0	0	0	0	6	0.2807017543859649	1.3333333333333333	0.0	0.3137254901960784
15	http://www.shutterstock.com/blog/how-to-halftone-images-in-adobe-photoshop	0.11594202898550725	0.0	0.3137254901960784	0.0	0.0	0	0.0	0	0	0	17	0.4537454616851324	0.25396825396825395	0.0	0.23880597014925373
16	http://t-biznetwork.com/articles/screenprinting/halftone-dots-made-easy/	0.10256410256410256	0.0	0.6956521739130435	0	0.0	0	0	0	0	0.21621621621621623	34	1.3894412698585041	0.24615384615384617	0.6956521739130435	0.64
17	https://www.facebook.com/HALFTONE.ie	0.21768707482993196	0.8908863920099875	0	0	0	0	0	0	0	0	0	2.208147099861892	0.6666666666666666	0.0	0.8421052631578947
18	https://www.vecteezy.com/abstract/383-halftone-textures	0.0	0.9411764705882353	0.9411764705882353	0.0	0.0	0.0	0	0	0	0	14	0.07960199004975124	0.37209302325581395	0.0	0.26666666666666666
19	http://creativepro.com/how-to-make-amazing-halftone-effects-with-photoshop/	0	0.0	0.3137254901960784	0	0.6956521739130435	0.24242424242424243	0	0.0	0	0	15	1.872604717661037	0.23529411764705882	0.0	0.2318840579710145
20	http://creativepro.com/category/blogs/dablog/	0	0.0	0.0	0	0	0.0	0	0.0	0	0	8	0.0	0.0	0.0	0.0
21	http://vectips.com/tutorials/creating-halftone-effects/	0.10596026490066225	0.0	0.3018867924528302	0.0	2.910924369747899	0.0	0	0	0	0	95	5.809258892056331	0.3333333333333333	0.3018867924528302	0.3137254901960784
22	https://itunes.apple.com/us/app/halftone-2-comic-book-creator/id603139024?mt=8	0.15841584158415842	0.0	0.5161290322580645	0.0	0.0	0.0	0	0	0	0.10596026490066225	14	0.3748296433034026	0.22857142857142856	0.0	0.3333333333333333
24	http://graphicdesign.spokanefalls.edu/tutorials/tech/halftones/halftone.htm	0	0	0	0	0	0	0	0	0	0	5	0	0.47058823529411764	0	1.7777777777777777
25	http://vector.me/search/halftone	0.13588110403397027	0.0	0	0.0	0	0	0	0	0	0.7272727272727273	20	0.0	0.64	0.0	0.34782608695652173
26	http://www.thefreedictionary.com/Halftoning	0.0	0.3546904568802379	2.0	4.0	0	0	0	0	0	0.0	106	0.0	0.0	0.0	0.0
27	https://www.lynda.com/Photoshop-tutorials/Creating-Halftone-Text-Effect/89043/459496-4.html	0.11678832116788321	0.0	0.5161290322580645	0	0.0	0.0	0.0	0.0	0	0	8	1.207096171802054	0.20253164556962025	1.032258064516129	0.5161290322580645
28	http://www.backgroundsy.com/tutorials/halftone-pattern-photoshop-tutorial	0.3018867924528302	0.0	0.45714285714285713	0.0	0	0	0	0	0	0.1568627450980392	2	4.023532023532024	0.25806451612903225	0.0	0.2962962962962963
30	http://www.juicybitssoftware.com/halftone/	0	0	0.0	0	0	0.0	0	0	0	0	5	0.06517311608961303	0.5161290322580645	10.8	0.7619047619047619
31	http://www.thefreedictionary.com/halftone	0.2826855123674912	0.7449343593192622	2.0	4.0	0	0	0	0	0	0.26373626373626374	112	0.0	0.5333333333333333	29.77777777777778	0.5714285714285714
32	https://www.facebook.com/HalftoneBand	0.10256410256410256	1.192559074912016	0	0	0	0	0	0	0	0	0	0.13008130081300814	0.64	4.9411764705882355	0.8421052631578947
33	http://www.macworld.com/article/1162616/software-graphics/create-scalable-vector-halftones-in-illustrator.html	0.08421052631578947	0.0	0.3404255319148936	0.0	0.47058823529411764	0.0	0	0	0	0	26	1.2498725081705186	0.16161616161616163	0.0	0.27586206896551724
34	http://www.macworld.com/category/software-graphics/	0.0	0.0	0.0	0.0	0.0	0	0.0	0	0	0	28	0.0	0.0	0.0	0.0
35	https://www.shutterstock.com/search/halftone	0.11188811188811189	35.486026878335515	2.0	0.0	0.0	0.0	0.0	0	0	0	11	0.0	0.5	0.0	0.38095238095238093
38	https://www.scribd.com/document/4944634/Photoshop-Halftone-Dots	0.13114754098360656	0.34782608695652173	0.6666666666666666	0.0	0.0	0	0	0	0	0	5	0.0	0.3137254901960784	0.2807017543859649	0.38095238095238093
39	https://www.etsy.com/market/halftone_dots	0.12030075187969924	13.375489027431962	0.5161290322580645	0.0	0	0	0	0	0	1.2307692307692308	4	0.0	0.5517241379310345	0.0	0.8
40	https://design.tutsplus.com/tutorials/create-a-cool-halftone-effect--psd-79	0	0.0	0.5517241379310345	0	0.0	0	0	0	0	0	171	0.4269523988659254	0.23880597014925373	0.0	0.5517241379310345
41	https://halftonepro.com/app	0.4	0.0	0	0	0.6808510638297872	0.0	0	0	0	0	1	0	0.8421052631578947	0.0	0.8205128205128205
42	http://halftone-graphics.com/	0	0.0	0	0	0.0	0	0	0	0	0	4	0	0.7272727272727273	0	0.9411764705882353
43	https://www.vecteezy.com/patterns/295-vector-dots-and-halftone-pattern	0.0	0.5	0.5	0.0	0.0	0.0	0	0	0	0	14	0.34408602150537637	0.27586206896551724	0.0	0.21333333333333335
44	http://naldzgraphics.net/freebies/photoshop-halftone-brushes/	0.0	0	0.45714285714285713	0	0.0	0	0	0	0	0	38	0.5019338392167791	0.2962962962962963	0.0	0.3076923076923077
45	http://www.macworld.com/article/1162616/software-graphics/create-scalable-vector-halftones-in-illustrator.html	0.08421052631578947	0.0	0.3404255319148936	0.0	0.47058823529411764	0.0	0	0	0	0	26	1.2498725081705186	0.16161616161616163	0.0	0.27586206896551724
46	http://www.macworld.com/category/software-graphics/	0.0	0.0	0.0	0.0	0.0	0	0.0	0	0	0	28	0.0	0.0	0.0	0.0
47	http://www.advancedtshirts.com/tutorials/categories/coreldraw-tutorials/183/vector-halftone-effect.html	0.2	0.7272727272727273	0	0	0	0	0	0	0	0.0	5	0.0	0.17391304347826086	0.0	0.36363636363636365
48	http://www.designbash.com/photoshop/halftone-tutorial-photoshop-quickie/	0.11851851851851852	0.0	0.0	1.28	0	0	0	0	0	0.0	3	0.453946053946054	0.26229508196721313	0	0.5925925925925926
49	http://joshnh.com/weblog/how-to-make-a-halftone-effect-in-illustrator/	0.14545454545454545	0	0.36363636363636365	0	0	0	0	0	0	0	3	0.5605353952456072	0.25396825396825395	0.0	0.26229508196721313
50	http://www.brushlovers.com/tag/halftone	0.20512820512820512	0.0	1.2307692307692308	0	0	0	0	0	0	0	5	0	0.5714285714285714	0.0	0.36363636363636365
51	https://design.tutsplus.com/tutorials/create-a-cool-halftone-effect--psd-79	0	0.0	0.5517241379310345	0	0.0	0	0	0	0	0	171	0.4269523988659254	0.23880597014925373	0.0	0.5517241379310345
52	https://dribbble.com/shots/1545439-Free-Halftone-Pack	0.12307692307692308	0	0.8888888888888888	0	0.0	0.0	0	0	0	0	7	0.12598425196850394	0.35555555555555557	0.0	0.36363636363636365
53	https://www.facebook.com/HalftoneBand	0.10256410256410256	1.192559074912016	0	0	0	0	0	0	0	0	0	0.13008130081300814	0.64	4.9411764705882355	0.8421052631578947
54	http://all-free-download.com/free-vector/halftone-vector-pattern.html	0.4444444444444444	0	0.08	0	0	0	0.0	0	0	0.5942857142857143	10	0	0.25806451612903225	32.76498913990397	0.10666666666666667
55	http://halftone.us/downloads/halftone-illustrator-pattern-fill-swatches/	0.1038961038961039	0	0	0.0	0	0	0	0	0	0	6	2.735018320477226	0.49230769230769234	2.2966507177033493	0.5333333333333333
57	https://en.wikipedia.org/wiki/Halftone	0	0.25272331154684097	2.0	0.0	0.0	0	0	0	0	0	40	0.7301006281741702	0.5333333333333333	1.0666666666666667	0.8
58	http://www.pallastextiles.com/patterns/pattern.aspx?pnid=510&cat=1	0	0	0	0	0	0	0	0	0	0	16	0.0	0.0	2.475070028011204	0.41025641025641024
59	http://halftonebodyworks.com/	0.7619047619047619	0.0	0.0	0	0	0	0.0	0	0	0	108	0.0	0.7272727272727273	0.8888888888888888	0.7619047619047619
61	http://www.advancedtshirts.com/tutorials/categories/coreldraw-tutorials/183/vector-halftone-effect.html	0.2	0.7272727272727273	0	0	0	0	0	0	0	0.0	5	0.0	0.17391304347826086	0.0	0.36363636363636365
62	https://gumroad.com/l/ZMRJ	0.25806451612903225	0.47058823529411764	0	0.5714285714285714	0.0	0.0	0.0	0	0	0	8	0.25806451612903225	0.0	0.0	0.5714285714285714
63	http://www.photoshopsupport.com/tutorials/cb/halftone.html	0.0	0	0	0	0	0	0	0	0	0.0	169	0	0.3404255319148936	0.7272727272727273	0.25396825396825395
64	https://www.lynda.com/Photoshop-tutorials/Color-Halftone/250/22657-4.html	0.16161616161616163	0.0	1.1428571428571428	0	0.0	0.0	0.0	0.0	0	0	8	0.0	0.26229508196721313	2.2857142857142856	1.1428571428571428
65	http://encyclopedia2.thefreedictionary.com/halftone	0.20253164556962025	0.38095238095238093	2.0	8.0	0	0	0	0	0	0.26373626373626374	175	0.0	0.36363636363636365	29.77777777777778	0.5714285714285714
66	http://download.cnet.com/s/halftone/	0.8311688311688312	26.356709313231068	2.0	0.0	0.0	0.0	0	0	0	0	28	5.381943711535175	0.5517241379310345	0.0	0.2807017543859649
67	http://www.istockphoto.com/illustrations/halftone+pattern	0.12030075187969924	2.4000000000000004	0.4	0	0	0	0.0	0	0	0	12	0.0	0.34782608695652173	0.0	0.4
68	http://www.zazzle.com/halftone+tshirts	0.12598425196850394	0.0	0.9411764705882353	0	0.5333333333333333	0.0	0.0	0	0	0	17	0.062135922330097085	0.5925925925925926	0.0	0.9411764705882353
69	http://halftone.us/downloads/halftone-illustrator-pattern-fill-swatches/	0.1038961038961039	0	0	0.0	0	0	0	0	0	0	6	2.735018320477226	0.49230769230769234	2.2966507177033493	0.5333333333333333
