index	url	description	div	h1	h2	h3	h4	h5	h6	inbound_links	keywords	outbound_links	p	root	span	title
1	http://www.oxforddictionaries.com/us/	0.0	0	0.0	0.0	0	0.0	0	0	0	0.0	14	0.0	0.0	0.0	0.0
2	http://www.thefreedictionary.com/smugness	0.1423487544483986	0.1951219512195122	1.0	4.0	0	0	0	0	0	0.13186813186813187	104	0.0	0.26666666666666666	13.0	0.2857142857142857
3	http://www.dictionary.com/browse/smugness	0.07207207207207207	0.0	0	0	0.32	0	0	0	0	0.32653061224489793	26	0.0	0.26666666666666666	7.505050505050505	0.36363636363636365
4	https://www.merriam-webster.com/thesaurus/smugness	0.07511737089201878	0.0	1.0	0.0	0	0.0	0.0	0	0	0.046511627906976744	23	0.0	0.21052631578947367	0.0	0.25
5	http://www.thesaurus.com/browse/smugness	0.064	0.0	1.0	0.0	0	0	0	0	0	0.5079365079365079	14	0.0	0.27586206896551724	2.9999999999999996	0.3076923076923077
6	https://www.merriam-webster.com/dictionary/smug	0.0	0.0	0.0	1.0	0	0.0	0.0	0.0	0	0.04597701149425287	31	0.0	0.0	0.0	0.0
7	http://www.cbsnews.com/news/commentary-the-unbearable-smugness-of-the-press-presidential-election-2016/	0.0	0.0	0.16666666666666666	0.0	0.0	0.0	0.0	0	0	0.0	17	0.10449385787591355	0.08695652173913043	0.0	0.13559322033898305
8	http://www.vox.com/2016/4/21/11451378/smug-american-liberalism	0.0	0.0	0.0	0.0	0.0	0.0	0	0	0	0	56	0.0	0.0	0.0	0.0
9	https://www.bloomberg.com/view/articles/2017-01-11/hey-hollywood-smugness-isn-t-a-political-strategy	0	0.0	0.0	0.0	0	0	0	0	0	0	64	0.0	0.09090909090909091	0.16	0.2962962962962963
10	http://www.weeklystandard.com/with-smugness-toward-none-.-.-./article/2005432	0.0	0.0	0.25806451612903225	0.25806451612903225	0.0	0.0	0	0	0	0.25	18	0.12258313418919432	0.12121212121212122	0.5972547376721951	0.1509433962264151
11	http://www.foxnews.com/opinion/2016/09/27/at-first-debate-trump-couldn-t-wipe-that-smug-grin-off-hillary-s-face-but-came-close.html	0.0	0	0.0	0.0	0	0	0	0	0	0	3	0.0	0.0	0.0	0.0
12	http://www.dictionary.com/browse/smug	0.0	0.0	0	0	0.0	0	0	0	0	0.0	26	0.0	0.0	3.505050505050505	0.0
13	https://en.wiktionary.org/wiki/smugness	0	0.0	1.0	0.0	0.0	0	0	0	0	0	21	0.0	0.25806451612903225	0.0	0.38095238095238093
14	http://www.thefreedictionary.com/smug	0.0	0.0	0.0	0.0	0	0	0	0	0	0.0	114	0.0	0.0	0.0	0.0
15	https://www.bloomberg.com/view/articles/2017-01-11/hey-hollywood-smugness-isn-t-a-political-strategy	0	0.0	0.0	0.0	0	0	0	0	0	0	64	0.0	0.09090909090909091	0.16	0.2962962962962963
16	http://www.thesaurus.com/browse/smug	0.0	0.0	0.0	0.0	0	0	0	0	0	0.0	14	0.0	0.0	0.0	0.0
17	https://www.commonwealmagazine.org/blog/smugness	0	0.0	1.0	0.0	0.0	0	0	0	0	0	33	0.15282113718433393	0.2222222222222222	0.0	0.26666666666666666
18	http://www.yourdictionary.com/smugness	0.3333333333333333	0	0	1.1428571428571428	0.0	0.21621621621621623	0	0	0	0.21164021164021163	6	0.0	0.2962962962962963	1.0	0.32653061224489793
19	http://legal-dictionary.thefreedictionary.com/smugness	0.1711229946524064	0.14814814814814814	1.0	0	0	0	0	0	0	0.13186813186813187	156	0.0	0.1702127659574468	13.0	0.43243243243243246
20	http://www.vox.com/2016/4/21/11451378/smug-american-liberalism	0.0	0.0	0.0	0.0	0.0	0.0	0	0	0	0	56	0.0	0.0	0.0	0.0
21	http://www.wordreference.com/enit/smugness	0.1	0.0	0.0	0	1.0	0	0	0	0	0	5	1.0	0.25806451612903225	1.1481481481481481	0.15384615384615385
22	http://www.weeklystandard.com/with-smugness-toward-none-.-.-./article/2005432	0.0	0.0	0.25806451612903225	0.25806451612903225	0.0	0.0	0	0	0	0.25	18	0.12258313418919432	0.12121212121212122	0.5972547376721951	0.1509433962264151
23	https://www.vocabulary.com/dictionary/smugness	0.0	0.0	1.0	0.0	0.0	0	0	0	0	0	5	0.0	0.23529411764705882	1.0	0.16326530612244897
24	http://www.urbandictionary.com/define.php?term=Smugness	0	0.42105263157894735	0	0	0.0	0	0	0	0	0	20	0.0	0.18181818181818182	0.0	0.3076923076923077
25	http://www.wordnik.com/words/smugness	0.17777777777777778	0.0	1.0	0.0	0.0	0.0	0	0	0	0	16	0.1095890410958904	0.3076923076923077	0.0	0.24242424242424243
26	http://100rsns.blogspot.com/2011/07/64-smugness.html	0	0.0	0	0.0	0	0.0	0	0	0	0	159	2.4034379545021594	0.17777777777777778	0.0	0.14285714285714285
27	http://www.urbandictionary.com/define.php?term=smug	0	0.0	0	0	0.0	0	0	0	0	0	134	0.0	0.0	0.0	0.0
28	http://www.realclearpolitics.com/articles/2015/12/15/festival_of_smugness_129040.html#!	0.04060913705583756	0.05673758865248227	0.4	0.0	0	0	0	0	0	0.0	2	0.03827751196172249	0.10526315789473684	0.4	0.2
29	http://www.colsoncenter.org/the-center/columns/ancient-paths/17034-spiritual-smugness	0.0	0.0	0	0	0.0	0	0	0	0	0.0	32	0.05464883489937662	0.10810810810810811	0.0	0.4444444444444444
30	http://blog.dictionary.com/trending-words-smugness-inexorably-anemic/	0	0	0	0.0	0.0	0	0	0	0	0	18	0.06740456932027813	0.12903225806451613	0.0	0.0
31	http://blog.dictionary.com/category/word-trends/	0	0	0	0	0	0	0	0	0	0	22	0.0	0.0	0.0	0.0
32	https://www.vocabulary.com/dictionary/smug	0.0	0.0	0.0	0.0	0.0	0	0	0	0	0	5	0.0	0.0	0.0	0.0
33	http://www.realclearpolitics.com/2016/11/11/the_unbearable_smugness_of_the_press_395497.html#!	0.14285714285714285	0.0	0.2222222222222222	0.0	0	0	0	0	0	0.0	2	0.0	0.0963855421686747	0.0	0.14285714285714285
34	http://www.yourdictionary.com/smugness	0.3333333333333333	0	0	1.1428571428571428	0.0	0.21621621621621623	0	0	0	0.21164021164021163	6	0.0	0.2962962962962963	1.0	0.32653061224489793
35	https://shadowproof.com/2016/04/29/clinton-campaign-astounding-record-smugness-toward-young-voters/	0.0	0.0	0.22857142857142856	0	0.0	0.0	0	0	0	0	23	0.0	0.08791208791208792	0.0	0.17777777777777778
36	https://meaningness.com/metablog/spiritual-smugness/comments	0	0.0	0.25	0.0	0.0	0	0	0	0	0	79	0.4750397007502891	0.15384615384615385	0.0	0.17391304347826086
37	http://revjanetedwards.com/arlo-dubas-forsaking-of-smugness/	0	0.0	0	0.24242424242424243	0	0	0	0.0	0	0.0	13	0.8088945953334377	0.1509433962264151	0	0.14545454545454545
38	http://nypost.com/2016/11/10/the-press-insane-election-smugness-clintons-catholic-disaster-and-other-commentary/	0.005273566249176005	0.0	0.0	0.0	0.0	0.0	0	0	0	0	55	0.0	0.0761904761904762	0.0	0.24242424242424243
39	http://www.freethesaurus.com/smugness	0.1711229946524064	0.21621621621621623	1.0	0.32	0.0	0.0	0	0	0	0.20253164556962025	164	0.0	0.3076923076923077	17.0	0.2857142857142857
41	http://www.yourdictionary.com/smugness	0.3333333333333333	0	0	1.1428571428571428	0.0	0.21621621621621623	0	0	0	0.21164021164021163	6	0.0	0.2962962962962963	1.0	0.32653061224489793
42	https://www.oathkeepers.org/commentary-unbearable-smugness-press/	0	0.0	0.16666666666666666	0.0	0.0	0	0	0	0	0	23	0.02359882005899705	0.1509433962264151	0.0	0.12698412698412698
43	http://www.slate.com/articles/news_and_politics/politics/2016/04/is_liberalism_smug.html	0.0	0.0	0.0	0.0	0	0	0	0	0	0.03587443946188341	15	0.020671834625323	0.0	0.0	0.0
44	http://www.freethesaurus.com/smugness	0.1711229946524064	0.21621621621621623	1.0	0.32	0.0	0.0	0	0	0	0.20253164556962025	164	0.0	0.3076923076923077	17.0	0.2857142857142857
45	http://www.npr.org/2016/11/13/501904251/black-ish-creator-kenya-barris-says-show-will-take-new-direction-post-election	0.0	0.0	0.0	0.0	0.0	0	0	0	0	0	13	0.08444070337178414	0.0	0.0	0.0
46	http://www.realclearpolitics.com/2017/01/12/hey_hollywood_smugness_isn039t_a_political_strategy_399906.html	0.11428571428571428	0.0	0.2962962962962963	0.0	0	0	0	0	0	0.0	2	0.0	0.08333333333333333	0.0	0.2962962962962963
47	http://www.youtube.com/watch?v=0jYXV6-0Pjo	0.0	0.0	0.0	0	0.0	0.0	0	0	0	0.0	3	0.0	0.0	0.8044324615378612	0.1568627450980392
48	https://meaningness.com/metablog/spiritual-smugness/comments	0	0.0	0.25	0.0	0.0	0	0	0	0	0	79	0.4750397007502891	0.15384615384615385	0.0	0.17391304347826086
49	http://100rsns.blogspot.com/2011/07/64-smugness.html	0	0.0	0	0.0	0	0.0	0	0	0	0	159	2.4034379545021594	0.17777777777777778	0.0	0.14285714285714285
50	http://www.wordnik.com/words/smugness	0.17777777777777778	0.0	1.0	0.0	0.0	0.0	0	0	0	0	16	0.1095890410958904	0.3076923076923077	0.0	0.24242424242424243
51	https://en.wiktionary.org/wiki/smug	0	0.0	0.0	0.0	0.0	0	0	0	0	0	60	0.0	0.0	0.0	0.0
52	http://www.guns.com/2016/11/02/huffpo-op-ed-once-again-shows-off-the-smugness-of-the-anti-rights-crowd/	0.0	0.0	0.11267605633802817	0	0.0	0	0	0	0	0	32	0.0	0.08695652173913043	0.0	0.11267605633802817
53	http://www.goodreads.com/quotes/tag/smugness	0.10256410256410256	0.5944329422590292	0.38095238095238093	0.0	0	0	0	0	0	0	0	0.0	0.24242424242424243	0.0	0.24242424242424243
54	http://www.city-journal.org/html/im-with-smug-14848.html	0	0.0	0.0	0	0.0	0.0	0	0	0	0	9	0.0965709191015132	0.0	0.0	0.0
55	https://shadowproof.com/2016/04/29/clinton-campaign-astounding-record-smugness-toward-young-voters/	0.0	0.0	0.22857142857142856	0	0.0	0.0	0	0	0	0	23	0.0	0.08791208791208792	0.0	0.17777777777777778
56	http://www.newsweek.com/unbearable-smugness-john-kasich-359000	0.0	0.0	0.21052631578947367	0.0	0.0	0	0	0	0	0	37	0.0	0.1568627450980392	0.0	0.21052631578947367
57	https://www.vocabulary.com/dictionary/smugness	0.0	0.0	1.0	0.0	0.0	0	0	0	0	0	5	0.0	0.23529411764705882	1.0	0.16326530612244897
58	http://www.newsbusters.org/blogs/nb/mike-ciandella/2016/11/10/cbs-correspondent-trumps-victory-shows-journalisms-intellectual	0.014134275618374558	0.0	0.0851063829787234	0.0	0	0.0	0	0	0	0	25	0.08421052631578947	0.0	0.0	0.0851063829787234
59	http://dictionary.reverso.net/english-definition/smugness	0.047058823529411764	0.046242774566473986	0	0.0	0	0	0	0	0	0.035555555555555556	59	0	0.16	1.0	0.13114754098360656
60	http://hotair.com/headlines/archives/2017/01/12/smugness-isnt-a-political-strategy-hollywood/	0	0.0	0.6666666666666666	0.0	0.0	0	0	0	0	0	94	0.0	0.09302325581395349	0.0	0.6666666666666666
61	http://www.urbandictionary.com/define.php?term=Smugness	0	0.42105263157894735	0	0	0.0	0	0	0	0	0	20	0.0	0.18181818181818182	0.0	0.3076923076923077
62	https://www.reddit.com/r/Drama/comments/5f9na1/srd_bemoans_trump_supporters_smugness_one/	0.0	0.0	0.0	0	0.0	0	0	0	0	0.0	26	0.2624130879345603	0.1038961038961039	0.0	0.05555555555555555
64	http://blog.dictionary.com/trending-words-smugness-inexorably-anemic/	0	0	0	0.0	0.0	0	0	0	0	0	18	0.06740456932027813	0.12903225806451613	0.0	0.0
65	http://blog.dictionary.com/category/word-trends/	0	0	0	0	0	0	0	0	0	0	22	0.0	0.0	0.0	0.0
66	http://www.zerohedge.com/news/2016-11-10/unbearable-smugness-american-media	0.0	0.0	0.17777777777777778	0.0	0	0	0	0	0	0.0	82	0.06736738582580368	0.125	0.0	0.13793103448275862
68	http://revjanetedwards.com/arlo-dubas-forsaking-of-smugness/	0	0.0	0	0.24242424242424243	0	0	0	0.0	0	0.0	13	0.8088945953334377	0.1509433962264151	0	0.14545454545454545
69	http://www.definitions.net/definition/smugness	0.14953271028037382	0	0.0	0.0	0.0	0.0	0.0	0	0	0.37209302325581395	83	4.269078575466366	0.22857142857142856	0.32	0.3333333333333333
