index	url	description	div	h1	h2	h3	h4	h5	h6	inbound_links	keywords	outbound_links	p	root	span	title
1	http://www.thefreedictionary.com/lambastes	1.379061371841155	1.4285714285714286	7.5	22.5	0	0	0	0	0	0.972972972972973	166	0.0	1.935483870967742	27.866666666666678	2.068965517241379
2	https://www.merriam-webster.com/dictionary/lambaste	1.3333333333333335	0.0	7.5	12.804347826086957	0	0.0	0.0	0.0	0	0.5866666666666667	32	0.0	1.5384615384615383	0.0	2.3076923076923075
3	http://www.dictionary.com/browse/lambaste	1.0714285714285714	0.5882352941176471	0	0	9.899999999999999	0	0	0	0	2.4489795918367343	20	0.0	2.0	74.51212121212122	2.7272727272727275
4	http://www.thesaurus.com/browse/lambaste	0.48	0.0	7.5	0.0	0	0	0	0	0	3.8095238095238093	14	1.072463768115942	2.068965517241379	32.5	2.3076923076923075
5	http://www.npr.org/sections/thetwo-way/2016/12/12/505288991/trump-lambasts-1-trillion-f-35-jet-in-latest-tweet	0.0	0	1.2765957446808511	0.0	0.0	0.0	0	0	0	0	22	0.0	0.2828282828282828	0.0	0.8955223880597014
6	http://www.rgj.com/story/news/2017/01/11/lawyer-lambastes-city-biased-clinger-investigations/96464842/	0	0.0	2.4000000000000004	0	0	1.0526315789473684	0	0.0	0	0	6	0.0	0.6593406593406594	0.009146341463414634	1.0526315789473684
7	http://www.reuters.com/article/us-wells-fargo-accounts-ceo-idUSKCN11Z0EI	0.0	0.0	0.9230769230769231	0	0.0	0.0	0	0	0	0.0	9	0.13380656610470273	0.0	0.9230769230769231	0.8000000000000002
8	https://en.wiktionary.org/wiki/lambaste	0	0.9333333333333332	7.5	0.0	0.0	0	0	0	0	0	49	0.0	1.935483870967742	0.9333333333333332	2.857142857142857
9	https://www.theguardian.com/us-news/2016/sep/08/clinton-vows-no-more-troops-in-iraq-as-trump-slams-dumbest-foreign-policy	0.0	0.0	0.0	0.0	0.0	0	0	0	0	0.0	9	0.0	0.0	0.0	0.0
10	http://www.reuters.com/article/us-wells-fargo-accounts-ceo-idUSKCN11Z0EI	0.0	0.0	0.9230769230769231	0	0.0	0.0	0	0	0	0.0	9	0.13380656610470273	0.0	0.9230769230769231	0.8000000000000002
11	http://www.npr.org/2016/12/15/505692944/trump-lashes-out-at-vanity-fair-one-day-after-it-lambastes-his-restaurant	0.0	0	0.7894736842105262	0.0	0.0	0	0	0	0	0	22	1.4960751115899644	0.588235294117647	0.0	0.75
12	http://wnpr.org/post/trump-lambastes-1-trillion-f-35-jet-twitter	0.0	0.0	1.2765957446808511	0	0	0	0	0	0	0	38	0.0	1.0526315789473684	0.0	1.0169491525423728
13	http://bigstory.ap.org/article/e8b73258b2314ef7a7e6aa2e8bc7cd91/speech-trump-ramp-critique-clinton-failure	0.0	0.0	2.5	0	0.0	0.0	0.0	0.0	0	0.0	23	0.0	0.0	0.0	1.0714285714285714
14	http://www.espn.com/nba/story/_/id/18331035/george-karl-criticizes-carmelo-anthony-together-denver-nuggets	0.0	0.0	0.0	0	0	0.0	0	0	0	0.0	8	0.0	0.0	0.0	0.0
15	https://www.theguardian.com/us-news/2016/sep/08/clinton-vows-no-more-troops-in-iraq-as-trump-slams-dumbest-foreign-policy	0.0	0.0	0.0	0.0	0.0	0	0	0	0	0.0	9	0.0	0.0	0.0	0.0
16	http://dictionary.cambridge.org/dictionary/english/lambaste	1.1428571428571428	2.3076923076923075	1.2765957446808511	4.068965517241379	0	0	0	0	0	1.1009174311926606	28	0.0	1.1538461538461537	20.153846153846153	1.1538461538461537
17	https://www.collinsdictionary.com/dictionary/english/lambast	0.417910447761194	1.2807971014492754	1.2173913043478262	3.760350877192983	0	0	0	0	0	0	1	0.0	0.5833333333333334	39.96666666666667	0.9655172413793104
18	http://dictionary.cambridge.org/dictionary/english/lambaste	1.1428571428571428	2.3076923076923075	1.2765957446808511	4.068965517241379	0	0	0	0	0	1.1009174311926606	28	0.0	1.1538461538461537	20.153846153846153	1.1538461538461537
19	http://www.espn.com/nba/story/_/id/18331035/george-karl-criticizes-carmelo-anthony-together-denver-nuggets	0.0	0.0	0.0	0	0	0.0	0	0	0	0.0	8	0.0	0.0	0.0	0.0
20	http://www.businessinsider.com/harry-reid-lambastes-donald-trump-2016-6	0.0	0.0	1.2244897959183672	0	0.0	0	0.0	0	0	0	37	0.016129032258064516	1.0	0.0	0.5309734513274336
21	http://www.newspotng.com/cbn-lambastes-critics-of-its-policies/	1.621621621621622	0.0076045627376425855	1.621621621621622	0	0.0	0.0	0.0	0	0	0	40	0.0	1.1538461538461537	0.75	1.621621621621622
22	http://www.crosswordnexus.com/clue/lambastes	0.75	0	0	6.666666666666665	0	0.0	0	0	0	0.0	1	0.0	1.8181818181818183	0.0	1.3333333333333335
23	https://247ureports.com/lai-muhammad-lambastes-dino-malaye-pdp-over-tsa-accusation/	0	0.0	1.0169491525423728	0	0	0.0	0	1.0169491525423728	0	0	11	0.019230769230769232	0.8000000000000002	1.0169491525423728	1.0169491525423728
24	http://www.usatoday.com/story/sports/ncaaf/2016/06/16/apnewsbreak-fired-coach-art-briles-lambastes-baylor/85984400/	0	0.0	1.5384615384615383	0	0	1.5384615384615383	0	0.0	0	0	9	0.0169971671388102	0.5769230769230769	0.0	1.5384615384615383
25	http://lmtribune.com/northwest/judge-lambastes-forest-service-idfg/article_2c9cf0a8-9330-522e-a45b-8648306c4dab.html	0.0	0.0	1.6666666666666663	0.0	0.0	0.0	0.0	0	0	0.0	30	0.0	0.5504587155963303	0.0	0.9375
26	http://www.businessinsider.com/mark-cuban-clinton-campaign-media-strategy-2016-9	0.0	0.0	1.7647058823529416	0	0.0	0	0.0	0	0	0	37	0.0	0.0	0.02054794520547945	0.0
27	https://thehillnews.net/news/WH%27s-Sean-Spicer-Lambastes-Media-In-First-Presser:-%22We%27re-Going-To-Hold-The-Press-Accountable%22/	0	0.0	0.6382978723404256	0	0	0	0	0	0	0	2	0.39215686274509803	0.4878048780487805	0	0.6382978723404256
28	http://www.governing.com/topics/elections/tns-wisconsin-voter-id-ruling-october.html	0.0	0.0	1.25	0.0	0.0	0.0	0	0	0	0	35	0.0	0.0	0.0	1.25
29	https://247ureports.com/pdp-rep-aspirant-ayisha-lambastes-party-join-apc/	0	0.0	1.176470588235294	0	0	0.0	0	1.176470588235294	0	0	9	0.12917338245452453	0.9230769230769231	2.287581699346405	1.176470588235294
30	http://townhall.com/tipsheet/christinerousselle/2017/01/09/meryl-streep-trump-golden-globes-n2268740	0.0	0.0	1.3333333333333335	0	0	0	0.0	0	0	0.21201413427561838	22	0.18126888217522658	0.0	0.0	0.8955223880597014
31	http://townhall.com/tipsheet/	0.0	0.0	0.0	0	0	0	0	0	0	0.0	27	0.0	0.0	0.0	0.0
32	http://townhall.com/tipsheet/christinerousselle/	0.0	0.0	0.0	0	0	0	0	0	0	0.0	45	0.0	0.0	0.0	0.0
33	http://english.sakshi.com/news/2017/01/22/kamal-haasan-lambastes-peta-over-jallikattu	1.3953488372093024	0.0	1.3953488372093024	0.0	0.0	0.0	0.0	0	0	0	10	0.0	0.7692307692307692	0.0	1.0714285714285714
35	http://www.newsmax.com/Newsfront/Harry-Reid-Lambastes-Trump-Eye-Injury/2016/09/16/id/748689/	0.03614457831325301	1.536144578313253	0.9090909090909092	0	0	0	0	0	0	1.5	8	0.03614457831325301	0.7407407407407407	0.0	0.9090909090909092
36	http://news.nationalpost.com/sports/golf/a-baying-mob-of-imbeciles-brother-of-team-europe-golfer-lambastes-pudgy-basement-dwelling-u-s-ryder-cup-fans	0.0	0.0	1.4634146341463414	0.0	0	0.0	0	0	0	0.0	74	0.0	0.42253521126760557	0.0	1.4634146341463414
37	http://www.thestate.com/news/local/article112708778.html	0.0	0.0	0.75	0.0	0.0	0.0	0	0	0	0	41	0.04912280701754386	0.0	0.0	0.6521739130434783
38	http://www.learnersdictionary.com/definition/lambaste	0.33149171270718236	0.0	7.5	0	0	0	0	0	0	0.437956204379562	24	0	1.4285714285714286	57.26666666666667	0.8333333333333331
39	http://www.newsmax.com/Newsfront/Harry-Reid-Lambastes-Trump-Eye-Injury/2016/09/16/id/748689/	0.03614457831325301	1.536144578313253	0.9090909090909092	0	0	0	0	0	0	1.5	8	0.03614457831325301	0.7407407407407407	0.0	0.9090909090909092
40	http://wamc.org/post/trump-lambastes-1-trillion-f-35-jet-latest-tweet	0.0	0.0	1.2765957446808511	0	0	0	0	0	0	0	34	0.0	0.967741935483871	0.0	1.1111111111111112
41	https://www.washingtonpost.com/blogs/erik-wemple/wp/2016/02/04/a-discredited-bill-oreilly-lambastes-cnn-reporting-on-the-iowa-caucuses/	0	0.0	1.176470588235294	0	0	0.0	0	0	0	0.0	24	0.05583372917915852	0.4878048780487805	0.0	0.821917808219178
42	http://www.vnews.com/Spurs-coach-Popovich-blasts-President-Trump-7624043	0.0	0.0	1.3636363636363638	0	0	0	0.0	0	0	0	14	0.0	0.0	0.0	1.3636363636363638
43	http://www.advocate.com/politics/2016/12/29/bristol-palin-lashes-out-elton-john-and-other-sissies-who-wont-perform-trump	0.0	0.0	0	0.0	0	0	0.0	0	0	0	23	0.7572392319667878	0.0	0.0	0.6185567010309279
44	http://www.huffingtonpost.com/entry/trevor-noah-hillary-clinton-pneumonia_us_57d77ed8e4b09d7a687f7574	0.0	0.967741935483871	0.967741935483871	0.0	0	0.0	0	0	0	0.0	31	0.0	0.0	0.03468208092485549	0.7142857142857143
45	http://isp.netscape.com/entertainment/story/0002/20170109/L1N1EU12U_1358792126.htm	0	0.0	0	1.1538461538461537	0.0	0	0	0	0	0	10	0.0	0.0	0.0	0.7792207792207794
46	http://idioms.thefreedictionary.com/lambasted	1.2080536912751678	1.3333333333333335	6.666666666666665	6.666666666666665	0	0	0	0	0	0.972972972972973	161	0.0	1.5789473684210524	107.56218905472609	1.4634146341463414
47	https://indiancountrymedianetwork.com/news/native-news/yakama-nation-lambastes-energy-transfer-ceo-kelcy-warren-state-leadership-media-over-dapl/	0.42553191489361714	0	0.6593406593406594	0	0.0	0	0.0	0	0	0.0	8	0.01680672268907563	0.437956204379562	0.0	0.49180327868852464
48	http://www.newsmax.com/Politics/trump-cruz-convention-speech/2016/07/22/id/740026/	0.0	0.0	1.3333333333333335	0	0	0	0	0	0	0.0	7	0.0	0.0	0.0	1.3333333333333335
