index	url	description	div	h1	h2	h3	h4	h5	h6	inbound_links	keywords	outbound_links	p	root	span	title
1	https://en.wikipedia.org/wiki/Musket	0	0.0	1.0	0.0	0.0	0	0	0	0	0	84	3.5176750570856763	0.21428571428571427	0.7058823529411765	0.3333333333333333
2	https://www.merriam-webster.com/dictionary/musket	0.06451612903225806	0.0	1.0	2.3972332015810274	0	0.0	0.0	0	0	0.04316546762589928	29	0.0	0.16216216216216217	0.0	0.25
4	http://www.usatoday.com/story/news/politics/onpolitics/2016/10/26/joe-walsh-musket-tweet/92799286/	0	0.0	0.2857142857142857	0	0	0.08955223880597014	0	0.0	0	0	19	0.45019454008456183	0.06896551724137931	0.0	0.08955223880597014
5	http://www.ebay.com/sch/i.html?_nkw=musket	0.08333333333333333	0.0	0	0.0	0.0	0	0	0	0	0	3	0.0	0.1935483870967742	1.0	0.46153846153846156
6	http://www.thefreedictionary.com/musket	0.10948905109489052	0.35384615384615387	1.0	6.0	0	0	0	0	0	0.10227272727272728	115	0.0	0.21428571428571427	23.9048285048285	0.23076923076923078
7	http://guns.wikia.com/wiki/Musket	0.06382978723404255	0.0	1.0	0.0	0.0	0	0	0	0	0.05263157894736842	55	0.5357786479077612	0.23076923076923078	0.9615384615384616	0.13953488372093023
8	http://www.dictionary.com/browse/musket	0.0379746835443038	0.0	0	0	0.2608695652173913	0	0	0	0	0.26666666666666666	16	0.0	0.21428571428571427	8.0	0.3
9	https://www.amazon.com/musket/s?ie=UTF8&page=1&rh=i%3Aaps%2Ck%3Amusket	0.3333333333333333	0.0	0.0	1.328757063178235	0.0	0.0	0.0	0	0	0.3333333333333333	36	0.0	0.20689655172413793	3.7666666666666666	0.3333333333333333
10	http://www.musketcorp.com/	0	0.0	0	0	0	0	0	0	0	0	5	0	0.4	0	0.0
11	http://www.smokingmusket.com/	0.0	0.0	0	0.0	0.0	0.0	0	0.0	0	0	95	0.10344827586206896	0.3333333333333333	0.0	0.43678160919540227
12	http://www.usatoday.com/story/news/politics/onpolitics/2016/10/26/joe-walsh-musket-tweet/92799286/	0	0.0	0.2857142857142857	0	0	0.08955223880597014	0	0.0	0	0	19	0.45019454008456183	0.06896551724137931	0.0	0.08955223880597014
13	http://gta.wikia.com/wiki/Musket	0.06382978723404255	0.21428571428571427	1.0	1.0	0.0	0	0	0	0	0.03468208092485549	49	0.2136107746161369	0.24	0.0	0.13953488372093023
14	https://en.wikipedia.org/wiki/Brown_Bess	0	0.2222222222222222	0.0	0.0	0.0	0	0	0	0	0	38	0.3647083095156663	0.0	0.7222222222222222	0.0
15	https://en.wiktionary.org/wiki/musket	0	0.0	1.0	0.0	0.0	0	0	0	0	0	62	0.0	0.20689655172413793	1.0	0.3157894736842105
16	http://www.veteranarms.com/ReproductionMuzzleloadersandFlintlocks/Muskets.html	0.043478260869565216	0	0.8571428571428571	0	0	0	0	0	0	0.15047021943573669	57	0.8571428571428571	0.08955223880597014	0	0.8571428571428571
17	https://www.gunsamerica.com/Login.aspx	0	0.0	0.0	0	0	0	0	0	0	0	0	0.0	0.0	0.0	0.0
18	http://www.musketcorp.com/AboutUs.aspx	0	0.0	0	0.0	0	0	0	0	0	0	1	0.034482758620689655	0.2222222222222222	0	0.35294117647058826
19	http://www.gunbroker.com/All/BI.aspx?Keywords=springfield+musket	0	0	0	0	0	0	0	0	0	0	0	0	0.11320754716981132	0	0
20	http://www.musketcorp.com/	0	0.0	0	0	0	0	0	0	0	0	5	0	0.4	0	0.0
21	http://www.smokingmusket.com/	0.0	0.0	0	0.0	0.0	0.0	0	0.0	0	0	95	0.10344827586206896	0.3333333333333333	0.0	0.43678160919540227
22	http://www.cabelas.com/product/Pedersoli-Brown-Bess-Musket/740533.uts	0.0	0.0	0.2222222222222222	0.0	0.2222222222222222	0.0	0	0	0	0	15	0.0	0.10344827586206896	2.0	0.15789473684210525
23	http://www.cabelas.com/catalog/browse.cmd?N=1100202	0.04195804195804196	0.0	0.0	0.1935483870967742	0.0	0.0	0	0	0	0	16	0.0	0.0	0.0	0.1935483870967742
24	http://www.ummusket.org/	0.0	0	0	0	0	0	0	0	0	0.043478260869565216	0	0	0.46153846153846156	0	1.0
25	http://terraria.gamepedia.com/Musket_Ball	0	0.5454545454545454	0.5454545454545454	0.0	0.0	0	0	0	0	0	33	0.17142857142857143	0.17647058823529413	0.0	0.16666666666666666
26	https://en.wiktionary.org/wiki/musket	0	0.0	1.0	0.0	0.0	0	0	0	0	0	62	0.0	0.20689655172413793	1.0	0.3157894736842105
27	http://www.musketrestaurant.com/	0.0	0	0	0	0	0	0	0	0	0.0	7	0	0.2857142857142857	0	0.2857142857142857
28	http://www.thesaurus.com/browse/musket	0.04878048780487805	0.0	1.0	0.0	0	0	0	0	0	0.43636363636363634	14	0.01348314606741573	0.2222222222222222	2.2	0.25
29	http://www.musketvtwin.com/	0	0.17425083240843509	0	0.23565652676164806	0	0	0	0	0	0.03208556149732621	5	0.0	0.375	0.03389830508474576	0.0
30	http://www.gunbroker.com/All/BI.aspx?Keywords=springfield+musket	0	0	0	0	0	0	0	0	0	0	0	0	0.11320754716981132	0	0
32	http://survivalcraftgame.wikia.com/wiki/Musket	0.12903225806451613	0.0	1.0	0.0	0.0	0	0	0	0	0.08163265306122448	44	0.29000437764482706	0.15384615384615385	0.0	0.11320754716981132
33	http://www.cabelas.com/product/Pedersoli-Brown-Bess-Musket/740533.uts	0.0	0.0	0.2222222222222222	0.0	0.2222222222222222	0.0	0	0	0	0	15	0.0	0.10344827586206896	2.0	0.15789473684210525
34	http://www.cabelas.com/catalog/browse.cmd?N=1100202	0.04195804195804196	0.0	0.0	0.1935483870967742	0.0	0.0	0	0	0	0	16	0.0	0.0	0.0	0.1935483870967742
35	http://www.militaryfactory.com/smallarms/muskets.asp	0.08	0.0	0	0.043478260869565216	0	0	0	0	0	0	1	0.0	0.14634146341463414	6.568191445380816	0.15384615384615385
36	http://www.smokingmusket.com/	0.0	0.0	0	0.0	0.0	0.0	0	0.0	0	0	95	0.10344827586206896	0.3333333333333333	0.0	0.43678160919540227
37	http://www.audioenglish.org/dictionary/musket.htm	0.11494252873563218	1.0	1.0	0	0	0	0	0	0	0.06666666666666667	0	1.962121212121212	0.15789473684210525	1.8571428571428572	0.06315789473684211
38	https://www.amazon.com/toy-musket-Toys-Games/s?ie=UTF8&page=1&rh=n%3A165793011%2Ck%3Atoy%20musket	0.0	0.0	0.0	1.336972261188289	0	0.0	0.0	0	0	0.16666666666666666	36	0.0	0.1411764705882353	1.2	0.21428571428571427
40	http://military.wikia.com/wiki/Musket	0.12244897959183673	0.0	1.0	0.0	0.0	0	0	0	0	0.026785714285714284	65	4.097104135841539	0.2	0.35294117647058826	0.125
41	http://www.lodgewood.com/Muskets-and-Other-Rifles_c_123.html	0.23076923076923078	0.0	0.25	0	0	0	0	0	0	0.14285714285714285	75	0	0.12244897959183673	0.0	0.25
42	http://fcsutler.com/fcweapons.asp	0.125	0	0	0	0	0	0	0	0	0.07531380753138076	55	0.0	0.0	0	0.11320754716981132
44	http://tekkitlite.wikia.com/wiki/Musket	0.1276595744680851	0.08392018779342722	1.0	1.0	0.0	0	0	0	0	0.23076923076923078	44	0.15835520559930008	0.1875	0.0	0.11764705882352941
45	http://hazanmotorworks.com/?portfolio=the-musket	0	0.0	0.6	0	0	0	0	0	0	0	5	0	0.14634146341463414	0	0.20689655172413793
46	http://www.militaryfactory.com/smallarms/muskets.asp	0.08	0.0	0	0.043478260869565216	0	0	0	0	0	0	1	0.0	0.14634146341463414	6.568191445380816	0.15384615384615385
47	http://www.cabelas.com/product/Large-Caliber-Musket-Round-Balls/1200488.uts	0	0.046153846153846156	0	0.1875	0.1875	0.0	0	0	0	0	15	0.0	0.09375	0.6666666666666666	0.13953488372093023
48	http://www.cabelas.com/catalog/browse.cmd?N=1100204	0.0	0.0	0.0	0.0	0.0	0.0	0	0	0	0	16	0.0	0.0	0.0	0.0
49	http://military.wikia.com/wiki/Musket	0.12244897959183673	0.0	1.0	0.0	0.0	0	0	0	0	0.026785714285714284	65	4.097104135841539	0.2	0.35294117647058826	0.125
50	http://www.urbandictionary.com/define.php?term=Musket	0	1.242691148098074	0	0	0.0	0	0	0	0	0	134	0.0	0.14285714285714285	0.0	0.25
51	http://shop.modernmusket.com/	0	0.0	0	0	0	0	0	0	0	0	3	0.13132594707394735	0.2727272727272727	0.45279239480248645	0.46153846153846156
52	http://revolutionarywarantiques.com/Revolutionary-War-Muskets	0	0	0	0	0	0	0	0	0	0	0	0	0.1111111111111111	0	0
