index	url	description	div	h1	h2	h3	h4	h5	h6	inbound_links	keywords	outbound_links	p	root	span	title
1	http://www.thefreedictionary.com/smugness	0.1423487544483986	0.1951219512195122	1.0	4.0	0	0	0	0	0	0.13186813186813187	104	0.0	0.26666666666666666	13.0	0.2857142857142857
2	http://www.dictionary.com/browse/smugness	0.07207207207207207	0.0	0	0	0.32	0	0	0	0	0.32653061224489793	26	0.0	0.26666666666666666	7.505050505050505	0.36363636363636365
3	https://www.merriam-webster.com/thesaurus/smugness	0.07511737089201878	0.0	1.0	0.0	0	0.0	0.0	0	0	0.046511627906976744	23	0.0	0.21052631578947367	0.0	0.25
4	http://www.audioenglish.org/dictionary/smugness.htm	0.14760147601476015	1.0	1.0	0	0	0	0	0	0	0.08695652173913043	0	0.0	0.2	1.0	0.08247422680412371
5	http://www.thesaurus.com/browse/smugness	0.064	0.0	1.0	0.0	0	0	0	0	0	0.5079365079365079	14	0.0	0.27586206896551724	2.9999999999999996	0.3076923076923077
6	http://www.wordreference.com/es/translation.asp?tranword=smugness	0.11267605633802817	0.0	0.0	0	1.0	0	0	0	0	0	6	0.13559322033898305	0.14814814814814814	0.3586744639376218	0.14035087719298245
7	http://www.cbsnews.com/news/commentary-the-unbearable-smugness-of-the-press-presidential-election-2016/	0.0	0.0	0.16666666666666666	0.0	0.0	0.0	0.0	0	0	0.0	17	0.10449385787591355	0.08695652173913043	0.0	0.13559322033898305
8	https://en.wiktionary.org/wiki/smugness	0	0.0	1.0	0.0	0.0	0	0	0	0	0	21	0.0	0.25806451612903225	0.0	0.38095238095238093
9	https://sojo.net/articles/deliver-us-smugness	0.0	0.0	0.3333333333333333	0.0	0.0	0.0	0	0	0	0.04819277108433735	14	0.0	0.21621621621621623	0.0	0.21621621621621623
10	http://www.thefreedictionary.com/smug	0.0	0.0	0.0	0.0	0	0	0	0	0	0.0	114	0.0	0.0	0.0	0.0
11	http://www.dictionary.com/browse/smug	0.0	0.0	0	0	0.0	0	0	0	0	0.0	26	0.0	0.0	3.505050505050505	0.0
12	https://sojo.net/articles/deliver-us-smugness	0.0	0.0	0.3333333333333333	0.0	0.0	0.0	0	0	0	0.04819277108433735	14	0.0	0.21621621621621623	0.0	0.21621621621621623
13	https://en.wiktionary.org/wiki/smugness	0	0.0	1.0	0.0	0.0	0	0	0	0	0	21	0.0	0.25806451612903225	0.0	0.38095238095238093
14	http://legal-dictionary.thefreedictionary.com/smugness	0.1711229946524064	0.14814814814814814	1.0	0	0	0	0	0	0	0.13186813186813187	156	0.0	0.1702127659574468	13.0	0.43243243243243246
15	http://www.urbandictionary.com/define.php?term=smug	0	0.0	0	0	0.0	0	0	0	0	0	134	0.0	0.0	0.0	0.0
16	http://www.wordreference.com/enit/smugness	0.1	0.0	0.0	0	1.0	0	0	0	0	0	6	1.0	0.25806451612903225	1.1481481481481481	0.15384615384615385
17	https://www.vocabulary.com/dictionary/smugness	0.0	0.0	1.0	0.0	0.0	0	0	0	0	0	5	0.0	0.23529411764705882	1.0	0.16326530612244897
18	http://www.thesaurus.com/browse/smug	0.0	0.0	0.0	0.0	0	0	0	0	0	0.0	14	0.0	0.0	0.0	0.0
19	http://www.vox.com/2016/4/21/11451378/smug-american-liberalism	0.0	0.0	0.0	0.0	0.0	0.0	0	0	0	0	56	0.0	0.0	0.0	0.0
20	https://www.amren.com/news/2016/11/the-unbearable-smugness-of-the-press/	0	0.0	0	0	0.0	0	0	0	0	0	15	0.04597701149425287	0.13333333333333333	0.0	0.13559322033898305
21	http://www.dictionary.com/browse/smug	0.0	0.0	0	0	0.0	0	0	0	0	0.0	26	0.0	0.0	3.505050505050505	0.0
22	https://www.collinsdictionary.com/dictionary/english/smug	0.0	0.4082687338501292	0.0	0.0	0	0	0	0	0	0	1	0.0	0.0	3.0	0.0
23	http://legal-dictionary.thefreedictionary.com/smugness	0.1711229946524064	0.14814814814814814	1.0	0	0	0	0	0	0	0.13186813186813187	156	0.0	0.1702127659574468	13.0	0.43243243243243246
24	http://www.guns.com/2016/11/02/huffpo-op-ed-once-again-shows-off-the-smugness-of-the-anti-rights-crowd/	0.0	0.0	0.11267605633802817	0	0.0	0	0	0	0	0	32	0.0	0.08695652173913043	0.0	0.11267605633802817
25	http://www.realclearpolitics.com/2016/11/10/the_unbearable_smugness_of_the_press_395497.html	0.14285714285714285	0.0	0.2222222222222222	0.0	0	0	0	0	0	0.0	2	0.0	0.09876543209876543	0.0	0.14285714285714285
26	http://100rsns.blogspot.com/2011/07/64-smugness.html	0	0.0	0	0.0	0	0.0	0	0	0	0	159	2.4034379545021594	0.17777777777777778	0.0	0.14285714285714285
27	http://www.vox.com/2016/4/21/11451378/smug-american-liberalism	0.0	0.0	0.0	0.0	0.0	0.0	0	0	0	0	56	0.0	0.0	0.0	0.0
28	http://hotair.com/headlines/archives/2017/01/12/smugness-isnt-a-political-strategy-hollywood/	0	0.0	0.6666666666666666	0.0	0.0	0	0	0	0	0	94	0.0	0.09302325581395349	0.0	0.6666666666666666
29	http://sentence.yourdictionary.com/smugness	0.22641509433962265	0.0	0	0.5028142589118199	0.0	0.21621621621621623	0	0	0	0.22641509433962265	91	0.0	0.2222222222222222	1.0	0.2909090909090909
30	https://www.reddit.com/r/Drama/comments/5f9na1/srd_bemoans_trump_supporters_smugness_one/	0.0	0.0	0.0	0	0.0	0	0	0	0	0.0	26	0.2624130879345603	0.1038961038961039	0.0	0.05555555555555555
31	https://www.reddit.com/r/The_Donald/comments/5djafo/smugness_alert_hillary_clinton_spent_500000_on/	0.0	0.0	0.0	0	0.0	0	0	0	0	0.0	52	0.0	0.09195402298850575	0.0	0.21621621621621623
32	http://thehill.com/blogs/pundits-blog/media/308464-gun-control-film-miss-sloane-another-reminder-of-hollywoods-smugness	0.0	0.0	0.4444444444444444	0.0	0	0	0	0	0	0.0	21	0.0	0.07142857142857142	0.0	0.1038961038961039
33	https://www.bloomberg.com/view/articles/2017-01-11/hey-hollywood-smugness-isn-t-a-political-strategy	0	0.0	0.0	0.0	0	0	0	0	0	0	64	0.0	0.09090909090909091	0.16	0.2962962962962963
34	https://www.vocabulary.com/dictionary/smugness	0.0	0.0	1.0	0.0	0.0	0	0	0	0	0	5	0.0	0.23529411764705882	1.0	0.16326530612244897
35	http://www.slate.com/articles/news_and_politics/politics/2016/04/is_liberalism_smug.html	0.0	0.0	0.0	0.0	0	0	0	0	0	0.03587443946188341	15	0.020671834625323	0.0	0.0	0.0
36	http://nypost.com/2016/11/10/the-press-insane-election-smugness-clintons-catholic-disaster-and-other-commentary/	0.005273566249176005	0.0	0.0	0.0	0.0	0.0	0	0	0	0	55	0.0	0.0761904761904762	0.0	0.24242424242424243
37	http://nypost.com/2016/11/19/in-trumps-america-social-justice-warriors-need-to-do-the-one-thing-they-hate/	0.0	0.0	0.0	0.0	0.0	0.0	0	0	0	0	54	0.0	0.0	0.0	0.0
38	http://www.thefreedictionary.com/smugness	0.1423487544483986	0.1951219512195122	1.0	4.0	0	0	0	0	0	0.13186813186813187	104	0.0	0.26666666666666666	13.0	0.2857142857142857
39	https://www.merriam-webster.com/thesaurus/smugness	0.07511737089201878	0.0	1.0	0.0	0	0.0	0.0	0	0	0.046511627906976744	23	0.0	0.21052631578947367	0.0	0.25
40	http://www.freethesaurus.com/smugness	0.1711229946524064	0.21621621621621623	1.0	0.32	0.0	0.0	0	0	0	0.20253164556962025	164	0.0	0.3076923076923077	17.0	0.2857142857142857
41	http://www.dictionary.com/browse/smugness	0.07207207207207207	0.0	0	0	0.32	0	0	0	0	0.32653061224489793	26	0.0	0.26666666666666666	7.505050505050505	0.36363636363636365
43	http://nypost.com/2016/11/10/the-press-insane-election-smugness-clintons-catholic-disaster-and-other-commentary/	0.005273566249176005	0.0	0.0	0.0	0.0	0.0	0	0	0	0	55	0.0	0.0761904761904762	0.0	0.24242424242424243
45	https://spectator.org/63215_culture-smugness/	0	0	0	0.34782608695652173	0	0	0	0	0	0	22	0.0	0.21621621621621623	0.0	0.16666666666666666
46	http://www.guns.com/2016/11/02/huffpo-op-ed-once-again-shows-off-the-smugness-of-the-anti-rights-crowd/	0.0	0.0	0.11267605633802817	0	0.0	0	0	0	0	0	32	0.0	0.08695652173913043	0.0	0.11267605633802817
