index	url	description	div	h1	h2	h3	h4	h5	h6	inbound_links	keywords	outbound_links	p	root	span	title
1	https://en.wikipedia.org/wiki/Vanilla	0	0.0	5.0	0.0	0.0	0	0	0	0	0	114	12.818627370089356	1.206896551724138	12.500884908081053	1.8421052631578947
2	https://www.vanillavisa.com/	0	0	0	0	0	0	0	0	0	0	0	0	2.1875	0	0.0
3	http://www.urbandictionary.com/define.php?term=vanilla	0	5.142990928744055	0	0	0.0	0	0	0	0	0	134	0.0	0.8139534883720931	0.0	1.4000000000000001
4	https://www.merriam-webster.com/dictionary/vanilla	0.5147058823529411	0.0	5.0	27.236111111111118	0	0.0	0.0	0.0	0	0.25	55	0.0	0.9210526315789473	0.0	1.4000000000000001
5	http://vanillaqueen.com/	0.7100591715976331	1.7223112596330898	0	1.8973349485160507	14.560053981106611	1.027239392352017	0	0	0	0	6	2.501579826445138	2.0588235294117645	2.0725490196078438	0.7142857142857142
6	https://www.amazon.com/vanilla-extract/s?ie=UTF8&page=1&rh=i%3Aaps%2Ck%3Avanilla%20extract	1.8518518518518519	0.0	0.3763440860215054	22.562472924670605	0	0.0	0.0	0	0	1.8518518518518519	36	2.692307692307692	0.8974358974358975	15.963411588411589	1.8518518518518519
7	http://www.food.com/about/vanilla-350	0.4216867469879518	0.0	5.0	1.5217391304347827	0	0.0	0	0.0	0	1.9444444444444444	14	2.0223357546625134	1.346153846153846	0.0	0.8974358974358975
8	http://www.food.com/about/	0.0	0.0	0.0	0.0	0	0.0	0	0	0	0.0	13	0.0	0.0	0.0	0.0
9	http://www.thefreedictionary.com/vanilla	0.7664233576642336	0.875	5.0	45.0	0	0	0	0	0	0.5865921787709497	147	0.0	1.206896551724138	104.068894770866	1.2962962962962963
10	https://www.amazon.com/vanilla/s?ie=UTF8&page=1&rh=i%3Aaps%2Ck%3Avanilla	1.8421052631578947	0.0	0.0	19.77192955404432	0	0.0	0.0	0	0	1.8421052631578947	36	2.692307692307692	1.1666666666666667	19.607468919968927	1.8421052631578947
11	https://vanillaforums.com/en/software/	0.3664921465968586	0.43874574623237733	0.0	0.0	1.25	5.0	0	0	0	0	7	0.21212121212121213	1.1666666666666667	0.853658536585366	0.8139534883720931
12	http://www.foodterms.com/encyclopedia/vanilla/index.html	0.546875	0	0.0	0	0	0	5.0	0.0	0	0	244	0.0	0.7777777777777778	5.0	0.945945945945946
13	http://www.vanillapastry.com/	0.30434782608695654	0	1.6666666666666665	1.6666666666666665	0	0.0	0	0	0	0.23809523809523808	3	0.9150717703349284	1.9444444444444444	0	2.5
14	https://vanillaforums.com/en/software/	0.3664921465968586	0.43874574623237733	0.0	0.0	1.25	5.0	0	0	0	0	7	0.21212121212121213	1.1666666666666667	0.853658536585366	0.8139534883720931
15	http://www.dictionary.com/browse/vanilla	0.36458333333333337	2.4328740505211095	0	0	6.458333333333335	0	0	0	0	1.4893617021276595	27	0.44871794871794873	1.206896551724138	72.57965686274513	1.6666666666666665
16	https://www.beanilla.com/	0.23026315789473684	0.0	0.8139534883720931	0.0	6.708754208754209	0.0	0	0.0	0	0	4	1.6616890477913269	0.0	26.858665092217727	1.346153846153846
17	https://en.wikipedia.org/wiki/History_of_vanilla	0	0.0	5.0	0.0	0.0	0	0	0	0	0	114	12.818627370089356	0.875	12.500884908081053	1.8421052631578947
18	http://vanilla.com/	0	0	0	0	0	0	0	0	0	0	0	0.0	2.916666666666667	3.1818181818181817	0.0
19	https://www.vanilla-air.com/	0.2631578947368421	1.9999999999999998	0	0.0	0	0	0	0	0	0.20289855072463767	18	2.626816130375233	2.1875	3.1818181818181817	0.472972972972973
20	http://www.joyofbaking.com/Vanilla.html	0.2511961722488038	0	0	0	0	0	0	0	0	5.0	170	0	1.25	2.027565324097951	1.4000000000000001
22	https://www.thespicehouse.com/spices/vanilla	0.40229885057471265	5.902461460248999	5.0	0.0	0	0	0	0	0	0	9	0.12681159420289856	1.09375	0.0	1.4000000000000001
23	https://open.vanillaforums.com/discussions	0	1.4369501466275656	0.0	0	0	0.0	0	0	0	0	8	0.0	1.0294117647058822	1.4000000000000001	0.0
24	http://www.vanillapastry.com/sweets-suite/cupcakes/	0.30434782608695654	0	1.6666666666666665	0.0	0	0.0	0	0	0	0.23809523809523808	2	0.0	0.875	0.5932203389830508	2.5
28	https://www.beanilla.com/	0.23026315789473684	0.0	0.8139534883720931	0.0	6.708754208754209	0.0	0	0.0	0	0	4	1.6616890477913269	0.0	26.858665092217727	1.346153846153846
29	https://www.myvanillacard.com/	0	0	0	0	0	0	0	0	0	0	0	0	1.9444444444444444	0	0.0
30	http://www.thevanillaworkshop.com/	0.0	0	0	0.9722222222222222	0.0	0	0	0	0	0	1	1.5464435146443516	1.5217391304347827	1.75	1.75
31	https://en.wiktionary.org/wiki/vanilla	0	5.166666666666666	5.0	0.0	0.0	0	0	0	0	0	125	0.0	1.1666666666666667	0.0	1.75
33	http://www.webmd.com/vitamins-supplements/ingredientmono-206-VANILLA.aspx?activeIngredientId=206&activeIngredientName=VANILLA	0.20958083832335328	0.0	5.0	0.0	1.9444444444444444	0.0	0.0	10.166666666666664	0	0.17948717948717946	16	14.988869901565135	0.6140350877192982	2.3639112903225805	0.564516129032258
34	https://www.myvanillacard.com/	0	0	0	0	0	0	0	0	0	0	0	0	1.9444444444444444	0	0.0
35	https://en.wiktionary.org/wiki/vanilla	0	5.166666666666666	5.0	0.0	0.0	0	0	0	0	0	125	0.0	1.1666666666666667	0.0	1.75
36	https://www.beanilla.com/blog/homemade-vanilla-extract	0.689655172413793	0.0	1.847826086956522	1.8518518518518519	9.824827734711452	0.0	0	1.02565348362647	0	0	4	6.309831307068772	0.8333333333333333	31.759759368312004	1.4912280701754383
37	http://www.fragrantica.com/notes/Vanilla-74.html	0	0.2356902356902357	5.0	2.1875	0.0	0	0	0	0	0	28	1.9907425231867497	0.945945945945946	0.552924877483923	1.09375
38	http://www.foodnetwork.com/recipes/food-network-kitchens/basic-vanilla-cake-recipe.html	0.40229885057471265	0.0	1.9444444444444444	0	0.0	0	0.0	0.0	0	0	64	0.0	0.4605263157894737	7.340277777777779	0.5555555555555556
39	http://www.foodnetwork.com/recipes.html	0.0	0.0	0.0	0	0.0	0	0.0	0.0	0	0	61	0.0	0.0	0.0	0.0
44	http://www.youtube.com/watch?v=rog8ou-ZepE	0.6862745098039216	0.0	0.0	0	0.0	0.0	0	0	0	1.9444444444444444	3	0.6862745098039216	0.0	3.7860576923076916	0.9722222222222222
45	http://www.vanillapastry.com/sweets-suite/cupcakes/	0.30434782608695654	0	1.6666666666666665	0.0	0	0.0	0	0	0	0.23809523809523808	2	0.0	0.875	0.5932203389830508	2.5
46	http://www.food.com/recipe/simple-vanilla-cupcakes-178370	0.5384615384615385	0.0	1.5217391304347827	1.5217391304347827	0.0	0.0	0.0	0.0	0	0.3932584269662921	18	0.0	0.7608695652173914	0.0	0.853658536585366
47	http://tidymom.net/2012/recipe-for-vanilla/	1.0	0.0	1.4285714285714284	2.2727272727272725	0.0	1.1111111111111112	0.0	0	0	0	39	4.838066330661855	0.9722222222222222	0.42079207920792083	0.980392156862745
48	http://www.food.com/recipe/simple-vanilla-cupcakes-178370	0.5384615384615385	0.0	1.5217391304347827	1.5217391304347827	0.0	0.0	0.0	0.0	0	0.3932584269662921	18	0.0	0.7608695652173914	0.0	0.853658536585366
49	http://www.lavanila.com/	0.0	26.368561628430037	0	0.0	0	0.0	0.0	0	0	0	7	0.0	0.0	0.0	0.0
50	http://minecraft-mp.com/type/vanilla/	0.546875	0.4117647058823529	1.4000000000000001	0	0	0	0.0	0	0	0.4216867469879518	19	0.0	1.1666666666666667	0.0	1.129032258064516
51	http://minecraft-mp.com/types/	0.20710059171597633	0.4117647058823529	0.0	0	0	0	0.0	0	0	0	19	0	0.0	0.0	0.0
52	https://www.vanillareload.com/	0	0	0	0	0	0	0	0	0	0	0	0	1.9444444444444444	0	1.25
53	http://www.kingarthurflour.com/shop/items/king-arthur-pure-vanilla-extract-16-oz	0	2.186954190913562	1.2195121951219512	0	0	0.0	0.0	0	0	0	2	0.49382716049382713	0.5072463768115942	10.028837487394078	1.2195121951219512
54	http://minecraft-server-list.com/sort/Vanilla/	0.22580645161290322	24.91550154927829	0.945945945945946	0	0	0	0	0	0	0	4	0.0	0.8974358974358975	205.83333333333334	5.0
55	http://www.huffingtonpost.com/2014/03/25/vanilla-comes-from_n_5021060.html	0.875	8.385240849613625	0.6140350877192982	2.3333333333333335	0	0.0	0	0	0	1.5284974093264245	40	0.8333333333333333	0.5555555555555556	6.483617901544214	0.44303797468354433
57	http://www.wikihow.com/Grow-Vanilla	0.5932203389830508	3.1800952670517892	0	0	0.0	0	0	0	0	0.35000000000000003	5	0.4375	1.4583333333333335	3.508771929824562	0.7777777777777778
58	http://www.hawaiianvanilla.com/default.asp	0.472972972972973	0.9090909090909092	0	0	0	0	0	0	0	2.638888888888889	11	7.0373696034600535	1.129032258064516	0.0	0.5833333333333334
