index	url	description	div	h1	h2	h3	h4	h5	h6	inbound_links	keywords	outbound_links	p	root	span	title
1	https://www.verywell.com/what-is-an-extrovert-1449182	0	0.3333333333333333	0.3333333333333333	0.0	0.42857142857142855	0	0	0	0	0	9	1.3915163293885326	0.21951219512195122	0.2727272727272727	0.3333333333333333
2	http://www.differencebetween.com/difference-between-introvert-and-vs-extrovert/	0	0	0.21428571428571427	0	0	0.0	0	0	0	0	3	0.37260000002072363	0.1323529411764706	0.546673951048951	0.21428571428571427
3	https://www.psychologytoday.com/basics/extroversion	0.043689320388349516	0.8025985496606949	0.0	0.36	0.0	0	0	0	0	0	5	0.4714039691651632	0.0	0.0	0.0
4	http://www.dictionary.com/browse/extrovert	0.14285714285714285	0.0	0	0	0.34615384615384615	0	0	0	0	0.35294117647058826	20	0.0	0.2903225806451613	15.486363636363636	0.391304347826087
5	https://www.buzzfeed.com/jessicamisener/frustrating-things-about-being-an-extrovert	0.0	0.1956521739130435	0.1956521739130435	0.0	0.0	0.0	0	0	0	0	48	0.15789473684210525	0.1267605633802817	0.0	0.1956521739130435
6	http://thoughtcatalog.com/macy-sto-domingo/2014/03/6-things-every-extrovert-secretly-has-to-deal-with/	0	0.18	0.2	0.0	0.13432835820895522	0.0	0	0	0	0	42	0.5776945271429619	0.09473684210526316	0.5159705159705159	0.1323529411764706
7	https://www.merriam-webster.com/dictionary/extrovert	0.13740458015267176	0.0	1.0	9.827852998065765	0	0.0	0.0	0.0	0	0.2011173184357542	41	0.0	0.225	0.0	0.3333333333333333
8	http://www.thefreedictionary.com/extrovert	0.19217081850533807	0.6233766233766234	1.0	10.0	0	0	0	0	0	0.14594594594594595	148	0.0	0.2903225806451613	20.525398194210812	0.3103448275862069
9	https://www.psychologytoday.com/collections/201207/introverts-extroverts	0.0	0.4436891602045867	0.391304347826087	0.0	0.0	0	0	0	0	0	4	0.0	0.15	0.0	0.21428571428571427
10	https://en.wikipedia.org/wiki/Extraversion_and_introversion	0	0.0	0.0	0.0	0.0	0	0	0	0	0	83	1.0378095307989497	0.0	0.08333333333333333	0.0
11	http://www.thefreedictionary.com/extroverts	0.1888111888111888	0.6183932346723044	1.0	10.0	0	0	0	0	0	0.14361702127659576	145	0.0	0.28125	18.22539819421081	0.3
12	http://www.quietrev.com/5-myths-about-introverts-and-extroverts/	0.08256880733944955	0.0	0.23076923076923078	0	0	0.0	0.0	0	0	0	67	8.79128794656406	0.16981132075471697	0.0	0.23076923076923078
13	http://www.huffingtonpost.com/2014/11/07/physical-behavior-of-introverts_n_6069438.html	0.10465116279069768	0.0	0.0	0.0	0	0.0	0	0	0	0.072	43	0.39085961272406816	0.0	0.0	0.0
14	http://www.differencebetween.com/difference-between-introvert-and-vs-extrovert/	0	0	0.21428571428571427	0	0	0.0	0	0	0	0	3	0.37260000002072363	0.1323529411764706	0.546673951048951	0.21428571428571427
15	http://gawker.com/15-unmistakable-outrageously-secret-signs-youre-an-ex-1182875137	0.0	0.0	0.6	0	0	0	0.0	0	0	0	9	0.2202111820917586	0.0	0.9	0.6
16	http://www.huffingtonpost.com/news/extroverts/	0	0.0	0.9	0	0.0	0	0	0	0	0	15	0.4676866079622395	0.2571428571428571	0.0	0.9
17	http://oureverydaylife.com/characteristics-extroverted-personality-8632562.html	0.0	0.0	0.2	0.28125	0	0.0	0	0	0	0	5	1.7055439604725493	0.125	0.0	0.13846153846153847
18	http://www.quietrev.com/the-introvert-test/	0.0	0	0.0	0	0	0.0	0	0	0	0	18	0.16666666666666666	0.0	0.0	0.2647058823529412
19	http://www.myersbriggs.org/my-mbti-personality-type/mbti-basics/extraversion-or-introversion.htm	0.0	0.0	0	0.0	0	0	0	0	0	0.0	0	0.05421686746987952	0.0	0.0	0.0
20	https://www.verywell.com/introvert-definition-and-characteristics-1449191	0	0.0	0.0	0.0	0.0	0	0	0	0	0	9	0.030821917808219176	0.0	0.0	0.0
21	http://www.urbandictionary.com/define.php?term=extrovert	0	1.7003904476858929	0	0	0.0	0	0	0	0	0	134	0.0	0.2	0.0	0.3333333333333333
23	https://www.vocabulary.com/dictionary/extrovert	0.11612903225806452	0.0	1.0	0.0	0.0	0.0	0	0	0	0	5	0.0	0.2571428571428571	1.0	0.18
24	http://www.medicaldaily.com/brain-introvert-compared-extrovert-are-they-really-different-299064	0.06766917293233082	0.0	0.10465116279069768	0.4090909090909091	0	0	0	0	0	0.0	11	0.2554173665605489	0.10714285714285714	0.06293706293706294	0.10465116279069768
25	http://www.wikihow.com/Be-an-Extrovert	0.0743801652892562	0.0	0	0	0.0	0	0	0	0	0.08737864077669903	6	0.02368421052631579	0.3333333333333333	0.0	0.1875
26	http://www.inc.com/yoram-solomon/the-most-creative-types-are-introverts-and-extroverts.html	0.08823529411764706	0.2518716577540107	0	0	0	0	0	0	0	0	24	0.0	0.1125	0.0	0.13846153846153847
27	http://blogs.discovermagazine.com/crux/2013/08/27/are-the-brains-of-introverts-and-extroverts-actually-different/	0.059602649006622516	0.0	0.0	0.0	0.0	0.4090909090909091	0.0	0.0	0	0	96	4.987307967955198	0.08490566037735849	0.0	0.12162162162162163
28	http://www.inc.com/rhett-power/effective-management-extroverts-vs-introverts.html	0.0	0.19148936170212766	0	0	0	0	0	0	0	0	21	0.5777910377910378	0.12857142857142856	0.0	0.15789473684210525
29	https://www.merriam-webster.com/dictionary/extroversion	0.0	0.0	0.0	0.0	0	0.0	0.0	0	0	0.0	35	0.0	0.0	0.0	0.0
30	http://www.wsj.com/articles/not-an-introvert-not-an-extrovert-you-may-be-an-ambivert-1438013534	0.0	0	0	0	0	0	0	0	0	0.0743801652892562	0	0	0.10714285714285714	0	0.140625
31	https://www.merriam-webster.com/dictionary/extroversion	0.0	0.0	0.0	0.0	0	0.0	0.0	0	0	0.0	35	0.0	0.0	0.0	0.0
32	http://www.lifehack.org/articles/communication/10-things-remember-you-love-extrovert.html	0.060810810810810814	0.0	0.391304347826087	0.0	0.0	0.0	0.0	0	0	0	27	1.1593152133707443	0.11538461538461539	0.0	0.1956521739130435
33	http://www.livescience.com/8500-brains-introverts-reveal-prefer.html	0.07964601769911504	0.0	0.0	0	0	0	0	0	0	0	41	0.45156069402678783	0.0	0.0	0.0
34	http://www.cvtips.com/career-choice/extroverts.html	0	0.0	0.9	0	0	0	0	0	0	0	1	1.582786465257543	0.225	0	0.391304347826087
35	http://lessons4living.com/intoversion__extroversion.htm	0	0	0	0	0	0	0	0	0	0	9	0	0.0	0	0.0
36	https://www.vocabulary.com/dictionary/extrovert	0.11612903225806452	0.0	1.0	0.0	0.0	0.0	0	0	0	0	5	0.0	0.2571428571428571	1.0	0.18
37	https://www.reddit.com/r/extroverts/	0.0	0.0	0.0	0.2903225806451613	0	0	0	0	0	0.0	14	1.1568673290473408	0.375	0.0	0.9
39	http://www.forbes.com/sites/susanadams/2014/03/04/the-10-best-jobs-for-introverts/	0.0	0	0	0	0	0	0	0	0	0.0	0	0	0.0	0.0	0.0
40	http://www.lifehack.org/297304/19-real-life-examples-extroverted-introvert-you-dont-get-confused	0.06976744186046512	0.0	0.3	0.0	0.0	0.0	0.0	0	0	0	24	0.575829519450801	0.10588235294117647	0.0	0.15
41	http://www.forbes.com/sites/susanadams/2014/03/04/the-10-best-jobs-for-introverts/	0.0	0	0	0	0	0	0	0	0	0.0	0	0	0.0	0.0	0.0
42	https://www.washingtonpost.com/national/on-leadership/why-extroverts-fail-introverts-flounder-and-you-probably-succeed/2013/01/28/bc4949b0-695d-11e2-95b3-272d604a10a3_story.html	0	0.0	0.13846153846153847	0	0	0.0	0	0	0	0.09917355371900827	11	0.3521621180950848	0.05454545454545454	0.0	0.10344827586206896
43	http://www.inc.com/yoram-solomon/the-most-creative-types-are-introverts-and-extroverts.html	0.08823529411764706	0.2518716577540107	0	0	0	0	0	0	0	0	24	0.0	0.1125	0.0	0.13846153846153847
44	http://www.webmd.com/balance/rm-quiz-introverts-extroverts	0.0703125	0.0	0.2	1.89642451501522	0.0	0.0	0.0	0	0	0.14754098360655737	6	2.214627930806992	0.19148936170212766	0.0	0.1232876712328767
48	http://theundercoverrecruiter.com/what-careers-suit-introverts-extroverts/	0.08333333333333333	0.0	0	0.47115060646900264	0	0	0	0	0	0	8	0.19773519163763065	0.13432835820895522	0.0	0.1836734693877551
49	http://io9.gizmodo.com/the-science-behind-extroversion-and-introversion-1282059791	0.028846153846153848	0.0	0	0	0.0	0.0	0.0	0	0	0.0	82	1.5521577952598533	0.0	0.0	0.16363636363636364
50	http://www.preludecharacteranalysis.com/blog/extravert-or-extrovert	0.02278481012658228	0.0	0.8181818181818182	0.0	0.0	0	0	0.0	0	0	14	0.1604775481111903	0.32142857142857145	0.0	0.35294117647058826
