index	url	description	div	h1	h2	h3	h4	h5	h6	inbound_links	keywords	outbound_links	p	root	span	title
1	https://www.firstborn.com/	0.07317073170731707	0.0	0.0	2.0625	0.0	0	0	0	0	0	8	0.0	1.2857142857142858	5.762369337979095	2.0
2	https://en.wikipedia.org/wiki/Firstborn	0	0.0	2.0	0.0	0.0	0	0	0	0	0	14	0.4229944337748137	0.5806451612903226	0.0	0.8571428571428571
3	https://www.merriam-webster.com/dictionary/firstborn	0.6428571428571429	0.0	2.0	4.382978723404255	0	0.0	0.0	0	0	0.1267605633802817	30	0.0	0.45	0.0	0.6666666666666666
4	http://www.imdb.com/title/tt4399590/	0.0	0.0	2.0	0.0	0.0	0.0	0.0	0	0	0.0	10	0.0	0.0	0.0	0.782608695652174
5	https://bible.org/question/what-significance-%E2%80%9Cfirstborn%E2%80%9D-bible	0.04265402843601896	0	0	0.33962264150943394	0	0.0	0	0	0	0	3	15.9615564905364	0.2571428571428571	0.0	0.27692307692307694
6	http://www.thefreedictionary.com/firstborn	0.4166666666666667	0.42857142857142855	2.0	2.0	0	0	0	0	0	0.2918918918918919	107	0.0	0.5806451612903226	28.0	0.6206896551724138
7	https://www.rottentomatoes.com/m/firstborn_1984/	0	0.011834319526627219	4.0	0.0	0.0	0	0	0	0	0	31	0.7087087087087087	0.5	0.0	2.0
8	https://en.wikipedia.org/wiki/Bechor	0	0.36363636363636365	0.9473684210526315	0.0	0.0	0	0	0	0	0	16	1.429142683842381	0.0	7.184353715202745	0.5806451612903226
9	http://www.imdb.com/title/tt0087263/	0.0	0.0	2.0	0.0	0.0	0.0	0.0	0	0	0.0	15	0.0	0.0	0.0	0.782608695652174
10	http://www.tor.com/2008/12/17/firstborn/	0	0.0	0.0	0.0	0.0	0	0	0	0	0	6	0.0	0.6206896551724138	0.0	0.9473684210526315
11	https://en.wikipedia.org/wiki/Bechor	0	0.36363636363636365	0.9473684210526315	0.0	0.0	0	0	0	0	0	16	1.429142683842381	0.0	7.184353715202745	0.5806451612903226
13	https://www.firstborn.com/work/295	0	0.0	0	0	0.0	0.0	0	0	0	0	9	0.22383135984428365	0.8181818181818182	5.2857142857142865	0.2465753424657534
14	http://www.dictionary.com/browse/firstborn	0.4411764705882353	1.0	0	0	0.6923076923076923	0	0	0	0	0.7058823529411765	24	0.0	0.5806451612903226	10.0	0.782608695652174
15	https://www.amazon.com/Firstborn-Legacy-Urban-Fantasy-novel-ebook/dp/B00SQ1I1TW	0.16216216216216217	0.14111511618989184	0	0.0	0.0	0	0	0	0	0.0891089108910891	36	0.0	0.26865671641791045	0.7870129870129869	0.16216216216216217
16	https://www.amazon.com/Literature-Fiction-Books/b?ie=UTF8&node=17	0.0	0.0	0	0.0	0.0	0.0	0	0	0	0.0	36	0.0	0.0	0.0	0.0
17	https://www.amazon.com/Genre-Fiction-Literature-Books/b?ie=UTF8&node=10134	0.0	0.0	0	0.0	0.0	0.0	0.0	0	0	0.0	36	0.0	0.0	0.0	0.0
18	http://www.biblestudyguide.org/articles/jesus-who-is-jesus-series/who-is-jesus-firstborn.htm	0	0	0	0	0	0	0	0	0	0.35294117647058826	25	1.1002030163112335	0.2222222222222222	0	0.6428571428571429
19	http://memory-alpha.wikia.com/wiki/Firstborn_(episode)	0.0	0.0	0.9473684210526315	1.6363636363636365	0.0	0	0	0	0	0.08294930875576037	52	0.0	0.3829787234042553	0.0	0.3
20	https://bible.org/article/jesus-and-christians-firstborn	0.0736196319018405	0	0	2.0	0.33962264150943394	0.0	0.0	0	0	0	6	0.7024668876253826	0.375	0.0	2.0
21	http://bible.knowing-jesus.com/topics/Firstborn	0.24324324324324326	0.0	2.0	1.6973684210526314	28.0	0	0	0	0	0	25	12.139631933684198	0.45	0.759987515186431	0.5806451612903226
22	http://www.barnesandnoble.com/w/firstborn-brandon-sanderson/1103089517	0.16666666666666666	0.0	2.0	0.0	0.0	2.0	0	0	0	0	15	0.0	0.3050847457627119	0.0	0.3050847457627119
23	http://www.thesaurus.com/browse/firstborn	0.14285714285714285	0.0	2.0	0.0	0	0	0	0	0	1.0746268656716418	14	0.0	0.6	8.153846153846155	0.6666666666666666
24	http://wiki.guildwars2.com/wiki/Firstborn	0	0.0	2.0	0.0	0.0	0	0	0	0	0	6	0.0	0.5294117647058824	1.44	0.5
25	http://www.barnesandnoble.com/w/firstborn-brandon-sanderson/1103089517	0.16666666666666666	0.0	2.0	0.0	0.0	2.0	0	0	0	0	15	0.0	0.3050847457627119	0.0	0.3050847457627119
26	http://villains.wikia.com/wiki/The_Firstborn	0.1956521739130435	1.3846153846153846	1.3846153846153846	0.0	0.0	0	0	0	0	0.17647058823529413	48	0.1874631123352351	0.4864864864864865	0.0	0.32727272727272727
27	http://asianwiki.com/The_Firstborn	0	0.0	1.3846153846153846	0.0	0.0	0	0.0	0	0	0	9	0.07228915662650602	0.6666666666666666	0.0	0.72
28	http://www.rogerebert.com/reviews/firstborn-1984	0.05232558139534884	0	2.0	0	0.0	1.125	0.0	0.0	0	0	7	0.272010315049643	0.4864864864864865	0.0	0.8181818181818182
29	http://www.today.com/health/firstborn-girl-scientists-find-one-unexpected-disadvantage-t40921	0.22784810126582278	0.0	0.3103448275862069	1.3373134328358207	0	0.0	0	0	0	0	19	0.7725434904974707	0.21951219512195122	0.0	0.2535211267605634
30	https://www.rottentomatoes.com/m/firstborn_2016	0	0.0	2.0	0.0	0.0	0	0	0	0	0	26	0.6887336774977224	0.5142857142857142	0.0	2.0
31	http://www.equip.org/article/firstborn-how-to-do-a-word-study/	0	0	0.5294117647058824	0	0.0	0	0	0	0	0	7	6.800800210020159	0.35294117647058826	0.0	0.28125
32	http://www.biblestudytools.com/dictionaries/bakers-evangelical-dictionary/firstborn.html	0.23225806451612904	0.0	2.0	0.0	0.0	0.0	0	0	0	0.07725321888412018	32	1.061696941757503	0.23376623376623376	0.0	1.0588235294117647
33	http://www.biblestudytools.com/library/	0.0	0.0	0.0	0.0	0.0	0.0	0	0	0	0.0	31	0.0	0.0	0.0	0.0
34	http://www.biblestudytools.com/dictionaries/	0.0	0.0	0.0	0.0	0.0	0.0	0	0	0	0.0	31	0.0	0.0	0.0	0.0
35	https://www.lds.org/scriptures/gs/firstborn	0	0.0	0	0	0	0.0	0	0	0	0	8	0.835886014581648	0.5806451612903226	5.769241468620352	2.0
36	http://aliens.wikia.com/wiki/Firstborn	0.19148936170212766	0.0	2.0	0.0	0.0	0	0	0	0	0.35294117647058826	40	0.266475568720233	0.5806451612903226	0.0	0.35294117647058826
37	http://www.today.com/health/firstborn-girl-scientists-find-one-unexpected-disadvantage-t40921	0.22784810126582278	0.0	0.3103448275862069	1.3373134328358207	0	0.0	0	0	0	0	19	0.7725434904974707	0.21951219512195122	0.0	0.2535211267605634
38	https://www.lds.org/scriptures/bd/firstborn?lang=eng	0	0.0	0	2.0	0	0.0	0	0	0	0	8	0.5702286902286903	0.45	2.0	2.0
39	https://www.amazon.com/Firstborn-Time-Odyssey-Arthur-Clarke/dp/0345491580	0.23076923076923078	1.7614605116254385	0	0.0	0.0	0	0.0	0	0	0.0430622009569378	36	0.0	0.29508196721311475	2.611993160723009	0.1935483870967742
40	https://www.amazon.com/Science-Fiction-Fantasy-Books/b?ie=UTF8&node=16272	0.0	0.0	0	0.0	0.0	0.0	0.0	0	0	0.0	36	0.0	0.0	0.0	0.0
41	https://www.goodreads.com/book/show/18552617-firstborn	0.11688311688311688	0.4	2.0	0.0	0.0	0	0	0	0	0	5	0.0	0.42857142857142855	5.209406837004475	0.2608695652173913
42	http://brandonsanderson.com/firstborn/	0	0.0	0	0	0.0	0.0	0	0	0	0	14	2.0	0.5806451612903226	0.0	2.0
43	http://www.firstbornprogram.org/	0	0.0	0	0	0	0	0	0	0	0	6	0	0.8571428571428571	0.0	0.0
44	http://www.equip.org/article/firstborn-how-to-do-a-word-study/	0	0	0.5294117647058824	0	0.0	0	0	0	0	0	7	6.800800210020159	0.35294117647058826	0.0	0.28125
45	http://www.dictionary.com/browse/first-born	0.17391304347826086	1.7815126050420167	0	0	0.0	0	0	0	0	0.0	20	0.0	0.0	6.0	0.0
47	https://en.wiktionary.org/wiki/firstborn	0	0.0	2.0	0.0	0.0	0	0	0	0	0	49	0	0.5625	0.0	0.8181818181818182
48	https://www.goodreads.com/book/show/18552617-firstborn	0.11688311688311688	0.4	2.0	0.0	0.0	0	0	0	0	0	5	0.0	0.42857142857142855	5.209406837004475	0.2608695652173913
49	http://aliens.wikia.com/wiki/Firstborn	0.19148936170212766	0.0	2.0	0.0	0.0	0	0	0	0	0.35294117647058826	40	0.266475568720233	0.5806451612903226	0.0	0.35294117647058826
50	http://www.thewrap.com/corey-haims-movies-from-firstborn-to-license-to-drive-photos/	0.0	0	2.0	0	0.0	0	0	0	0	0	11	0.42753488372093024	0.2465753424657534	0.0	2.0
51	http://adage.com/lookbook/listing/firstborn/2533	0.12162162162162163	0	2.0	0	0	0	0	0	0	0	6	0.07964601769911504	0.43902439024390244	0.0	0.28125
52	http://www.kingjamesbibleonline.org/Firstborn/	0.3103448275862069	0.0	2.0	0.0	0	0.0	0	0	0	0.21176470588235294	117	0.0	0.5142857142857142	0.0	0.8181818181818182
53	https://www.lds.org/scriptures/gs/firstborn	0	0.0	0	0	0	0.0	0	0	0	0	8	0.835886014581648	0.5806451612903226	5.769241468620352	2.0
54	http://iafirstborn.org/	0.0	0.0	0	0.0	0	0.0	0	0	0	0	2	0.13432835820895522	1.125	0.0	0.0
55	http://wol.jw.org/en/wol/d/r1/lp-e/1200001525	0.0	0	0	0	0	0	0	0	0	0.0	5	1.3784749091731499	0.0	0.0	0.9
