index	url	description	div	h1	h2	h3	h4	h5	h6	inbound_links	keywords	outbound_links	p	root	span	title
1	https://en.wikipedia.org/wiki/Hippie	0	0.31666666666666665	2.0	0.0	0.0	0	0	0	0	0	221	7.3882652202208945	0.42857142857142855	4.452455899957313	0.6666666666666666
3	http://www.urbandictionary.com/define.php?term=Hippie	0	3.6364702322660345	0	0	0.0	0	0	0	0	0	134	0.0	0.2857142857142857	0.0	0.5
4	http://www.wikihow.com/Be-a-Hippie	0.15384615384615385	0.0	0	0	0.0	0	0	0	0	0.12121212121212122	1	0.09302325581395349	0.5217391304347826	0.0	0.2727272727272727
5	https://www.merriam-webster.com/dictionary/hippie	0.1610738255033557	0.0	2.0	18.089704498400152	0	0.0	0.0	0	0	0.385	29	0.0	0.32432432432432434	0.0	0.5
6	http://www.encyclopedia.com/social-sciences-and-law/sociology-and-social-reform/sociology-general-terms-and-concepts/hippies	0.18446601941747573	0.0	5.428571428571428	5.428571428571428	0	0.0	0	0	0	0.17674418604651163	3	8.043146879723299	0.16814159292035397	0.0	0.4871794871794872
7	http://www.encyclopedia.com/social-sciences-and-law/sociology-and-social-reform	0.0	0.0	0.0	0.0	0.0	0	0	0	0	0.0	3	0	0.0	0.0	0.0
8	https://en.wikipedia.org/wiki/History_of_the_hippie_movement	0	0.0	0.4	0.0	0.0	0	0	0	0	0	47	5.855968611734761	0.23076923076923078	3.583797155225726	0.2857142857142857
9	http://uncyclopedia.wikia.com/wiki/Hippies	0.19387755102040816	0.0	2.7142857142857144	0.0	0.0	0	0.0	0	0	0.24031007751937983	20	3.442447418886912	0.5428571428571429	2.4579587079587077	0.39583333333333337
11	http://www.dictionary.com/browse/hippies	0.0581039755351682	0.0	0	0	4.791666666666667	0	0	0	0	0.8085106382978722	32	1.375	0.6551724137931034	43.374999999999986	0.9047619047619048
12	https://en.wikipedia.org/wiki/History_of_the_hippie_movement	0	0.0	0.4	0.0	0.0	0	0	0	0	0	47	5.855968611734761	0.23076923076923078	3.583797155225726	0.2857142857142857
13	https://www.nytimes.com/topic/subject/hippies	0.4042553191489361	0	2.7142857142857144	3.6267813671083657	0.0	0	0	0	0	0.0	2	1.4636354696166909	0.5757575757575757	2.7142857142857144	0.6785714285714286
14	http://www.nationalreview.com/article/414343/who-are-hippies-will-herberg	0.051674823619144473	0.0	0	0.0	0	0	0	0	0	0.0	6	1.7388888035211483	0.30645161290322576	0.0	0.0
15	http://blastfrompast.wikispaces.com/Hippie+Culture	0	0.0	0	0.0	0	0	0	0	0	0	21	0.0	0.27906976744186046	5.905591003955393	0.4
16	http://all-that-is-interesting.com/a-brief-history-of-hippies	0.1743119266055046	0.0	0	0	0	0	0.0	0	0	0	14	0.2627408254600404	0.35185185185185186	0.0	0.2553191489361702
19	http://www.urbandictionary.com/define.php?term=hippy	0	3.6383202886510144	0	0	0.0	0	0	0	0	0	134	0.0	0.24390243902439024	0.0	0.43478260869565216
20	http://www.mortaljourney.com/2011/03/1960-trends/hippie-counter-culture-movement	0	0.0	3.1893683827215416	0	0.0	0	0	0	0	0	8	2.0563134112732278	0.17391304347826086	0.0	0.2926829268292683
21	http://www.hippieshop.com/	0.08888888888888889	0	0	0	0	0	0	0	0	0.5061728395061729	0	0	1.2666666666666666	0	0.5581395348837209
22	http://blastfrompast.wikispaces.com/Hippie+Culture	0	0.0	0	0.0	0	0	0	0	0	0	21	0.0	0.27906976744186046	5.905591003955393	0.4
24	https://www.buzzfeed.com/sandraeallen/29-signs-you-were-raised-by-hippies	0.0	0.5428571428571429	2.7142857142857144	0.0	0.0	0.0	0	0	0	0	53	0.0	0.3114754098360656	0.0	0.5428571428571429
25	http://www.thefreedictionary.com/hippie	0.21978021978021978	0.3076923076923077	2.0	11.714285714285714	0	0	0	0	0	0.20454545454545456	121	0.0	0.42857142857142855	52.98638528138527	0.46153846153846156
26	http://hippieshope.com/	0.16551724137931034	0.0	0.0	0.0	0.0	0	0	0.0	0	0	21	0.22424242424242424	1.1875	0.0	0.7045454545454545
27	http://www.youtube.com/watch?v=TC3LryTjYqw	0.26875	0.0	0.0	0.0	0.0	0.0	0	0	0	0.21818181818181817	3	0.26050420168067223	0.0	6.578341794058319	0.5714285714285714
28	http://www.imdb.com/title/tt0187646/	0.0	0.2929483155471856	2.7142857142857144	0.0	0.0	0.0	0.0	0	0	0.0	11	0.0945273631840796	0.0	2.0	0.5757575757575757
29	http://www.hippiedates.com/	0.26206896551724135	0.25	0.0	0	0.0	0.0	0	0	0	0.6805555555555556	1	0.2504884004884005	0.75	0.0	0.8611111111111112
30	https://www.datingforhippies.com/	0.22485207100591717	0.0	0	0.7543238993710693	0	0	0	0	0	0.784037558685446	0	1.200493861398912	0.9047619047619048	0.0	0.6326530612244898
31	http://fiftiesweb.com/fashion/hippie-clothes/	0.3076923076923077	0	0.8571428571428571	0	0	0.46153846153846156	0	0	0	0	2	3.7832870845618163	0.3157894736842105	0.0	0.4
32	http://fiftiesweb.com//fashion/	0	0	0	0	0	0	0	0	0	0	0	0	0.0	0	0
33	https://en.wikipedia.org/wiki/Hippie	0	0.31666666666666665	2.0	0.0	0.0	0	0	0	0	0	221	7.3882652202208945	0.42857142857142855	4.452455899957313	0.6666666666666666
34	http://www.theatlantic.com/entertainment/archive/2015/07/the-death-of-the-hippies/397739/	0.0	0.0	0.7916666666666667	0.0	0.0	0	0.0	0	0	0.0	31	0.21101241440464735	0.2435897435897436	0.0	0.4871794871794872
35	http://www.wikihow.com/Dress-Like-a-Hippie	0.15126050420168066	0.0	0	0	0.0	0	0	0	0	0.11214953271028037	2	0.13953488372093023	0.3870967741935484	1.175	0.3076923076923077
37	http://www.thefreedictionary.com/hippies	0.34172661870503596	0.475	2.7142857142857144	0.0	0	0	0	0	0	0.31843575418994413	115	0.0	0.6551724137931034	39.999999999999986	0.7037037037037037
38	https://www.yelp.com/biz/hippies-sparks	0.07851239669421488	0.0	2.7142857142857144	0.0	0.0	0.0	0	0	0	0.0	60	3.3039387842078334	0.7037037037037037	2.7142857142857144	0.19791666666666669
39	https://www.yelp.com/c/sparks-nv-us/shopping	0.0	0.0	0.0	0.0	0.0	0	0	0	0	0.0	59	0.0	0.0	0.0	0.0
40	https://www.yelp.com/c/sparks-nv-us/vapeshops	0.0	0.0	0.0	0.0	0.0	0	0	0	0	0.0	59	0.0	0.0	0.0	0.0
42	https://www.amazon.com/Hippie-Barry-Miles/dp/1402728735	0.03508771929824561	0.050834059087559454	0	0.0	0.0	0	0	0	0	0.11237785016286644	36	0.02158273381294964	0.27906976744186046	2.4799289723908813	0.22641509433962265
43	https://www.amazon.com/books-used-books-textbooks/b?ie=UTF8&node=283155	0.0	0.0	0	0.0	0.0	0	0	0	0	0.0	36	0.0	0.0	0.0	0.0
44	https://www.amazon.com/History-Books/b?ie=UTF8&node=9	0.0	0.0	0	0.0	0.0	0.0	0.0	0	0	0.0	36	0.0	0.0	0.0	0.0
45	https://www.amazon.com/Americas-History-Books/b?ie=UTF8&node=4808	0.0	0.0	0	0.0	0.0	0.0	0	0	0	0.0	36	0.0	0.0	0.0	0.0
46	https://www.mtholyoke.edu/courses/rschwart/hist255-s01/boheme/hippies.htm	0	0	0	0	0	0	0	0	0	0	41	0	0.3114754098360656	0	0.0
47	http://inciclopedia.wikia.com/wiki/Hippie	0.12631578947368421	0.0	2.0	0.0	0.0	0	0.0	0	0	0.16216216216216217	21	2.3221268247249958	0.35294117647058826	4.976685366004251	0.2553191489361702
48	http://www.thefreedictionary.com/hippie	0.21978021978021978	0.3076923076923077	2.0	11.714285714285714	0	0	0	0	0	0.20454545454545456	121	0.0	0.42857142857142855	52.98638528138527	0.46153846153846156
49	http://www.huffingtonpost.com/news/hippies/	0	0.0	2.7142857142857144	0	0.0	0	0	0	0	0	15	0.38062292418870247	0.59375	0.0	2.7142857142857144
50	https://www.meetup.com/topics/hippie/	0.13186813186813187	0	0.0	1.1168831168831168	0.0	1.2657894736842106	0	0	0	0.0	1	0.12371134020618557	0.48	2.0	0.5217391304347826
51	https://www.facebook.com/Hippiespipesandincense	0.1217948717948718	0.6129032258064516	0	0	0	0	0	0	0	0	0	0.0	0.5428571428571429	20.871851851851854	0.5277777777777778
52	http://inciclopedia.wikia.com/wiki/Hippie	0.12631578947368421	0.0	2.0	0.0	0.0	0	0.0	0	0	0.16216216216216217	21	2.3221268247249958	0.35294117647058826	4.976685366004251	0.2553191489361702
53	http://www.cracked.com/funny-2081-hippies/	0	0.0	0	2.7142857142857144	0.8	0.0	0.0	0.0	0	0	10	0.6117604371793626	0.6129032258064515	0.0	0.9047619047619048
55	https://www.pinterest.com/MerryFlowery/hippies-photos/	0	0.0	1.3571428571428572	8.328271728271728	0	0	0	0	0	0	10	1.5238095238095237	0.4523809523809524	1.3603658536585364	0.2235294117647059
56	https://www.mtholyoke.edu/courses/rschwart/hist255-s01/boheme/hippies.htm	0	0	0	0	0	0	0	0	0	0	41	0	0.3114754098360656	0	0.0
57	https://pt.wikipedia.org/wiki/Hippie	0	0.0	0	0.0	0.0	0	0	0	0	0	86	0.0	0.42857142857142855	0.0	0.3
58	http://www.ushistory.org/us/57h.asp	0.0	0.0	0.0	0	0	0	0	0	0	0.0	18	0.0	0.0	1.5	0.0
