index	url	description	div	h1	h2	h3	h4	h5	h6	inbound_links	keywords	outbound_links	p	root	span	title
1	http://www.thefreedictionary.com/misinterpretation	0.2689873417721519	0.34	1.0	5.0	0	0	0	0	0	0.24401913875598086	114	0.0	0.4358974358974359	12.833333333333334	0.4594594594594595
2	http://www.dictionary.com/browse/misinterpretation	0.19101123595505617	0.0	0	0	0.5	0	0	0	0	0.5074626865671642	24	0.14814814814814814	0.4358974358974359	5.888888888888889	0.5483870967741935
3	https://www.merriam-webster.com/thesaurus/misinterpretation	0.20245398773006135	0.0	1.0	0.0	0	0.0	0.0	0	0	0.09392265193370165	25	0.0	0.3617021276595745	0.0	0.4146341463414634
4	http://www.thesaurus.com/browse/misinterpretation	0.12686567164179105	0.5517241379310345	1.0	0.0	0.0	0	0	0	0	0.6868686868686869	14	0.4572390572390572	0.4473684210526316	3.428571428571429	0.4857142857142857
5	http://www.audioenglish.org/dictionary/misinterpretation.htm	0.2689873417721519	1.0	1.0	0	0	0	0	0	0	0.16831683168316833	0	1.2301587301587302	0.3469387755102041	1.9444444444444444	0.16037735849056603
6	https://www.vocabulary.com/dictionary/misinterpretation	0.23364485981308408	0.965795376121463	1.0	0.0	0.0	0	0	0	0	0	5	0.0	0.3953488372093023	1.0	0.29310344827586204
7	https://en.wikipedia.org/wiki/Misinterpretation	0	0.0	0.0	0.0	0.0	0	0	0	0	0	61	0.06614785992217899	0.4358974358974359	0.0	0.0
8	http://legal-dictionary.thefreedictionary.com/misinterpretation	0.30493273542600896	0.2698412698412698	1.0	0	0	0	0	0	0	0.24401913875598086	174	0.0	0.30357142857142855	13.0	0.6181818181818182
9	http://www.thefreedictionary.com/misinterpretations	0.26479750778816197	0.4749262536873156	0.0	0.0	0	0	0	0	0	0.24056603773584906	134	0.0	0.425	12.444444444444445	0.4473684210526316
10	http://www.goodreads.com/quotes/tag/misinterpretation	0.21153846153846154	1.3193648925249335	0.5666666666666667	0.0	0	0	0	0	0	0	0	0.0	0.40476190476190477	0.0	0.40476190476190477
11	http://www.goodreads.com/quotes/tag/misinterpretation	0.21153846153846154	1.3193648925249335	0.5666666666666667	0.0	0	0	0	0	0	0	0	0.0	0.40476190476190477	0.0	0.40476190476190477
12	http://www.wordnik.com/words/misinterpretation	0.34	0	1.0	0.0	0.0	0.0	0	0	0	0	5	0.0	0.4857142857142857	0.0	0.40476190476190477
13	http://memebase.cheezburger.com/puns/tag/misinterpretation	0	0.0	0	0	0.0	0.0	0.0	0.0	0	0	193	0.0	0.3333333333333333	0.0	0.19101123595505617
14	http://dictionary.cambridge.org/dictionary/english/misinterpret	0.0	0.0	0.0	0.0	0	0	0	0	0	0.0	28	0.0	0.0	6.0	0.0
16	http://www.awaionline.com/2012/06/7-ways-to-avoid-email-misinterpretation/	0.0	0.0	0.4358974358974359	0.4358974358974359	0.0	0	0	0	0	0.0	19	0.49394002388390734	0.2698412698412698	0.4358974358974359	0.4358974358974359
17	http://www.awaionline.com/2012/06/	0.0	0.0	0.0	0	0	0	0	0	0	0	13	0.0	0.0	0.0	0.0
18	http://www.awaionline.com/2012/06/7-ways-to-avoid-email-misinterpretation/?mode=print	0	0.0	0.4358974358974359	0.4358974358974359	0.0	0	0	0	0	0	6	0.49394002388390734	0.22972972972972974	0.0	0.4358974358974359
19	http://www.dictionary.com/browse/misinterpreted	0.0	0.0	0	0	0.0	0	0	0	0	0.0	26	0.0	0.0	1.8888888888888888	0.0
20	https://en.wikipedia.org/wiki/Misrepresentation	0	0.0	0.0	0.0	0.0	0	0	0	0	0	21	0.0	0.0	0.0	0.0
21	http://www.wordreference.com/es/translation.asp?tranword=misinterpretation	0.2125	0	0.0	0	1.0	0	0	0	0	0	5	0.25	0.2698412698412698	0.2698412698412698	0.25757575757575757
22	https://en.wiktionary.org/wiki/misinterpretation	0	0.0	1.0	0.0	0.0	0	0	0	0	0	19	0	0.425	0.0	0.5666666666666667
23	https://en.wiktionary.org/wiki/misinterpretation	0	0.0	1.0	0.0	0.0	0	0	0	0	0	19	0	0.425	0.0	0.5666666666666667
24	http://legal-dictionary.thefreedictionary.com/Misrepresentation	0.0	0.0	0.0	0	0.0	0	0	0	0	0.0	237	0.0	0.0	0.0	0.0
25	http://www.spanishdict.com/translate/misinterpretation	0.15178571428571427	1.0	1.0	0	0	0.0	0	0	0	0	12	0	0.3953488372093023	2.330634278002699	0.2786885245901639
26	http://www.wordreference.com/es/translation.asp?tranword=misinterpretation	0.2125	0	0.0	0	1.0	0	0	0	0	0	6	0.25	0.2698412698412698	0.2698412698412698	0.25757575757575757
27	http://www.definitions.net/definition/misinterpretation	0.272	0	0.0	0.0	0.0	0.0	0.0	0	0	0.5573770491803278	86	3.686227709082446	0.38636363636363635	0.5	0.5151515151515151
28	http://www.snowcollegenews.com/text-messaging-does-it-destroy-relationships/	0	0.0	0	0	0.0	0.0	0	0	0	0	5	0.271281832501969	0.0	0.0	0.0
29	http://www.statsref.com/HTML/index.html?misuse_and_abuse_of_statistics.html	0	0	0	0	0	0	0	0	0	0	2	0	0.0	0	0.0
30	http://www.informationweek.com/big-data/big-data-analytics/9-causes-of-data-misinterpretation/d/d-id/1321338	0.0	0.0	0.5	0	0	0	0	0	0	0	107	0.0	0.17525773195876287	0.11351700387430047	0.3269230769230769
31	http://www.quran-islam.org/main_topics/misinterpreted_verses_(P1224).html	0.0	0.0	0	0	0	0	0	0	0	0.0	27	0	0.0	4.273580272399305	0.0
32	http://translatorthoughts.com/2014/04/the-most-famous-examples-of-misinterpretation/	0.17708333333333334	0.0	0.37777777777777777	0.37777777777777777	0.37777777777777777	0.0	0	0	0	0	181	0.0	0.22077922077922077	0.0	0.37777777777777777
33	http://translatorthoughts.com/2014/04/the-most-famous-examples-of-misinterpretation/	0.17708333333333334	0.0	0.37777777777777777	0.37777777777777777	0.37777777777777777	0.0	0	0	0	0	181	0.0	0.22077922077922077	0.0	0.37777777777777777
34	http://www.macmillandictionary.com/dictionary/british/misinterpretation	0.31097560975609756	0.0	0	0	0	0	0	0	0	0.2537313432835821	3	0.0	0.2833333333333333	2.9444444444444446	0.23943661971830985
36	http://eric.ed.gov/?id=ED341710	0.0	0.3269230769230769	0	0	0	0	0	0	0	0	38	0	0.0	0.0	0.2463768115942029
37	http://www.freethesaurus.com/misinterpretation	0.4308300395256917	0.5578005115089514	1.0	1.1333333333333333	0.0	0.0	0	0	0	0.35051546391752575	178	0.0	0.4857142857142857	16.0	0.4594594594594595
38	http://www.gty.org/blog/B120918/the-pitfalls-of-biblical-misinterpretation-part-1	0.0	0.0	0	0.0	0.0	0	0	0	0	0.2537313432835821	12	0.0	0.24285714285714285	0.34	0.34
39	http://www.gty.org/resources	0.0	0.0	0	0.0	0.0	0	0	0	0	0	14	0.0	0.0	0.0	0.0
40	http://www.gty.org/blog	0.0	0.0	0	0.0	0.0	0	0	0	0	0	12	0.0	0.0	0.0	0.0
41	http://bigbangtheory.wikia.com/wiki/The_Misinterpretation_Agitation	0.16037735849056603	0.0	0.5483870967741935	0.5483870967741935	0.0	0	0	0	0	0.07727272727272727	161	0.0	0.2833333333333333	0.0	0.20238095238095238
42	http://www.14thamendment.us/birthright_citizenship/misinterpreted.html	0.13821138211382114	0.0	0.6296296296296297	0.0	0	0	0	0	0	0.08673469387755102	16	0.0	0.0	0	0.1717171717171717
43	http://www.youtube.com/watch?v=naleynXS7yo	0.0	0.0	0.0	0.0	0.0	0.0	0	0	0	0.0	4	0.0	0.0	0.0	0.0
44	http://www.foxnews.com/opinion/2011/01/14/birthright-citizenship-fundamental-misunderstanding-th-amendment.html	0.0	0	0.20512820512820512	0.0	0	0	0	0	0	0	1	0.0	0.16	0.0	0.1797752808988764
45	http://bigbangtheory.wikia.com/wiki/The_Misinterpretation_Agitation	0.16037735849056603	0.0	0.5483870967741935	0.5483870967741935	0.0	0	0	0	0	0.07727272727272727	161	0.0	0.2833333333333333	0.0	0.20238095238095238
46	http://www.imdb.com/title/tt3823244/	0.0	0.0	0.5483870967741935	0.0	0.0	0.0	0.0	0	0	0.0	16	0.0	0.0	0.0	0.30357142857142855
47	http://www.porphyriafoundation.com/testing-and-treatment/testing-for-porphyria/misinterpretation-of-test-results	0.0	0	0.5151515151515151	0.0	0.0	0	0	0	0	0	2	0.0	0.16831683168316833	0.0	0.26153846153846155
49	http://www.freethesaurus.com/misinterpretation	0.4308300395256917	0.5578005115089514	1.0	1.1333333333333333	0.0	0.0	0	0	0	0.35051546391752575	178	0.0	0.4857142857142857	16.0	0.4594594594594595
50	http://eric.ed.gov/?id=ED341710	0.0	0.3269230769230769	0	0	0	0	0	0	0	0	38	0	0.0	0.0	0.2463768115942029
51	http://www.14thamendment.us/birthright_citizenship/misinterpreted.html	0.13821138211382114	0.0	0.6296296296296297	0.0	0	0	0	0	0	0.08673469387755102	16	0.0	0.0	0	0.1717171717171717
52	https://answersfromthebook.org/2010/03/13/keys-to-avoiding-biblical-misinterpretation/	0.0	0.0	0.3953488372093023	0	0.0	0	0	0	0	0	21	1.002752844977071	0.21794871794871795	0.0	0.2537313432835821
53	http://www.whyileft.org/category/frequently-misinterpreted-scriptures/	0.0	0.0	0	0.0	0.0	0	0	0	0	0.0	10	2.3724620603362263	0.0	0.0	0.0
54	http://sentence.yourdictionary.com/misinterpretation	0.38345864661654133	0.0	0	0.8257142857142857	0.0	0.3695652173913043	0	0	0	0.38345864661654133	82	0.0	0.37777777777777777	1.0	0.4657534246575342
