index	url	description	div	h1	h2	h3	h4	h5	h6	inbound_links	keywords	outbound_links	p	root	span	title
1	https://en.wikipedia.org/wiki/Planetoid	0	0.17647058823529413	1.0	0.0	0.0	0	0	0	0	0	69	0.9698566228628622	0.2903225806451613	0.6207300409916064	0.5
2	http://www.thefreedictionary.com/planetoid	0.15570934256055363	0.21428571428571427	1.0	2.0	0	0	0	0	0	0.14594594594594595	116	0.0	0.2903225806451613	13.0	0.3103448275862069
3	https://www.merriam-webster.com/dictionary/planetoid	0.1267605633802817	0.0	1.0	0.8181818181818182	0	0.0	0.0	0	0	0.11612903225806452	28	0.0	0.225	0.0	0.3333333333333333
4	http://www.universetoday.com/37116/planetoid/	0.19480519480519481	0.0	0	0.45	0.0	0	0	0	0	0	24	1.1131706315012195	0.2647058823529412	0.0	0.24324324324324326
5	https://en.wikipedia.org/wiki/Planetoid_(comics)	0	0.0	0	0.0	0.0	0	0	0	0	0	14	0.0	0.225	0.0	0.3
7	http://www.dictionary.com/browse/planetoid	0.20454545454545456	0.0	0	0	0.34615384615384615	0	0	0	0	0.35294117647058826	18	0.0	0.2903225806451613	9.5	0.391304347826087
8	http://www.qrg.northwestern.edu/projects/vss/docs/space-environment/1-asteroid-planetiod-meteoroid.html	0	0	0.0	0.1956521739130435	0.0	0	0	0	0	0	12	0.8669042454291912	0.0	0	0.1956521739130435
9	http://www.minecraftforum.net/forums/mapping-and-modding/minecraft-tools/1260575-new-map-generator-planetoids-v1-75-now-up	0	0.3617889249830022	0	0.2	0	0	0	0	0	0	45	0.09278350515463918	0.08108108108108109	0.4	0.0743801652892562
10	http://www.minecraftforum.net/forums/mapping-and-modding/minecraft-tools	0	0.0	0	0.0	0	0	0	0	0	0	28	0	0.0	0.0	0.0
11	http://www.thefreedictionary.com/Planetoids	0.15306122448979592	0.20930232558139536	1.0	2.0	0	0	0	0	0	0.14361702127659576	114	0.0	0.28125	9.900000000000002	0.3
12	http://www.minecraftforum.net/forums/mapping-and-modding/minecraft-tools/1260575-new-map-generator-planetoids-v1-75-now-up	0	0.3617889249830022	0	0.2	0	0	0	0	0	0	45	0.09278350515463918	0.08108108108108109	0.4	0.0743801652892562
13	http://www.minecraftforum.net/forums/mapping-and-modding/minecraft-tools	0	0.0	0	0.0	0	0	0	0	0	0	28	0	0.0	0.0	0.0
14	https://myspace.com/planetoidmusic	0.0967741935483871	0.0	0.0	0.0	0.0	0.0	0	0.0	0	0.3181818181818182	2	0.0	0.34615384615384615	0.0	0.11392405063291139
15	http://www.youtube.com/user/PlanetoidMusic	0.125	0.2903225806451613	0	0.6428571428571429	0.0	0	0	0	0	0.0	6	0.0	0.2903225806451613	0.5471869328493648	0.36
16	https://www.facebook.com/planetoidband	0.3125	1.4003952569169962	0	0	0	0	0	0	0	0	0	0.24699544135930376	0.34615384615384615	0.0	0.45
17	http://deadline.com/tag/planetoid/	0.21176470588235294	0.0	0	0.0	0	0	0.0	0	0	0.0	19	0.0	0.3333333333333333	0.0	0.45
18	https://www.reverbnation.com/planetoid	0.0	0.0	4.0	0.0	0.0	0.0	0	0.0	0	0	9	0.0	0.34615384615384615	0.0	0.375
19	http://memory-alpha.wikia.com/wiki/Planetoid	0.0967741935483871	0.0	1.0	0.0	0.0	0	0	0	0	0.055900621118012424	42	0.0	0.24324324324324326	0.9	0.18
20	http://www.planetminecraft.com/project/planetoids-151-and-more-updates/	0.07725321888412018	0.636029776674938	0.391304347826087	0.0	0.0	0	0	0	0	0.19285714285714287	8	0.0	0.15	0.21951219512195122	0.21951219512195122
21	http://www.planetminecraft.com/resources/projects/	0.0	0.0	0.0	0.0	0.0	0	0	0	0	0.0	29	0.0	0.0	0.0	0.0
22	http://www.planetminecraft.com/project/planetoids-1791336/	0.08823529411764706	1.0	0.23076923076923078	0.0	0.0	0	0	0	0	0.16216216216216217	14	0.0	0.19148936170212766	1.2080143540669857	0.15789473684210525
23	http://www.planetminecraft.com/resources/projects/	0.0	0.0	0.0	0.0	0.0	0	0	0	0	0.0	29	0.0	0.0	0.0	0.0
24	http://www.yourdictionary.com/planetoid	0.36	0.0	0	3.1578947368421053	0.0	0.23684210526315788	0	0	0	0.23195876288659795	6	0.5795665634674922	0.32142857142857145	1.0	0.35294117647058826
25	https://myspace.com/planetoidmusic	0.0967741935483871	0.0	0.0	0.0	0.0	0.0	0	0.0	0	0.3181818181818182	2	0.0	0.34615384615384615	0.0	0.11392405063291139
26	https://www.reverbnation.com/planetoid	0.0	0.0	4.0	0.0	0.0	0.0	0	0.0	0	0	9	0.0	0.34615384615384615	0.0	0.375
27	https://en.wiktionary.org/wiki/Planetoid	0	0.0	1.0	0.0	0.0	0	0	0	0	0	8	0	0.28125	0.0	0.4090909090909091
28	http://www.9minecraft.net/planetoid-mod/	0.06666666666666667	0.0	0.6923076923076923	0.0	0.0	0	0	0	0	0.34615384615384615	3	0.0661764705882353	0.3103448275862069	0.0	0.3
29	http://www.9minecraft.net/category/minecraft-mods/	0.0	0.0	0.0	0.0	0	0	0	0	0	0.0	2	0.0	0.0	0.0	0.0
30	http://www.midtowncomics.com/store/dp.asp?PRID=Planetoid+Praxis+%231_1597680	0	0.0	0.47368421052631576	0.0	0	0.0	0	0	0	0.0	16	0.0	0.13846153846153847	0.0	0.25
31	http://deadline.com/tag/planetoid/	0.21176470588235294	0.0	0	0.0	0	0	0.0	0	0	0.0	19	0.0	0.3333333333333333	0.0	0.45
32	https://www.khanacademy.org/computer-programming/planetoid/5671635075203072	0.0	0	0	0	0	0	0	0	0	0.0	0	0.0	0.14285714285714285	0.0	0.19148936170212766
33	http://www.youtube.com/watch?v=VoLtPf3njTo	0.05625	0.0	0.0	0.0	0.0	0.0	0	0	0	0.0	9	0.1956521739130435	0.0	0.0	0.0
34	http://www.planetminecraft.com/project/planetoids-151-and-more-updates/	0.07725321888412018	0.636029776674938	0.391304347826087	0.0	0.0	0	0	0	0	0.19285714285714287	8	0.0	0.15	0.21951219512195122	0.21951219512195122
35	http://www.planetminecraft.com/resources/projects/	0.0	0.0	0.0	0.0	0.0	0	0	0	0	0.0	29	0.0	0.0	0.0	0.0
36	http://www.youtube.com/watch?v=VoLtPf3njTo	0.05625	0.0	0.0	0.0	0.0	0.0	0	0	0	0.0	9	0.1956521739130435	0.0	0.0	0.0
37	http://www.brighthub.com/science/space/articles/79970.aspx	0	0.0	0	0.18	1.2377450980392157	0	0	0	0	0	6	0.6150197770942156	0.0	0.0	0.1323529411764706
38	http://www.brighthub.com/science.aspx	0.0	0.0	0	0.0	0.0	0	0	0	0	0.0	1	0.0	0.0	0.0	0.0
39	http://www.brighthub.com/science/space.aspx	0.0	0.0	0	0.0	0.0	0	0	0	0	0.0	2	0.0	0.0	0.0	0.0
40	http://www.brighthub.com/science/space/topics/solar-system.aspx	0.0	0.0	0.0	0	0.0	0	0	0	0	0.0	1	0.0	0.0	0.0	0.0
41	http://www.planetminecraft.com/project/planetoids-151-and-more-updates/	0.07725321888412018	0.636029776674938	0.391304347826087	0.0	0.0	0	0	0	0	0.19285714285714287	8	0.0	0.15	0.21951219512195122	0.21951219512195122
42	http://www.planetminecraft.com/resources/projects/	0.0	0.0	0.0	0.0	0.0	0	0	0	0	0.0	29	0.0	0.0	0.0	0.0
43	https://imagecomics.com/comics/releases/planetoid-vol.-1-tp	0.0	0.0	0	0.45	0	0	0	0	0	0	9	0.4399529964747356	0.17647058823529413	0.0	0.1956521739130435
44	https://www.collinsdictionary.com/dictionary/english/planetoid	0.10714285714285714	0.4740082079343365	0.36	1.333058608058608	0	0	0	0	0	0	1	0.0	0.18	2.8181818181818183	0.2903225806451613
45	http://memory-beta.wikia.com/wiki/Planets_and_planetoids	0.2903225806451613	0.0	0.4090909090909091	0.0	0.0	0	0	0	0	0.10404624277456648	40	0.0	0.1836734693877551	0.0	0.10227272727272728
46	http://encyclopedia2.thefreedictionary.com/planetoid	0.19672131147540983	0.17307692307692307	1.0	1.9	0	0	0	0	0	0.14594594594594595	170	0.0	0.2	14.0	0.3103448275862069
47	http://www.freethesaurus.com/planetoid	0.35036496350364965	0.23684210526315788	1.0	0.4090909090909091	0.0	0.0	0	0	0	0.2222222222222222	170	0.0	0.3333333333333333	15.9	0.3103448275862069
48	https://planetoid.bandcamp.com/	0.13138686131386862	0.0	0	0.0	0.0	0	0	0	0	0	13	0	0.391304347826087	1.2903225806451613	1.0
49	http://www.popsci.com/nasa-dawn-mission-to-visit-ceres-planet-in-the-asteroid-belt	0.0	0	0.0	0.0	0	0	0	0.0	0	0	25	0.041666666666666664	0.0	0.0	0.0
50	https://en.wikipedia.org/wiki/Planetoid	0	0.17647058823529413	1.0	0.0	0.0	0	0	0	0	0	69	0.9698566228628622	0.2903225806451613	0.6207300409916064	0.5
51	http://encyclopedia2.thefreedictionary.com/planetoid	0.19672131147540983	0.17307692307692307	1.0	1.9	0	0	0	0	0	0.14594594594594595	170	0.0	0.2	14.0	0.3103448275862069
52	http://www.thefreedictionary.com/planetoid	0.15570934256055363	0.21428571428571427	1.0	2.0	0	0	0	0	0	0.14594594594594595	116	0.0	0.2903225806451613	13.0	0.3103448275862069
53	https://www.merriam-webster.com/dictionary/planetoid	0.1267605633802817	0.0	1.0	0.8181818181818182	0	0.0	0.0	0	0	0.11612903225806452	28	0.0	0.225	0.0	0.3333333333333333
54	http://www.gamespot.com/planetoid/	0.08035714285714286	0.0	0	0	0	0.47368421052631576	0	0	0	0	12	0.0	0.391304347826087	2.0	0.45
55	http://www.wordnik.com/words/planetoid	0.375	0	1.0	0.0	0.0	0.0	0	0	0	0	5	0.0	0.3333333333333333	0.0	0.2647058823529412
56	http://medical-dictionary.thefreedictionary.com/planetoid	0.2542372881355932	0.15789473684210525	0.0	0.0	0	0	0	0	0	0.14594594594594595	179	0.0	0.18	13.0	0.3157894736842105
57	https://theplanetoids.bandcamp.com/releases	0.04285714285714286	0.0	0	0.0	0.0	0	0	0	0	0	26	0.0	0.2571428571428571	0.7148571428571429	0.34615384615384615
58	http://www.space.com/24368-dwarf-planet-ceres-photos-largest-asteroid.html	0.0	0.0	0.0	0.0	0	0	0	0	0	0	42	0.0	0.0	0.0	0.0
