index	url	description	div	h1	h2	h3	h4	h5	h6	inbound_links	keywords	outbound_links	p	root	span	title
1	http://www.msn.com/en-us/sports/globalroute/football_ncaa/gamecenter/10401000001621572?ocid=INSSPBD10	0.0	0.0	0	0.0	0	0	0	0	0	0	12	0.0	0.0	0.0	0.0
2	http://cyclones.com/	0.0	0.0	0.0	0.0	1.2727272727272727	0	0	0	0	0	37	0.5833333333333334	1.0769230769230769	1.2727272727272727	0.0
3	http://www.cyclones.com/SportSelect.dbml?SPID=4653&SPSID=48323	0.0	0.0	0.0	0.0	1.2727272727272727	0	0	0	0	0	37	0.5833333333333334	0.27450980392156865	1.2727272727272727	0.0
4	http://www.cyclones.com/SportSelect.dbml?SPID=4252&SPSID=46661	0.0	0.0	0.0	0.0	1.2727272727272727	0	0	0	0	0	37	0.5833333333333334	0.27450980392156865	1.2727272727272727	0.0
5	https://en.wikipedia.org/wiki/Cyclone	0	0.0	2.0	0.0	0.0	0	0	0	0	0	143	4.056933166934252	0.4827586206896552	6.032634032634033	0.7368421052631579
6	https://en.wikipedia.org/wiki/High-pressure_area	0	0.0	0.0	0.0	0.0	0	0	0	0	0	42	0.08383233532934131	0.0	0.0	0.0
7	https://en.wikipedia.org/wiki/Anticyclogenesis	0	0.0	0.0	0.0	0.0	0	0	0	0	0	18	0.0	0.0	0.0	0.0
8	http://cycloneshockey.com/	0.08888888888888889	0.0	0.0	0	0	0	0	0	0	0.11290322580645161	28	1.0175753393144698	0.7368421052631579	0.0	0.7368421052631579
9	http://hurricanescience.org/history/storms/1970s/tracy/	0.0	1.345537757437071	0	0	0	0	0	0	0	0.0	62	0.6080580426057425	0.0	0	0.2692307692307692
10	http://www.brooklyncyclones.com/	0	0	0	0	0	0	0	0	0	0	0	0	0.6666666666666666	0	0.34146341463414637
11	https://www.facebook.com/TracyCyclonesBasketball	0.19718309859154928	0.6574952561669829	0	0	0	0	0	0	0	0	0	0.919806763285024	0.3888888888888889	0.0	0.3888888888888889
12	http://oceanservice.noaa.gov/facts/cyclone.html	0.08187134502923976	0	0.2028985507246377	0.0	0	0	0	0.0	0	0.0	22	2.4060628913570086	0.35	0.5490196078431373	0.2028985507246377
13	http://www.nhc.noaa.gov/	0	0.42511415525114155	0	0	0	0	0	0	0	0	39	0	0.0	0.0	0.0
14	http://cycloneshockey.com/schedule	0.10824742268041238	0	0.0	0.0	0.0	0.0	0	0	0	0.21231043710972347	23	0.8620197837589142	0.5185185185185185	0.0	0.35
15	http://tropic.ssec.wisc.edu/	0	0	0	0	0	0	0	0	0	0.0	17	0	0.0	0	0.6086956521739131
16	http://www.scout.com/college/iowa-state	0.2413793103448276	6.363636363636364	0	0	0.0	0	0	0	0	0	6	0	0.0	1.3188688561593587	0.25
17	https://www.merriam-webster.com/dictionary/cyclone	0.10852713178294573	0.0	2.0	6.894444444444445	0	0.0	0.0	0	0	0.16184971098265896	32	0.0	0.3684210526315789	0.0	0.56
18	http://www.cycloneshockey.net/	0	0	0	0	1.1666666666666667	0	0	0	0	0	12	0.0	0.7368421052631579	0.7	0.4
19	http://www.cyclones.com/roster.aspx?path=mbball	0	0	0.0	0.0	0.0	0	0	0	0	0	37	0.5833333333333334	0.3888888888888889	0.0	0.0
20	http://www.iastate.edu/	0.0	0.0	0.0	0.0	0	0	0	0	0	0	25	0.0	0.0	0.0	0.0
21	https://iowastate.rivals.com/	0	0.0	0	0	0	0	0	0	0	0	8	0	0.0	0.0	0.8235294117647058
22	http://www.dictionary.com/browse/cyclone	0.05907172995780591	0.0	0	0	0.5833333333333334	0	0	0	0	0.5957446808510638	16	0.1432225063938619	0.4827586206896552	27.790701128936423	0.6666666666666666
23	http://www.aoml.noaa.gov/hrd/tcfaq/tcfaqHED.html	0	0.0	0	0.0	0.0	0	0	0	0	0	179	0.0	0.0	0.0	0.2978723404255319
24	http://www.aoml.noaa.gov/hrd/tcfaq/A1.html	0	0.0	0	0	0	0	0	0	0	0	21	0.6363636363636364	0.0	0.0	0.23333333333333334
25	http://www.espn.com/college-football/team/_/id/66/iowa-state-cyclones	0.14893617021276595	0.0	0.3684210526315789	0.0	0	0.0	0	0	0	0.175	30	0.32395375467645343	0.2413793103448276	2.2514619883040936	0.18181818181818182
26	http://www.aoml.noaa.gov/hrd/tcfaq/A1.html	0	0.0	0	0	0	0	0	0	0	0	21	0.6363636363636364	0.0	0.0	0.23333333333333334
27	http://www.nytimes.com/topic/subject/cyclones	0.2916666666666667	0	1.75	8.007082649929277	0.0	0	0	0	0	0.0	2	2.2312295187703293	0.4117647058823529	1.75	0.4827586206896552
29	http://www.thefreedictionary.com/cyclone	0.2527075812274368	0.35	2.0	20.0	0	0	0	0	0	0.2346368715083799	122	0.0	0.4827586206896552	26.438562408936377	0.5185185185185185
30	http://www.desmoinesregister.com/sports/cyclone-insider/	0.4	0.9579600597237775	0	0	0.35	0.0	0.0	0.0	0	0.2413793103448276	159	2.876718691936084	0.3111111111111111	8.265329010584987	0.34146341463414637
32	http://news.nationalgeographic.com/news/2013/09/130923-typhoon-hurricane-cyclone-primer-natural-disaster/	0.19718309859154928	0	0	0.19718309859154928	0	0	0	0	0	0.0979020979020979	7	2.0549070246060834	0.14285714285714285	0.27450980392156865	0.42424242424242425
33	https://en.m.wikipedia.org/wiki/Iowa_State_Cyclones_men%27s_golf	0	0.0	0.4666666666666667	0.0	0	0	0	0	0	0	10	0.07368421052631578	0.25	0.0	0.3333333333333333
34	http://sage.unsw.edu.au/currentstudents/ug/projects/Darmawan/Cyclone.html	0	0	0	0	0	0	0	0	0	0	6	1.9007793964088864	0.21212121212121213	2.9778829138721994	0.7777777777777778
35	http://www.nhc.noaa.gov/climo/	0	0.0	0	0.5	0.0	0.9778270509977827	0.0	0	0	0	78	0.29299542601850864	0.0	0.0	0.5
36	http://sfcyclones.com/	0	0	0.0	0.0	0.7789634146341464	0	0	0	0	0	7	0.7893253318785233	0.9333333333333333	0	0.5384615384615384
37	http://cycloneletterwinners.org/	0	0.0	0	0	0	0	0	0	0	0	14	0.0	0.56	0.0	0.0
38	http://www.espn.com/mens-college-basketball/team/_/id/66/iowa-state-cyclones	0.14893617021276595	0.0	0.3333333333333333	0.0	0	0.32558139534883723	0	0	0	0.17073170731707318	51	0.23164084806512364	0.2153846153846154	2.2514619883040936	0.17721518987341772
39	http://m.ticketmaster.com/Cincinnati-Cyclones-tickets/artist/806439	0.0	0.0	0	0	6.758765852911468	0.5	0	0	0	0.0	7	0.0	0.23333333333333334	0.0	0.2153846153846154
41	http://www.cbssports.com/collegebasketball/teams/page/IOWAST/iowa-state-cyclones	0.19718309859154928	0.6629411764705884	0	0	0.0	0	0.0	0.0	0	0.34710743801652894	43	0.0	0.2028985507246377	1.75	0.2641509433962264
42	http://site665.goalline.ca/	0.0	0.6511627906976745	0	0.0	0	0	0	0	0	0.15730337078651685	50	0.31646191646191646	0.0	0.0	0.3783783783783784
44	http://ccs-cyclones.com/	0	0.0	0	0	0.0	0	0	0	0	0	13	0.0	0.8235294117647058	0.0	0.0
45	https://www.ticketsupply.com/cincinnati-cyclones-tickets.html	0.17721518987341772	1.609606540623403	0.5185185185185185	0.9516129032258065	0.2857142857142857	0	0	0	0	0.38461538461538464	0	0	0.2857142857142857	0	0.23728813559322035
46	https://www.ticketsupply.com/hockey-tickets.html	0.0	0.0	0.0	0.0	0.0	0	0	0	0	0.0	0	0	0.0	0.0	0.0
47	https://www.ticketsupply.com/echl-tickets.html	0.0	0.0	0.0	0.0	0.0	0	0	0	0	0.0	0	0	0.0	0.0	0.0
48	http://cyclonefanatic.com/	0	0.304691692926073	0	0	0.9333333333333333	0.0	0	0	0	0	90	0	0.7368421052631579	0.0	1.7696113679164525
49	http://www.kcrg.com/sports/cyclones/	0	0.0	0.0	1.75	0.0	0	0	0.0	0	0.5833333333333334	9	0.8401928898897191	0.56	0.0	0.5833333333333334
50	http://secycloneshockey.org/	0.0	0.0	0.6086956521739131	0	0.0	0	0	0	0	0.1407035175879397	30	0.5833333333333334	0.6666666666666666	0.3888888888888889	0.32558139534883723
51	http://www.centenarycyclones.com/	0.0	0.7368421052631579	0.0	0	0	0	0	0	0	0	24	0	0.6363636363636364	0.0	0.4827586206896552
52	http://www.honeyvillemetal.com/cyclones	0.0	2.0536233164103246	3.5	0	0	0	0	0	0	0.0	19	0.13145539906103287	0.5	1.75	0.42424242424242425
53	http://www.eteamz.com/supercyclones/news/	0.2857142857142857	1.6686956521739131	0.8	0	0	0	0	0	0	0.11570247933884298	6	52.84481856743012	0.4666666666666667	1.0769230769230769	0.8
54	http://www.weatherquestions.com/What_is_a_cyclone.htm	0.18181818181818182	0	0	0.7777777777777778	0	0	0	0	0	0	92	0	0.3333333333333333	0	0.7777777777777778
55	http://www.desmoinesregister.com/story/sports/college/iowa-state/wrestling/2017/01/11/iowa-state-university-cyclones-more-than-ready-pat-downeys-return-rib-injury/96427168/	0	0.0	0.208955223880597	0	0	0.208955223880597	0	0.0	0	0	11	0.18154543636242418	0.08695652173913043	0.0	0.208955223880597
56	http://cyclones.com/	0.0	0.0	0.0	0.0	1.2727272727272727	0	0	0	0	0	37	0.5833333333333334	1.0769230769230769	1.2727272727272727	0.0
57	http://cycloneshockey.com/	0.08888888888888889	0.0	0.0	0	0	0	0	0	0	0.11290322580645161	28	1.0175753393144698	0.7368421052631579	0.0	0.7368421052631579
58	http://www.weatherquestions.com/What_is_a_cyclone.htm	0.18181818181818182	0	0	0.7777777777777778	0	0	0	0	0	0	92	0	0.3333333333333333	0	0.7777777777777778
59	http://www.desmoinesregister.com/story/sports/college/iowa-state/wrestling/2017/01/11/iowa-state-university-cyclones-more-than-ready-pat-downeys-return-rib-injury/96427168/	0	0.0	0.208955223880597	0	0	0.208955223880597	0	0.0	0	0	11	0.18154543636242418	0.08695652173913043	0.0	0.208955223880597
60	http://www.ebay.com/sch/i.html?_nkw=cyclones	0.3333333333333333	0.0	0	0.0	0.0	0	0	0	0	0	3	0.0	0.42424242424242425	1.75	0.9333333333333333
61	http://www.oursportscentral.com/services/releases/cyclones-game-notes-vs-indy-fuel/n-5229729	0.0	0.0	0.4117647058823529	0	0.0	0	0	0	0	0.08284023668639054	6	1.018146674236792	0.1728395061728395	0	0.25925925925925924
62	http://www.couriernews.com/view/full_story/27347685/article-Lady-Cyclones-relay-wins-400	0.224	0.5	0	0	0	0	0	0	0	0.0	6	0.2840048249865065	0.18181818181818182	0.0	0.175
63	https://www.lids.com/headwear-clearance-sale/ncaa/iowa-state-cyclones/adjustable	0.09655172413793103	5.459281554627665	0.34146341463414637	0	0	0.0	0	0	0	0	9	0.0	0.20588235294117646	1.4736842105263157	0.34146341463414637
64	http://www.weatherwizkids.com/weather-hurricane.htm	0.0	0	0	0	0	0	0	0	0	0.0	51	0	0.0	0	0.0
65	http://www.capecoralsoccer.com/#!	0.0880503144654088	0	0	0	0	0	0	0	0	0	0	0	0.0	0	0.0
66	http://www.cyclocane.com/	0	0.0	0	0.6388888888888888	0.0	0	0	0	0	0	11	0.0	0.0	0.0	0.2641509433962264
67	http://www.ebay.com/sch/i.html?_nkw=iowa+state+cyclones	0.15053763440860216	0.0	0	0.0	0.0	0	0	0	0	0	3	0.0	0.3181818181818182	1.4736842105263157	0.5384615384615384
68	https://en.wiktionary.org/wiki/cyclone	0	0.0	2.0	0.0	0.0	0	0	0	0	0	85	0.0	0.4666666666666667	0.0	0.7
69	http://www.milb.com/index.jsp?sid=t453	0.0	0.8235294117647058	0	1.1686956521739131	0.0	0	0	0	0	0	4	0.0	0.0	0.0	0.0
