index	url	description	div	h1	h2	h3	h4	h5	h6	inbound_links	keywords	outbound_links	p	root	span	title
1	http://www.mathsisfun.com/reciprocal-fraction.html	0	0.0	1.25	2.7177419354838714	0.8108108108108109	0	0	0	0	0.0	9	4.602913172149993	0.7692307692307692	0	1.25
2	http://www.mathsisfun.com/reciprocal.html	0	0.0	3.0	0.6666666666666666	0.967741935483871	0	0	0	0	0.0	7	14.22003296135684	1.0	0.0	3.0
3	http://www.mathsisfun.com/algebra/reciprocal.html	0	0.0	1.4285714285714284	2.6136363636363633	0.7692307692307692	0	0	0	0	0.0	5	7.649629067118404	0.7894736842105263	0.0	1.4285714285714284
4	http://www.mathsisfun.com/definitions/reciprocal.html	0.0	0.0	0	0	0	0	0	0	0	0.0	35	0	0.7142857142857142	3.5555555555555554	1.25
5	https://en.wikipedia.org/wiki/Reciprocal	0	0.0	3.0	0.0	0.0	0	0	0	0	0	10	0	0.9375	2.222222222222222	1.3636363636363635
6	https://www.merriam-webster.com/dictionary/reciprocal	0.3973509933774835	0.0	3.0	21.736111111111107	0	0.0	0.0	0.0	0	0.3821656050955414	32	0.0	0.7317073170731707	0.0	1.0714285714285714
7	http://www.icoachmath.com/math_dictionary/reciprocal.html	0.6593406593406593	0.0	3.0	1.25	3.204295704295704	0.0	0.0	0	0	1.3636363636363635	30	0.9727891156462585	0.6521739130434783	0	0.6451612903225806
9	http://www.themathpage.com/Alg/reciprocals.htm	0.234375	0	2.727272727272727	0.0	0	0	0	0	0	1.1111111111111112	16	0.0	0.8571428571428571	3.727272727272727	0.625
10	http://www.dictionary.com/browse/reciprocal	0.6000000000000001	1.4285714285714286	0	0	1.1111111111111112	0	0	0	0	1.1320754716981134	26	0.23809523809523808	0.9375	74.23157106051846	1.25
11	http://www.thefreedictionary.com/reciprocal	0.7291666666666666	1.016823354774864	3.0	24.0	0	0	0	0	0	0.4787234042553192	138	0.0	0.9375	51.536970029649794	1.0
12	http://mathworld.wolfram.com/Reciprocal.html	0	0.0	3.0	0	0	0	0	0	0	0	23	4.274698015530629	0.8108108108108109	0.0	0.8333333333333334
13	http://mathworld.wolfram.com/topics/Arithmetic.html	0	0.0	0.0	0	0	0	0	0	0	0	13	0.0	0.0	0	0.0
14	http://mathworld.wolfram.com/topics/MultiplicationandDivision.html	0	0.0	0.0	0	0	0	0	0	0	0	13	0.0	0.0	0	0.0
15	http://www.virtualnerd.com/pre-algebra/rational-numbers/fraction-division-multiplication/divide-fractions/reciprocal-definition	0.0	0	3.0	0	0.0	0.0	0	0	0	0.0	3	0.4599671634789655	0.25862068965517243	0.0	0.8571428571428571
16	http://mathworld.wolfram.com/Reciprocal.html	0	0.0	3.0	0	0	0	0	0	0	0	23	4.274698015530629	0.8108108108108109	0.0	0.8333333333333334
17	http://mathworld.wolfram.com/topics/Arithmetic.html	0	0.0	0.0	0	0	0	0	0	0	0	13	0.0	0.0	0	0.0
18	http://mathworld.wolfram.com/topics/MultiplicationandDivision.html	0	0.0	0.0	0	0	0	0	0	0	0	13	0.0	0.0	0	0.0
19	https://www.vocabulary.com/dictionary/reciprocal	0.24193548387096775	3.804923530521418	3.0	0.0	0.0	0	0	0	0	0	5	0.0	0.8333333333333334	6.0	0.5882352941176471
20	https://simple.wikipedia.org/wiki/Reciprocal	0	0.0	3.0	0.0	0.0	0	0	0	0	0	45	0.0	0.8333333333333334	0.0	0.5
21	http://www.wikihow.com/Find-the-Reciprocal	0.502092050209205	8.480259735725346	0	0	0.0	0	0	0	0	0.2803738317757009	4	0.3813559322033898	0.967741935483871	2.184065934065934	0.7692307692307692
22	http://www.thesaurus.com/browse/reciprocal	0.23622047244094488	0.0	3.0	0.0	0	0	0	0	0	1.6901408450704225	14	0.13636363636363635	0.967741935483871	9.428571428571427	1.0714285714285714
24	https://www.tes.com/teaching-resource/reciprocals-6126622	0	0.0	0	2.727272727272727	0.0	0	0	0	0	0	5	4.007596177407498	0.6666666666666666	0.0	0.625
25	https://www.superteacherworksheets.com/reciprocals.html	0.42857142857142855	2.3567996101663384	1.0	0.0	0.0	0.0	0	0	0	1.6666666666666667	12	0.5157232704402516	0.6976744186046512	0	1.0
26	https://en.wiktionary.org/wiki/reciprocal	0	0.0	3.0	0.0	0.0	0	0	0	0	0	59	0	0.9090909090909092	0.0	1.3043478260869565
27	http://web.mnstate.edu/peil/MDEV102/U3/S23/S234.html	0	0	0.0	0.0	0.0	0	0	0	0	0	19	1.2204896042924214	0.0	0.0	1.4444444444444446
29	http://golfwildwood.com/reciprocals/	0	0.47621699899743786	2.727272727272727	0	0	0.0	0	0	0	0	5	0.0	1.0344827586206897	0.0	0.8333333333333334
30	http://mathopenref.com/reciprocal.html	0.576923076923077	0.4477611940298507	3.0	3.9179841897233207	0	0	0	0	0	1.5789473684210527	10	3.229557007988381	0.967741935483871	0.0	0.5454545454545454
31	https://www.mathsisfun.com/reciprocal.html	0	0.0	3.0	0.6666666666666666	0.967741935483871	0	0	0	0	0.0	7	14.22003296135684	1.0	0.0	3.0
32	https://www.mathsisfun.com/reciprocal-fraction.html	0	0.0	1.25	2.7177419354838714	0.8108108108108109	0	0	0	0	0.0	9	4.602913172149993	0.7692307692307692	0	1.25
33	http://www.youtube.com/watch?v=ywZGdmdZYk4	0.1875	0.0	0.0	0.0	0.0	0.0	0	0	0	0.4477611940298507	4	0.0	0.0	16.873394703211016	1.2000000000000002
34	https://www.tes.com/teaching-resource/reciprocals-6126622	0	0.0	0	2.727272727272727	0.0	0	0	0	0	0	5	4.007596177407498	0.6666666666666666	0.0	0.625
35	http://www.aaamath.com/fra-recip.htm	0.6666666666666666	0	0	0	0	0	0	0	0	2.727272727272727	0	0.576923076923077	0.0	2.727272727272727	2.727272727272727
36	http://www.thesaurus.com/browse/reciprocals	0.234375	0.0	2.727272727272727	0.0	0	0	0	0	0	1.6	14	0.4167374681393373	0.9375	29.72727272727273	1.0344827586206897
37	https://www.tes.com/teaching-resource/reciprocals-6305900	0	0.3409090909090909	0	2.727272727272727	0.0	0	0	0	0	0	5	3.2015151515151516	0.6666666666666666	0.0	0.6000000000000001
38	http://www.tdi.texas.gov/forms/form3reciprocals.html	0.0	0	1.0344827586206897	0.0	0.0	0	0	0	0	0.0	58	0.0	0.7317073170731707	0	1.0344827586206897
39	http://www.transitvalley.com/reciprocals/	0.189873417721519	0.0	2.727272727272727	3.4886363636363638	0	0	0	0	0	0	5	0.0	1.0	0.0	0.7317073170731707
40	http://www.romecountryclub.com/memberships/reciprocals/	0	0	0	0	0.0	0	0	0.0	0	0	42	0.0	0.6818181818181818	2.727272727272727	2.727272727272727
41	http://mathopenref.com/reciprocal.html	0.576923076923077	0.4477611940298507	3.0	3.9179841897233207	0	0	0	0	0	1.5789473684210527	10	3.229557007988381	0.967741935483871	0.0	0.5454545454545454
42	http://www.yourdictionary.com/reciprocal	0.3488372093023256	0.31690140845070425	0	12.517241379310345	0.0	0.7692307692307692	0	0	0	0.7537688442211055	6	3.0	1.0344827586206897	3.0	1.1320754716981134
43	https://community.tes.com/threads/reciprocals.725680/	0.3896103896103896	0.0	2.727272727272727	0	0.0	0	0	0	0	0	204	0.0	0.6666666666666666	0.0	1.1111111111111112
45	https://community.tes.com/forums/mathematics.25/	0	0.0	0.0	0	0.0	0	0	0	0	0	278	0.0	0.0	0.0	0.0
46	http://www.lockportcountryclub.com/reciprocals/	0	0.0	5.454545454545454	0	3.2034632034632033	0	0	0	0	0	12	0.1744186046511628	0.8333333333333334	0	0.0
47	https://www.ixl.com/math/grade-5/reciprocals	0.2608695652173913	0.0	1.875	0	0	0.0	0	0	0	0	4	0.0	0.9375	0.0	0.6976744186046512
48	http://www.factmonster.com/ipka/A0933483.html	0	0	1.5	0	0	0	0	0	0	1.5	14	1.8524701014280667	0.0	0.0	1.5
49	http://rcgolf.com/reciprocals/	0	0	3.3272727272727276	0	0	0.0	0	0	0	0	3	2.1017002518891688	1.3043478260869565	0	1.0344827586206897
50	https://llanymynechgolfclub.co.uk/reciprocals/	0	0.0	0	0.4545454545454546	0.0	0	0	0	0	0	17	0.0	0.7894736842105263	5.454545454545454	2.727272727272727
51	https://www.tes.com/teaching-resource/reciprocals-6305900	0	0.3409090909090909	0	2.727272727272727	0.0	0	0	0	0	0	5	3.2015151515151516	0.6666666666666666	0.0	0.6000000000000001
52	https://www.mathgames.com/skill/6.25-reciprocals	0.6521739130434783	0.6382978723404256	0.0	0	0	0	0	0	0	0.0	6	0.0	0.8333333333333334	0.0	0.625
53	http://www.mathwords.com/n/negative_reciprocal.htm	0.0	0	0	0	0	0	0	0	0	0.0	33	0.0	0.7692307692307692	0	0.0
54	http://universityclubphoenix.com/the-club/reciprocals/	0	0	2.727272727272727	0.0	2.4285714285714284	0	0	0	0	0	181	0.7059565080365584	0.6382978723404256	0.0	2.727272727272727
55	http://www.romecountryclub.com/memberships/reciprocals/	0	0	0	0	0.0	0	0	0.0	0	0	42	0.0	0.6818181818181818	2.727272727272727	2.727272727272727
56	https://www.tes.com/teaching-resource/reciprocals-terminating-and-recurring-decimals-6320245	0	0.0	0	0.6382978723404256	0.0	0	0	0	0	0	5	0.6382978723404256	0.375	0.0	0.33707865168539325
57	http://www.youtube.com/watch?v=Dll_MP475Jc	0.375	0.0	0.0	0.0	0.0	0.0	0	0	0	0.0	3	0.2912621359223301	0.0	10.60837835167148	0.3846153846153846
58	http://whisperingwoodsgc.com/membership/reciprocals	0.0	0	2.727272727272727	1.5789473684210527	0	0	0	0	0	0	4	0.6585271831444025	0.6818181818181818	0.0	2.727272727272727
59	http://www.tdi.texas.gov/forms/form3reciprocals.html	0.0	0	1.0344827586206897	0.0	0.0	0	0	0	0	0.0	58	0.0	0.7317073170731707	0	1.0344827586206897
60	https://www.radissongreens.com/membership/reciprocals	0.0	0	2.727272727272727	0	0	0	0	0	0	0.0	26	0.0	0.7317073170731707	0.0	2.727272727272727
61	https://www.ixl.com/math/grade-5/reciprocals	0.2608695652173913	0.0	1.875	0	0	0.0	0	0	0	0	4	0.0	0.9375	0.0	0.6976744186046512
62	https://community.tes.com/threads/reciprocals.725680/	0.3896103896103896	0.0	2.727272727272727	0	0.0	0	0	0	0	0	204	0.0	0.6666666666666666	0.0	1.1111111111111112
64	https://community.tes.com/forums/mathematics.25/	0	0.0	0.0	0	0.0	0	0	0	0	0	278	0.0	0.0	0.0	0.0
65	http://www.lockportcountryclub.com/reciprocals/	0	0.0	5.454545454545454	0	3.2034632034632033	0	0	0	0	0	12	0.1744186046511628	0.8333333333333334	0	0.0
66	http://www.dict.cc/?s=reciprocal	0.4545454545454546	2.307692307692308	0.967741935483871	0	0	0	0	0	0	0.22388059701492535	5	0	1.4285714285714284	0.0	1.25
67	http://www.sme.org/reciprocals/	0	0.0	0	0.0	0.0	0	0	0	0	0	38	0.0	1.5	1.4285714285714284	1.4285714285714284
68	http://it.stlawu.edu/~dmelvill/mesomath/reciprocal.html	0	0	1.4285714285714284	0	0	0	0	0	0	0	1	0.0	0.625	0	1.875
69	https://www.algebra.com/algebra/homework/Inverses/find-reciprocal-of-a-number.solver	0	0	0.8823529411764706	0	1.1111111111111112	0	0	0	0	0	5	0	0.4166666666666667	1.3844086021505375	0.8823529411764706
70	http://www.shmoop.com/trig-functions/reciprocal-trig-function.html	0.2222222222222222	0.0	0.8823529411764706	0.0	0.0	0.0	0	0	0	0.2777777777777778	36	1.2764550264550265	0.5454545454545454	0.8823529411764706	0.8823529411764706
71	https://quizlet.com/subject/reciprocals/	0.0	0.0	0	0	0	5.454545454545454	0	0	0	0	2	0.0	0.9375	143.32019704433472	1.0
72	http://calculator.tutorvista.com/math/368/reciprocal-of-a-fraction-calculator.html	0.703125	1.2100840336134453	0	1.2121212121212122	0	0	0	0	0	0	38	6.670688788335847	0.4	0.8571428571428571	0.6976744186046512
73	http://calculator.tutorvista.com/math/28/divide-fractions-calculator.html	0.0	0.0	0	0.0	0	0	0	0	0	0	38	1.5041225324987966	0.0	0.0	0.0
74	http://legal-dictionary.thefreedictionary.com/Reciprocal	0.6153846153846154	0.5357142857142857	9.0	0	0	0	0	0	0	0.4787234042553192	209	0.0	0.6122448979591837	39.0	1.4634146341463414
75	http://www.oysqn.com/reciprocals/	0	0.0	2.727272727272727	0	0	0	0	0	0	0	5	1.038095178085642	1.3636363636363635	0.0	1.7647058823529411
76	http://www.bartlettcountryclub.com/golf/reciprocals.html	0	0	0	0	1.4285714285714284	0.0	0	0	0	0	31	0.22058823529411764	0.6666666666666666	0	0.6382978723404256
77	http://www.yourdictionary.com/reciprocal	0.3488372093023256	0.31690140845070425	0	12.517241379310345	0.0	0.7692307692307692	0	0	0	0.7537688442211055	6	3.0	1.0344827586206897	3.0	1.1320754716981134
