index	url	description	div	h1	h2	h3	h4	h5	h6	inbound_links	keywords	outbound_links	p	root	span	title
1	http://www.oxforddictionaries.com/us/	0.0	0	0.0	0.0	0	0.0	0	0	0	0.0	14	0.0	0.0	0.0	0.0
2	http://www.dictionary.com/browse/ward	0.2831858407079646	0.9933178368228761	0	0	1.5238095238095237	0	0	0	0	1.5609756097560974	27	0.06666666666666667	1.2307692307692308	237.92029283739845	1.7777777777777781
4	https://www.merriam-webster.com/dictionary/ward	0.6153846153846154	0.0	8.0	173.31511387163576	0	0.0	0.0	0.0	0	1.2108108108108109	40	0.0	0.9142857142857144	0.0	1.4545454545454548
5	http://www.thefreedictionary.com/ward	0.6083650190114068	1.3171475931376921	8.0	158.39999999999998	0	0	0	0	0	0.5647058823529411	229	0.0	1.2307692307692308	129.5882242423521	1.3333333333333333
6	https://en.wikipedia.org/wiki/Ward	0	0.0	8.0	0.0	0.0	0	0	0	0	0	26	0	1.2307692307692308	0.0	2.0
7	https://en.wikipedia.org/wiki/Andre_Ward	0	2.6666666666666665	3.1999999999999997	0.0	0.0	0	0	0	0	0	66	16.19009699743823	1.0	37.5365079365079	1.4545454545454548
8	http://www.wardtlc.com/	0.21333333333333335	0.5245901639344263	0	0	0	0	0	0.0	0	0.2758620689655173	9	0.0860215053763441	2.6666666666666665	0	0.2735042735042735
9	http://www.wardmfg.com/	0	0.0	0	1.8412698412698416	0	0	0	0	0	0	11	3.29910533910534	2.6666666666666665	0	4.57142857142857
10	http://ward.nred.org/	0	0	0.9696969696969697	3.2969696969696956	0	0	0	0	0	0	113	1.8404292746829336	2.285714285714285	34.600882214416096	0.7111111111111111
11	http://www.imdb.com/title/tt1369706/	0.0	0.0	4.0	0.0	1.391304347826087	0.0	0.0	0	0	0.0	21	1.6842105263157894	0.0	0.0	1.4545454545454548
12	http://www.imdb.com/title/tt1369706/	0.0	0.0	4.0	0.0	0.0	0.0	0.0	0	0	0.0	20	1.6842105263157894	0.0	0.0	1.4545454545454548
13	https://wardsci.com/store/	1.3333333333333333	0.0	0	0.0	22.4367816091954	0.9142857142857144	0.0	0	0	0	8	2.2663138068330833	1.7777777777777781	0.0	1.28
14	http://www.wordreference.com/enit/ward	0.42105263157894735	0.0	0.0	0	8.0	0	0	0	0	0	5	8.0	1.1851851851851851	0.64	0.6666666666666666
15	http://www.wardvillageshops.com/	0.5245901639344263	0	0	0	0	0.0	0	0	0	0.38095238095238093	7	0.0	1.5238095238095237	0.0	0.3404255319148936
16	https://www.nhl.com/player/cam-ward-8470320	0.5423728813559322	0.0	0	0	7.6190476190476195	0	6.461538461538462	10.829702087573148	0	0.0	20	0.0	1.032258064516129	4.0	0.9696969696969697
17	http://www.yourdictionary.com/ward	0.40079365079365076	0.4892063492063492	0	34.006688963210706	12.800000000000002	0.9696969696969697	0	0	0	0.9467455621301772	6	12.0935064935065	1.391304347826087	15.923809523809524	1.5609756097560974
18	https://www.mormon.org/beliefs/church-community	0.0	0.1839080459770115	0	0.0	0.9161290322580649	0.0	0	0	0	0.0	8	1.127306567125467	0.0	0.0	0.0
19	https://www.consolidatedtheatres.com/	0	0.0	0	0	0	0	0	0	0	0	0	0	0.0	0.0	0.0
20	https://www.lds.org/?lang=eng	0.0	0.0	0.0	0.0	0	4.57142857142857	0	0	0	0	20	0.0	0.0	1.6842105263157894	0.0
21	http://legal-dictionary.thefreedictionary.com/ward	0.7485380116959064	0.64	40.0	0	0.0	0	0	0	0	0.5647058823529411	209	1.4471549028541473	0.7441860465116279	110.4	2.2068965517241383
22	http://leagueoflegends.wikia.com/wiki/Ward	0.3440860215053764	0.0	8.0	0.0	0.0	0	0	0	0	0.7804878048780487	108	8.699758840376466	0.9142857142857144	46.829334128206646	0.5818181818181819
23	http://www.jrward.com/	0	0.8648648648648649	0	0.0	1.9656729900632337	0	0	0	0	0	9	11.447041847041845	2.9090909090909096	0.9142857142857144	3.5555555555555562
24	http://dictionary.cambridge.org/dictionary/english/ward	0.45390070921985803	1.4545454545454548	0.7441860465116279	2.51076923076923	0	0	0	0	0	0.6336633663366337	28	1.391304347826087	0.6666666666666666	198.1523809523809	0.6666666666666666
25	http://wardtrucking.com/Web/WebTrace.nsf/Trace!OpenForm	0	0.5245901639344263	0	0	0	0	0	0.0	0	0	70	0	0.6666666666666666	0	0.0
26	https://www.lds.org/?lang=eng	0.0	0.0	0.0	0.0	0	4.57142857142857	0	0	0	0	20	0.0	0.0	1.6842105263157894	0.0
27	http://wardandwardproperties.com/	0.1580246913580247	0	0	0	0	0	0	0	0	0.10643015521064302	8	0.0	2.4615384615384617	0	1.471458773784355
28	http://wardsauto.com/	0.6274509803921569	18.159873301658738	0	0	0.0	0	0.0	0	0	0	12	0.0	2.285714285714285	0.0	0.5614035087719298
29	http://leagueoflegends.wikia.com/wiki/Ward	0.3440860215053764	0.0	8.0	0.0	0.0	0	0	0	0	0.7804878048780487	108	8.699758840376466	0.9142857142857144	46.829334128206646	0.5818181818181819
30	http://www.ancestry.com/name-origin?surname=ward	0	0.0	1.6842105263157894	0	0.0	5.007030725356389	0.0	0	0	0	3	0.9440290732341636	0.8648648648648649	0.0	2.796638655462185
31	http://www.wardvillage.com/	0.21052631578947367	0.0	0.4102564102564102	0.0	0.0	0.0	0.0	0	0	0	19	5.659021381853269	2.0	16.32486740312826	2.2857142857142856
32	http://www.cityofchicago.org/city/en/about/wards.html/	0	0	6.3999999999999995	0	0.0	0	0	0	0	0	7	0.8421052631578947	0.7441860465116279	1.4545454545454548	1.3333333333333333
33	https://www.consolidatedtheatres.com/ward	0.2147651006711409	0.0	0.0	0.0	0.0	0.0	0	0	0	0.0	19	0.128	1.1034482758620692	14.222222222222202	1.0666666666666667
34	http://www.jrward.com/	0	0.8648648648648649	0	0.0	1.9656729900632337	0	0	0	0	0	9	11.447041847041845	2.9090909090909096	0.9142857142857144	3.5555555555555562
35	https://www.tucsonaz.gov/ward-3	0.20317460317460315	0	0.8888888888888891	0.0	0	0	0	0	0	0	18	0.14883720930232558	1.6842105263157894	0.5714285714285713	0.41558441558441567
36	https://www.facebook.com/jrwardbooks	0.48854961832061067	2.2484472049689432	0	0	0	0	0	0	0	0	0	0.0	1.3333333333333333	8.296296296296298	1.5999999999999999
37	http://www.cityofchicago.org/city/en/depts/other/provdrs/clerk/svcs/find_your_ward_andalderman.html	0.8767123287671232	0	1.1851851851851851	0	0.0	0.0	0	0	0	1.5999999999999999	5	0.7441860465116279	0.3636363636363637	1.4545454545454548	0.6956521739130435
39	http://nameberry.com/babyname/Ward	0.6530612244897959	0.0	8.0	0.0	3.1804878048780494	8.80813267462818	0	0	0	0	6	0.6797385620915033	1.1851851851851851	60.13333333333333	1.5238095238095237
40	https://themes.bavotasan.com/themes/ward-pro-wordpress-theme/	0.20645161290322583	0.0	4.0	0.0	0.0	0.0	0	0	0	0	28	0.0	0.6037735849056604	0.0	0.64
41	http://www.imdb.com/name/nm3474430/	0.07272727272727274	0.09221902017291064	0	0.0	0.0	0.0	0.0	0	0	0.6808510638297872	2	0.0	0.0	1.8823529411764708	0.0
42	http://www.imdb.com/filmosearch?sort=num_votes&explore=title_type&role=nm3474430&ref_=nm_ql_flmg_4	0.0	0.0	0.0	0	0.0	0	0.0	0	0	0	4	2.36220351626574	0.0	0.0	0.0
43	http://www.co.ward.nd.us/	0	0	0	0	0.0	0	0	0	0	0.0	4	0	2.285714285714285	0.0	0.6037735849056604
44	http://nameberry.com/babyname/Ward	0.6530612244897959	0.0	8.0	0.0	3.1804878048780494	8.80813267462818	0	0	0	0	6	0.6797385620915033	1.1851851851851851	60.13333333333333	1.5238095238095237
45	http://www.waridtel.com/	0.0	0.0	0	0.0	0.0	0	0	0	0	0.0	9	0.0	0.0	0.0	0.0
46	http://www.wardrealty.com/	0.22695035460992902	0	0.0	0	0	0	0	0	0	0	0	3.198951699632292	2.1333333333333333	0	0.6274509803921569
47	http://makingstarwars.net/	0.0	0.0	0	0.0	0.0	0.0	0	0	0	0	20	0.0	0.0	4.656084656084652	0.0
48	http://medical-dictionary.thefreedictionary.com/ward	1.0526315789473684	0.6153846153846154	8.0	86.39999999999998	0	0	0	0	0	0.5647058823529411	186	0.0	0.7111111111111111	112.0	1.3617021276595744
49	http://gameofthrones.wikia.com/wiki/Ward	0.32989690721649484	0.0	8.0	0.0	0.0	0	0	0	0	0.1787709497206704	47	0.6412580937224535	0.9696969696969697	2.9090909090909096	0.6037735849056604
50	http://www.microsoft.com/en-us/download/details.aspx?id=10257	0.0	0.0	0.0	0	0.0	0	0	0	0	0.0	47	0.0	0.0	0.0	0.0
51	http://legal-dictionary.thefreedictionary.com/ward	0.7485380116959064	0.64	40.0	0	0.0	0	0	0	0	0.5647058823529411	209	1.4471549028541473	0.7441860465116279	110.4	2.2068965517241383
52	https://www.tucsonaz.gov/ward-3	0.20317460317460315	0	0.8888888888888891	0.0	0	0	0	0	0	0	18	0.14883720930232558	1.6842105263157894	0.5714285714285713	0.41558441558441567
53	http://www.wordreference.com/enit/ward	0.42105263157894735	0.0	0.0	0	8.0	0	0	0	0	0	6	8.0	1.1851851851851851	0.64	0.6666666666666666
54	http://www.wardvillageshops.com/	0.5245901639344263	0	0	0	0	0.0	0	0	0	0.38095238095238093	7	0.0	1.5238095238095237	0.0	0.3404255319148936
55	http://www.wardlab.com/	0	0	0	0	0	0	0	0	0	0	4	0	2.6666666666666665	1.6876006441223828	1.4545454545454548
56	http://wardsauto.com/	0.6274509803921569	18.159873301658738	0	0	0.0	0	0.0	0	0	0	12	0.0	2.285714285714285	0.0	0.5614035087719298
57	http://www.waridtel.com/	0.0	0.0	0	0.0	0.0	0	0	0	0	0.0	9	0.0	0.0	0.0	0.0
58	http://skiward.com/	0.0	0	0.0	0	0.0	0	0	0	0	0	9	0	2.6666666666666665	4.0	1.3333333333333333
59	https://www.rottentomatoes.com/m/the_ward/	0	0.7272727272727274	8.0	0.0	0.0	0	0	0	0	0	38	6.372404586103343	1.0666666666666667	0.0	4.0
60	http://www.thesaurus.com/browse/ward	0.2644628099173554	0.0	8.0	0.0	0	0	0	0	0	2.723404255319149	42	1.231854838709677	1.28	42.67698412698412	1.4545454545454548
61	http://legal-dictionary.thefreedictionary.com/Guardian+and+Ward	0.6636771300448431	0.5873015873015872	4.352941176470589	0.6310091905266878	0.0	0	0	0	0	0.5311004784688995	152	6.549435963652464	0.6607142857142856	2.1764705882352944	1.3454545454545457
62	http://marvel.wikia.com/wiki/Grant_Ward_(Earth-199999)	0.3440860215053764	0.0	1.28	0.0	0.0	0	0	0	0	0.3587443946188341	52	10.382833791550597	0.6808510638297872	0.0	0.46376811594202894
63	http://www.medicinenet.com/warts_common_warts/article.htm	0.0	0.0	0.0	0.0	0.0	0	0.0	0	0	0.0	39	0.0	0.0	0.0	0.0
64	https://www.youtube.com/user/TylerWardMusic	0.19999999999999998	2.106981946766415	0	2.0	0.0	0	0	0	0	0.18604651162790697	12	0.32323232323232326	1.032258064516129	0.9142857142857144	1.1851851851851851
65	https://themes.bavotasan.com/themes/ward-pro-wordpress-theme/	0.20645161290322583	0.0	4.0	0.0	0.0	0.0	0	0	0	0	28	0.0	0.6037735849056604	0.0	0.64
66	http://www.wardandsmith.com/	0.2051282051282051	0	0.0	0.0	0.941380056240536	0	0	0	0	0	12	0.7939252687767837	1.8823529411764708	2.750877192982456	0.6956521739130435
67	http://www.imdb.com/name/nm0911542/	0.22482435597189696	0.11552346570397111	0	0.0	1.391304347826087	0.0	0.0	0	0	0.6808510638297872	2	0.0	0.0	6.222222222222221	2.0
68	http://www.imdb.com/filmosearch?sort=num_votes&explore=title_type&role=nm0911542&ref_=nm_ql_flmg_4	0.0	0.0	1.0	0	0.0	0	0.0	0	0	0	4	0.52245500933441	0.0	0.0	0.7999999999999999
69	http://www.ward8.com/	0	0	0	0	0	0	0	0	0	0	3	0.0	3.1999999999999997	0.0	5.333333333333333
