index	url	description	div	h1	h2	h3	h4	h5	h6	inbound_links	keywords	outbound_links	p	root	span	title
1	http://www.dictionary.com/browse/ascending	1.2222222222222225	0.787475236627779	0	0	2.5384615384615388	0	0	0	0	2.588235294117647	27	0.0	2.1290322580645165	168.62892546050418	2.869565217391304
2	http://www.dictionary.com/browse/ascend	1.0272727272727273	0.787475236627779	0	0	2.0869565217391304	0	0	0	0	2.1333333333333333	27	0.0	1.714285714285714	137.02819285977176	2.4
3	https://www.merriam-webster.com/dictionary/ascending	1.306930693069307	0.0	7.333333333333334	2.357142857142857	0	0.0	0.0	0	0	0.46478873239436613	28	0.0	1.65	0.0	2.444444444444445
4	http://www.thesaurus.com/browse/ascending	0.5238095238095237	0.0	8.0	0.0	0	0	0	0	0	3.9402985074626864	14	0.8	2.1999999999999997	29.35384615384613	2.444444444444445
5	http://www.thefreedictionary.com/ascending	1.65	1.571428571428571	7.333333333333334	36.66666666666667	0	0	0	0	0	1.0702702702702704	113	0.0	2.1290322580645165	76.66380952380953	2.2758620689655173
6	https://www.mathsisfun.com/definitions/ascending-order.html	0.0	0.0	0	0	0	0	0	0	0	0.0	35	0	1.404255319148936	4.3999999999999995	2.2758620689655173
8	http://www.macmillandictionary.com/us/dictionary/american/ascending	1.1314285714285715	0.0	0	0	0	0	0	0	0	0.8048780487804877	3	0.0	1.1785714285714286	15.333333333333334	0.7764705882352939
9	https://en.oxforddictionaries.com/definition/ascend	0.19047619047619047	0.0	0.0	0	0.0	0	0	0	0	0.19512195121951217	44	0.64	1.1162790697674418	9.54625	1.5483870967741937
10	http://dictionary.cambridge.org/dictionary/english/ascending	1.434782608695652	2.444444444444445	1.375	2.1999999999999997	0	0	0	0	0	1.1891891891891895	28	2.357142857142857	1.2452830188679245	8.578616352201259	1.2452830188679245
11	https://en.wikipedia.org/wiki/Ascending	0	0.0	0	0.0	0.0	0	0	0	0	0	8	0.0	2.1290322580645165	0.0	3.142857142857142
12	https://en.wikipedia.org/wiki/Ascending_colon	0	0.0	4.3999999999999995	0.0	0.0	0	0	0	0	0	24	9.540592306454208	1.783783783783784	0.0	2.444444444444445
13	https://en.wiktionary.org/wiki/ascend	0	0.625	8.0	0.0	0.0	0	0	0	0	0	91	0.0	1.6551724137931034	0.6190476190476191	2.5263157894736845
14	https://en.wiktionary.org/wiki/ascending	0	0.0	7.333333333333334	0.0	0.0	0	0	0	0	0	25	0	2.0625	0.0	3.0
15	http://www.abcya.com/ascending_number_order.htm	0.49624060150375937	0.0	8.999999999999998	0	0.0	0.0	0	0	0	0.6111111111111113	10	8.772025431425979	1.8333333333333335	0.0	1.6097560975609755
16	https://www.vocabulary.com/dictionary/ascending	1.0999999999999999	0.2	7.333333333333334	0.0	0.0	0	0	0	0	0	5	1.1428571428571428	1.885714285714286	7.333333333333334	1.32
17	http://www.dict.cc/englisch-deutsch/ascending.html	0.717391304347826	5.5	0.0	0	0	0	0	0	0	0.49624060150375937	34	0	1.692307692307692	0.0	1.571428571428571
18	http://dictionary.cambridge.org/us/pronunciation/english/ascending	1.0	0.0	1.783783783783784	7.333333333333334	0	0	0	0	0	0.5365853658536585	22	0.0	1.11864406779661	1.783783783783784	1.783783783783784
19	http://www.investopedia.com/terms/a/ascendingtriangle.asp	0.19939577039274925	0.0	3.666666666666667	4.070208728652751	0	0	0	0	0	0	6	2.423854447439353	1.434782608695652	0.0	1.5
20	http://www.ldoceonline.com/dictionary/ascend	1.2409638554216866	0.0	0	0.0	0	0	0	0	0	0.2692307692307692	4	0	1.4545454545454548	267.963908640379	1.2
21	https://www.youtube.com/watch?v=ShAeafYCqxk	0.0	0.0	0.0	0.0	0.0	0.0	0	0	0	0.825	69	0.0	0.0	3.0231436837029904	1.5
22	https://www.beatport.com/release/ascending/1924862	0	0.0	7.333333333333334	0.0	0.0	0	0	0.0	0	0	8	0.0	1.7368421052631582	7.333333333333334	1.2941176470588236
23	https://boardgamegeek.com/boardgame/37919/ascending-empires	0.22242314647377937	0.0	0	0	0	0	0	0	0	0.0	0	0	1.2941176470588236	0	1.434782608695652
24	http://www.businessinsider.com/jupiter-ascending-review-2015-2	0.0	0.0	1.913043478260869	0	0.0	0	0.0	0	0	0	45	3.4667553191489358	1.2941176470588236	1.0004430379746836	1.0999999999999999
25	https://www.amazon.com/Life-Ascending-Great-Inventions-Evolution/dp/0393338665	0.6666666666666666	0.8148148148148149	0	0.0	0.0	0	0.0	0	0	0.22448979591836732	36	0.0	1.0	3.8032647869408525	0.6666666666666666
26	https://msdn.microsoft.com/en-us/library/dd355107.aspx	0	7.333333333333334	2.444444444444445	0.0	0	0.0	0	0	0	0	16	0.0	0.0	20.166666666666664	2.444444444444445
28	http://blogs.intel.com/technology/2016/01/intel-acquires-asctec/	0.43421052631578955	0.0	1.783783783783784	0.0	0.0	0	0	0	0	0	14	1.5202734706644625	0.0	0.0	1.1785714285714286
29	http://www.ascendlearning.com/	0	0	0.0	0.0	0	0.0	0.0	0	0	0	3	2.5237113402061855	2.5263157894736845	0.0	3.1999999999999997
30	https://www.choicehotels.com/ascend	0.0	0.0	0	0.0	0	0.0	0	0	0	0.0	27	0.0	2.0869565217391304	0.0	0.0
31	https://funko.com/collections/jupiter-ascending	0	0	0.0	0.0	0.0	0	0	0	0	0	13	0.0	1.692307692307692	3.882352941176471	2.64
32	https://cdict.net/q/ascending	2.869565217391304	0.0	0	0	0	0	0	0	0	1.5	2	0	3.142857142857142	7.333333333333334	3.0
33	http://www.ibm.com/support/knowledgecenter/en//SS6SGM_3.1.0/com.ibm.aix.cbl.doc/PGandLR/ref/rlddeasc.htm	0.0	0	0	0	0	0	0	0	0	0.0	0	0	0.0	0	0.0
34	http://www.rollingstone.com/movies/reviews/jupiter-ascending-20150205	0.5	0.0	3.882352941176471	0.0	0.0	0	0.0	0	0	0	3	3.882352941176471	1.1379310344827587	0.0	1.375
35	http://www.iciba.com/ascending	3.8446601941747574	0.0	7.333333333333334	0.0	0.0	0	0	0	0	5.191011235955055	2	0.0	3.4736842105263164	2.805399325084363	2.808510638297872
36	https://www.ascendingpath.com/	0.0	0	0.0	1.885714285714286	0.0	0	0	0	0	0.0	19	0.0	3.666666666666667	0.7674418604651163	0.6804123711340206
37	http://giphy.com/search/jupiter-ascending	0.47482014388489213	0	0	0.0	0	0	0	0	0	0.9295774647887323	0	0	1.9411764705882355	0.0	2.2758620689655173
38	http://www.mcescher.com/gallery/recognition-success/ascending-and-descending/	0.0	0	2.75	0	0	0	0	0	0	0.0	2	0.0	1.0	0.0	2.75
39	https://flaregames.zendesk.com/hc/en-us/articles/207180839-What-is-the-Ascending-feature-	0.3428571428571429	0.0	2.1999999999999997	0.0	0.0	0	0	0	0	0	1	0.7384615384615385	0.8148148148148149	0.0	2.1999999999999997
40	http://www.boxofficemojo.com/movies/?id=jupiterascending.htm	0.673469387755102	0.0	0	0	0	0	0	0	0	0.11578947368421053	8	0.0	1.346938775510204	0.0	1.571428571428571
41	http://www.theatlantic.com/entertainment/archive/2015/02/jupiter-ascending-falls-flat/385228/	0.0	0.0	0.0	0.0	0.0	0.0	0.0	0	0	0.0	27	0.0851063829787234	0.8048780487804877	0.0	3.882352941176471
42	https://github.com/elastic/elasticsearch/issues/17614	0.0	0.0	0	0	0.0	0	0	0	0	0	3	2.2620040853899495	0.0	1.0476190476190474	0.5945945945945947
43	http://www.w3schools.com/php/php_arrays_sort.asp	0.0	0.0	0.0	4.053344568317346	0.0	0.0	0	0	0	0.0	95	3.505704594511254	0.0	0.0	0.0
44	http://www.athrc.com/	0.0	0	0	0	0	0	0	0	0	0	6	0	0.0	1.081967213114754	1.9701492537313432
46	https://www.theguardian.com/film/2015/feb/08/jupiter-ascending-wachowski-observer-film-review	0.0	0.0	1.5	0.0	0.0	0	0	0	0	0.5739130434782608	8	0.0	0.8148148148148149	3.882352941176471	1.0
47	http://www.sensibledevelopment.com/auctions/auction-glossary/ascending-and-descending-auctions-glossary-definition/	0.42857142857142866	0.0	2.0	0	3.882352941176471	0	0	0	0	0	4	0.0	0.6346153846153847	2.666666666666666	1.1785714285714286
48	https://www.reddit.com/r/SovereigntyAscending/	0.0	0.0	0.0	0.0	0	0	0.0	0	0	0.0	9	0.3235294117647059	1.9411764705882355	0.0	0.7857142857142855
49	http://ascendingthegiants.com/	0	0.0	0	0.0	0	0	0	0	0	0.0	32	0.0	2.869565217391304	0.20433436532507734	3.0
50	http://www.socialmatter.net/category/ascending-the-tower/	0	0.0	2.2758620689655173	0	0	0	0	0	0	0	2	0.0	1.434782608695652	0.0	1.5
51	https://www.pepperdine.edu/ascendingvoice/	0.0	0.0	3.0	4.3999999999999995	0.0	0	0	0	0	0	3	1.862556390977444	2.1999999999999997	0.0	1.404255319148936
52	http://www.ascendrecovery.com/	0.3076923076923077	0.8727272727272728	0	0.0	0	0.0	5.485714285714285	0.8888888888888891	0	0	1	1.6958208781772766	2.5263157894736845	5.699999999999999	0.8888888888888891
53	http://www.asctec.de/ascending-technologies/uav-karriere/	0.0	0.0	0.0	1.571428571428571	0.0	0	0	0	0	0	1	0.0	1.434782608695652	0.0	0.6226415094339622
54	http://www.ascendingti.com/	0	0	0	0	0	0	0	0	0	0	6	4.36390094894604	4.125	0.0	0.559322033898305
55	https://www.premiumbeat.com/royalty_free_music/songs/starlight-ascending	0	0.0	3.4736842105263164	0.0	0.0	0	0	0	0	0.0	7	0.0	1.0999999999999999	3.4736842105263164	1.1379310344827587
57	https://itunes.apple.com/us/movie/jupiter-ascending/id960831851	0.5038167938931298	0.0	3.882352941176471	0.0	0.0	0.0	0.0	0	0	0.5365853658536585	12	0.23627637053799538	1.2	0.0	2.444444444444445
58	http://www.humanityascending.com/	0	0	0	0	0.0	0	0.0	0	0	0	41	0	3.0	0.0	2.2758620689655173
59	https://www.ncbi.nlm.nih.gov/pubmed/11932581	0.0	0.0	0.8048780487804877	0.0	0.0	0.0	0	0	0	0.0	16	0.0	0.0	0.0	0.6666666666666666
60	https://www.rottentomatoes.com/m/jupiter_ascending_2014/	0	0.09256661991584852	7.7647058823529385	0.0	0.0	0	0	0	0	0	42	3.9324540619135893	1.5	0.0	3.882352941176471
61	http://www.avclub.com/review/wachowskis-go-broke-goofy-space-opera-jupiter-asce-214745	0.0	0.0	0.0	3.882352941176471	0.0	0	0	0	0	0	25	0.0	0.0	0.0	4.592030360531309
62	https://help.libreoffice.org/Common/Sort_Ascending	0	0.0	0	0.0	0.0	0	0	0	0	0	2	0.0	1.571428571428571	4.714285714285714	2.0
63	http://www.rogerebert.com/reviews/jupiter-ascending-2015	0.30985915492957744	0	3.882352941176471	0	0.1875	2.75	0.0	0.0	0	0	7	0.2967524667703091	1.4666666666666666	0.3350253807106599	1.2941176470588236
64	http://www.slashfilm.com/jupiter-ascending-wtf/	0.5238095238095237	0	0	0.0	0.0	0	0	0	0	0	4	0.0	1.8333333333333335	0.0	1.2
65	http://www.esquire.com/entertainment/movies/a32068/jupiter-ascending-survival-guide/	0.45205479452054786	0.0	0.0	0.0	0.0	0	0	0	0	1.11864406779661	47	0.0	0.9041095890410957	0.0	1.6708860759493671
66	http://www.earwolf.com/episode/jupiter-ascending/	0.0	0.0	3.882352941176471	0	0.0	0.0	0	0	0	0	12	0.0	1.7368421052631582	3.882352941176471	0.9705882352941178
67	http://www.thedailybeast.com/articles/2016/02/26/give-eddie-redmayne-all-the-awards-for-jupiter-ascending.html	0.0	0.0	1.11864406779661	0	1.692307692307692	0.0	0	0	0	0.5454545454545454	4	0.0	0.6666666666666666	0.0	0.8571428571428573
68	http://kol.coldfront.net/thekolwiki/index.php/Ascension	0	0.0	0	0.0	0.0	0	0	0	0	0	6	1.2956902231424023	0.1875	1.0	0.4090909090909091
69	http://www.freepik.com/free-photos-vectors/ascending	0.8684210526315791	0.0	0	0.0	0.0	0	0	0	0	0.8799999999999999	7	0.0	1.6097560975609755	24.282910476783073	1.2
72	http://www.dailydot.com/parsec/jupiter-ascending-female-audience/	0.7674418604651163	1.9674418604651165	3.882352941176471	0	0.0	0	0	0	0	0.9041095890410957	24	4.37859354268023	1.2222222222222225	7.7647058823529385	3.882352941176471
73	http://www.huffingtonpost.com/2015/02/07/jupiter-ascending_n_6632348.html	0.423076923076923	1.571428571428571	1.571428571428571	0.0	0	0.0	0	0	0	1.7959183673469385	43	2.3473015377680695	1.0645161290322582	0.0	1.03125
74	http://www.innerbody.com/image_digeov/dige06-new.html	0.5577464788732394	4.3999999999999995	4.3999999999999995	2.0625	0.0	0	0	0	0	0	1	0.5715219421101774	0.0	0.0	1.32
76	http://jupiter-ascending.wikia.com/	0.0	2.080726056842608	0.0	2.357142857142857	0.0	0	0	0	0	1.306930693069307	42	0.0	2.357142857142857	0.0	1.375
77	http://www.businessdictionary.com/definition/ascending-order.html	0.282051282051282	0.0	4.3999999999999995	1.885714285714286	0	0.0	0	0	0	0	11	0	1.2222222222222225	13.200000000000003	0.9166666666666667
78	http://www.metacritic.com/movie/jupiter-ascending	0.4125	6.420814479638009	3.882352941176471	0	0	0	0	0	0	0	30	0.0	1.7368421052631582	35.32024942296476	1.7368421052631582
79	https://www.buzzfeed.com/alannabennett/mila-kunis-betrayer-of-the-bees	0.0	0.8571428571428573	3.882352941176471	0.0	0.0	0.0	0	0	0	0	36	0.0	0.0	0.0	3.882352941176471
80	http://www.brynmawr.edu/neli/ascending_leadership/	0.0	0	0	0	1.434782608695652	0	0	0	0	0.0	8	0.39520958083832336	1.692307692307692	0.0	0.0
81	http://www.themarysue.com/review-jupiter-ascending-the-worst/	1.783783783783784	0.0	0	0	0.0	0.0	0	0	0	0.825	22	0.0	1.32	0.0	0.942857142857143
82	http://imslp.org/wiki/The_Lark_Ascending_(Vaughan_Williams,_Ralph)	0	0.0	1.5	0.0	0	0	0	0	0	0	4	0.0	1.11864406779661	0.0	0.616822429906542
83	http://www.climbingtechniques.org/ascending-a-rope.html	1.1785714285714286	2.712705261661156	0	10.767881241565457	0	0	0	0	0	1.6276595744680848	0	0	1.5	6.174921953232906	1.6097560975609755
84	http://law2.umkc.edu/faculty/projects/ftrials/ASCEND/mountain.html	0.0	0	0	0	0	0	0	0	0	0	11	0	0.8135593220338981	0	3.0
85	http://www.ascendleadership.org/	0	1.3150684931506849	0	0	0.7058823529411765	0	0	0	0	0.24615384615384617	40	0.0	2.285714285714285	12.746630296493095	8.0
86	http://stockcharts.com/school/doku.php?id=chart_school:chart_analysis:chart_patterns:ascending_triangle_continuation	0	0.3905325443786983	3.9999999999999982	0	0	0.0	0.0	0	0	0.891891891891892	3	0.8192597915918075	0.6226415094339622	0.0	1.404255319148936
87	http://io9.gizmodo.com/jupiter-ascending-is-a-very-decadent-movie-about-why-de-1684167120	0.18487394957983191	0.0	0	0	0	0.0	0.0	0	0	0.5279999999999999	19	0.0	0.8048780487804877	0.0	0.9565217391304347
88	http://www.climbingarborist.com/ascend.php	0.0	0	0.0	0	0	0	0	0	0	0.0	38	0.17983651226158034	1.5483870967741937	0	1.2222222222222225
89	http://www.the-numbers.com/movie/Jupiter-Ascending	0.37931034482758624	0.0	2.75	0.0	0.0	0	0	0	0	0.23826714801444043	12	0.0	1.692307692307692	0.0	1.375
90	http://www.bartleby.com/246/680.html	0.6226415094339622	0.0	0	0	0	0	0	0	0	0.6226415094339622	2	0	0.0	0	0.6226415094339622
91	http://www.computerhope.com/jargon/a/ascendin.htm	0.6	0.0	4.3999999999999995	0.0	0	0.0	0	0	0	0	14	0	1.2631578947368423	0.0	2.75
92	https://www.mathworks.com/help/matlab/ref/sort.html	0	0.0	0.0	0.0	4.085714285714284	0.0	0.0	0	0	0	51	2.8660620858039767	0.0	0.0	0.0
93	http://www.ascendingathletes.com/	0	0	0	0	0.0	0	0	0	0	0	3	0.0	3.0	0.694736842105263	2.64
94	https://www.aspeninstitute.org/programs/ascend/	0	0.0	8.0	0	0.0	0.0	0	0	0	0	8	1.8848374855634382	1.3714285714285717	0.7058823529411764	1.714285714285714
95	http://www.history.com/topics/great-wall-of-china/videos/ascending-the-chinese-throne	0.0	0	2.357142857142857	2.357142857142857	0	0.0	0	0	0	0	46	0.0	0.891891891891892	0.0	0.942857142857143
