index	url	description	div	h1	h2	h3	h4	h5	h6	inbound_links	keywords	outbound_links	p	root	span	title
1	https://pl.wikipedia.org/wiki/Esperanto	0	0.0	1.0	0.0	0.0	0	0	0	0	0	267	3.438109618250485	0.2903225806451613	43.060214252548256	0.21951219512195122
2	https://pl.wikipedia.org/wiki/Esperanto	0	0.0	1.0	0.0	0.0	0	0	0	0	0	267	3.438109618250485	0.2903225806451613	43.060214252548256	0.21951219512195122
3	http://esperanto.pl/	0	1.150959488272921	0	0.0	0	0	0	0	0	0	5	0.035856573705179286	0.6923076923076923	0.39350649350649347	0.17307692307692307
4	http://pej.pl/pl/o-esperanto/podstawy-jezyka/	0	0.391304347826087	0.0	0.4090909090909091	0.0	0	0	0	0	0	19	0.3803047728579644	0.23684210526315788	1.2094861660079053	0.391304347826087
5	http://www.esperanto.net/info/index_pl.html	0	0	0.0	0	0	0	0	0	0	0	14	0.0	0.28125	0	0.17307692307692307
6	http://lernu.net/pl/esperanto	0.14285714285714285	0	0.42857142857142855	0.6	0.0	0.0	0	0	0	0.0661764705882353	12	2.7478812164741826	0.4090909090909091	0.7246376811594203	0.2727272727272727
7	http://www.hotelesperanto.net/	0.0	0.36	0	0.0	0.0	0	0	0	0	0.0	6	0.5439967105263157	0.47368421052631576	0.9333333333333333	0.15254237288135594
8	http://www.esperanto-cafe.pl/	0	0.5098347757671126	0	0	0	0	0	0	0	0.0	28	0	0.5	0	0.21428571428571427
9	https://pl.wiktionary.org/wiki/esperanto	0	0.0	1.0	0.0	0.0	0	0	0	0	0	57	0	0.28125	40.727272727272734	0.17307692307692307
10	http://hotel-esperanto.eu/	0	0.225	0	0	0	0	0	0	0	0	3	0.3103448275862069	0.47368421052631576	1.0	0.6
11	https://www.youtube.com/watch?v=UzDS2WyemBI	0.05625	0.0	0.0	0.0	0.0	0.0	0	0	0	0.13636363636363635	3	0.05357142857142857	0.0	4.945797417045822	0.2647058823529412
12	https://www.duolingo.com/course/eo/en/Learn-Esperanto-Online	0	0	0	0	0	0	0	0	0	0.0	0	0	0.1875	0	0.0
13	https://www.youtube.com/watch?v=nwa74R_2s8M	0.0	0.0	0.0	0	0.0	0.0	0	0	0	0	8	0.0	0.0	0.30827285921625547	0.14285714285714285
14	http://www.wezyrholidays.pl/Bulgaria/Burgas/hotel/ESPERANTO/12601/40-4762-24FF/parametry/2,0,0,0,2017-09-12,7,18,5112,1233.0,Warszawa.html	0.0	1.0	1.0	0.0	0.0	0	0	0	0	0.05421686746987952	10	0.0	0.07086614173228346	0.0	0.23076923076923078
15	http://www.uea.org/	0.1956521739130435	0.9458874458874459	0	0	0	0	0	0	0	0.16666666666666666	2	0.6969629502887249	0.0	0.3333333333333333	0.20930232558139536
16	http://www.esperantorestaurant.se/en/esperanto-en/	0.061224489795918366	0	0.0	0.391304347826087	0	0	0	0	0	0	2	0.34853804164148994	0.46153846153846156	0	0.20454545454545456
17	http://kurso.com.br/	0	0	0	0	0	0	0	0	0	0.17307692307692307	41	0.18	0.0	0.0	0.8
18	https://pl.wikibooks.org/wiki/Esperanto	0	0.0	1.0	0.0	0.0	0	0	0	0	0	53	0.0	0.2903225806451613	1.45	0.16666666666666666
19	https://www.reddit.com/r/Esperanto/	0.0	0.0	0.0	0.0	0	0	0.0	0	0	0.0	31	0.1267605633802817	0.391304347826087	8.167763157894738	0.2903225806451613
20	http://www.omniglot.com/writing/esperanto.htm	0.08181818181818182	0	0	0.875	0.0	0	0	0	0	0	77	4.2219469790937065	0.2647058823529412	0.0	0.1956521739130435
22	https://www.esperanto-usa.org/en/content/local-groups	0	0.0	0.0	0	0	0	0	0	0	0	11	0.5237704918032787	0.21951219512195122	0.0	0.32142857142857145
23	http://www.ztm.waw.pl/rozklad_nowy.php?c=183&l=1&a=5157	0.0	0	0	0	0	0.8181818181818182	0	0	0	0.0	30	0.0	0.0	0.0	0.0
24	http://www.esperanto.ca/kurso/home.htm	0	0	0	0	0	0	0	0	0	0	7	0	0.3333333333333333	0	1.0
25	http://www.rexadesign.it/en/collections/esperanto/	0	0.0	1.0	0	0.0	0	0	0	0	0	6	0.09183673469387756	0.23076923076923078	0.0	1.0
26	http://www.memrise.com/courses/english/esperanto/	0.17307692307692307	0.11688311688311688	0	0.0	0.0	0.0	0	0	0	0	2	0	0.23684210526315788	0.0	0.47368421052631576
27	http://www.esperantogroup.se/	0	0	0.34615384615384615	0.0	0.18	0	0	0	0	0	5	0	0.5	0	1.0
28	http://www.akademio-de-esperanto.org/	0	0	0	0.0	0.0	0	0	0	0	0	57	0.20512987012987013	0.34615384615384615	0.0	0.42857142857142855
29	http://pl.gta.wikia.com/wiki/Esperanto	0.09278350515463918	0.21428571428571427	1.0	0.0	0.0	0	0	0	0	0.26644736842105265	33	0.5600193704993196	0.2903225806451613	1.0	0.13846153846153847
30	http://sjp.pl/esperanto	0	0	1.0	0	0	0	0	0	0	0	0	0.09782608695652174	0.5625	0.0	0.391304347826087
31	https://pl.tripadvisor.com/Hotel_Review-g499086-d1368067-Reviews-Esperanto_Hotel-Sunny_Beach_Burgas_Province.html	0.03409090909090909	1.070550193050193	0.23076923076923078	0.0	0.7998919586355918	0	0	0	0	0.09473684210526316	1	0.022167487684729065	0.08571428571428572	0.18	0.10714285714285714
32	http://www.tui.pl/wypoczynek/bulgaria/riwiera-bulgarska/hotel-esperanto-boj11006	0.04639175257731959	0.0	0.6	0.20930232558139536	0.0	0.0	0.0	0	0	0.3076923076923077	23	0.0	0.13043478260869565	1.7999999999999998	0.09473684210526316
33	http://folwarkdeweloper.pl/nieruchomosc/esperanto-inwestycja/	0	0.21428571428571427	0.6923076923076923	0	0.0	0	0	0	0	0	8	0.0	0.16666666666666666	0.0	0.28125
34	http://www.behindthename.com/names/usage/esperanto	0.0	1.0	0.6	0	0	0	0	0	0	0.0	11	0	0.23076923076923078	0.0	0.28125
35	http://www.theverge.com/2015/5/29/8672371/learn-esperanto-language-duolingo-app-origin-history	0.045454545454545456	0	0.0	0.0	0.0	0	0	0	0	0	7	2.58038794948982	0.10843373493975904	0.9	0.0
36	https://www.facebook.com/learn.esperanto/	0	0.0	0	0	0.0	0	0	0	0	0	1	0	0.3103448275862069	0.0	0.0
37	http://esperanto.org.uk/	0.14136125654450263	0	0.0	0	0	0	0	0	0	0.11946902654867257	38	0.23684210526315788	0.5294117647058824	0.0	0.20930232558139536
38	http://www.deesperanto.pl/dane-kontaktowe-telefon-mail-adres	0.15517241379310345	0	0.0	0	0.0	0	0	0	0	0	5	0.09183673469387756	0.1836734693877551	2.591304347826087	0.1875
40	http://esperanto.typeit.org/	0	0.1016949152542373	0.36	0	0	0	0	0	0	0.3727810650887574	34	0.0	0.42857142857142855	0.3103448275862069	0.33962264150943394
41	http://sjp.pwn.pl/slowniki/w%20esperanto.html	0.17647058823529413	0.8589058000822707	0	0	0	0	0.0	0	0	0.2647058823529412	38	0	0.23684210526315788	0.0	0.17647058823529413
42	http://esperanto.org/	0	0	0	0	0	0	0	0	0	0.09278350515463918	69	0	0.6428571428571429	0	0.6923076923076923
43	https://dobryslownik.pl/slowo/esperanto/70436/1/106757/	0.1443850267379679	0.0	1.0	0.0	0	0	0	0.0	0	0	2	0.0	0.19148936170212766	0.0	0.10975609756097561
44	http://www.sejm.gov.pl/sejm7.nsf/agent.xsp?symbol=ZESPOL&Zesp=252	0	0	0.1875	0.0	0	0	0	0	0	0	4	0.0	0.0	0.0	0.6428571428571429
45	http://www.polskieradio.pl/esperanto/Tag177231	0.17142857142857143	0.0	0	0.21428571428571427	0	0	0	0	0	0	8	0	0.2571428571428571	2.2132043734230447	0.3333333333333333
46	http://businessinsider.com.pl/lifestyle/edukacja/jezyk-esperanto-kto-go-uzywa/je8gbht	0.04390243902439024	0.0	0.15517241379310345	0.0	0.3475409836065574	0.0	0	0	0	0	40	0.5265177097353115	0.11538461538461539	0.09090909090909091	0.2903225806451613
47	http://www.uebersetzung.at/twister/eo.htm	0.08411214953271028	0	0.36	0.0	0	0	0	0	0	0	7	0.0	0.0	0	0.12
48	https://pl.wikiquote.org/wiki/Esperanto	0	0.0	1.0	0.0	0.0	0	0	0	0	0	32	0	0.2903225806451613	0.0	0.4090909090909091
49	http://www.bmtravel.pl/op?,ESPERANTO,16577,Bulgaria-,,,,,,,,,2,,,,samolot,50000	0.18	0.0	1.0	0	0	0	0	0	0	0.18	55	0	0.1323529411764706	0.0	1.0
50	http://www.esperanto-panorama.net/vortaro/eoen.htm	0	0	0.47368421052631576	0	0	0	0	0	0	0	1	0	0.23076923076923078	0	0.2903225806451613
51	http://www.fluentin3months.com/esperanto/	0	0.0	0.17307692307692307	0.4527950310559006	0.0	0.0	0.0	0	0	0	29	1.8289277748205766	0.3	0.0	0.05625
52	https://lingvo.org/traduku	0.09278350515463918	0	0	0	0	0	0	0	0	0.18181818181818182	20	0	0.0	0	0.45
54	http://www.dobreprogramy.pl/Kurso-de-Esperanto,Program,Windows,11716.html	0.07407407407407407	0.875	0.5	0.0	0.0	0	0	0	0	0.1	28	0.20736235566837494	0.14516129032258066	0.0	0.225
55	http://esperanto.stackexchange.com/	0.16363636363636364	0.25155823918971565	0.0	0	0.0	0.0	0	0	0	0	45	0	0.32142857142857145	0.0	0.2727272727272727
56	https://ankiweb.net/shared/decks/esperanto	0	0	1.0	0	0	0	0	0	0	0	0	0	0.2647058823529412	0	0.45
57	http://esperanto.szczecin.pl/	0.2571428571428571	0.0	0.0	0	0.0	0	0	0	0	0.5	5	0.669630027015117	0.4090909090909091	0	0.391304347826087
58	https://www.npmjs.com/package/esperanto	0.0	0	0	0	0.0	0	0	0	0	0	18	0.5476190476190476	0.3333333333333333	0.0	1.0
59	http://pages.ucsd.edu/~dkjordan/eo/colloq/colloq.html	0.16363636363636364	0	0.3103448275862069	0.0	0	0	0	0	0	1.0	8	0.0	0.0	0	0.16363636363636364
60	https://twitter.com/esperanto	0.24324324324324326	0.0	0	0.3333333333333333	0.47368421052631576	0.0	0	0	0	0	78	0.9709337349397591	0.42857142857142855	2.850840336134454	0.5625
61	https://www.esperanto.de/	0	0.1	0	0.5335658238884046	0	0	0	0	0	0	12	0.2408759670140866	0.6923076923076923	0.8658576206402293	0.16363636363636364
63	http://joemonster.org/art/36369	0.0	0.0	0.42857142857142855	0.0	0	0.0	0	0	0	0.3333333333333333	27	0	0.0	0.0	0.2571428571428571
64	http://esperanto.davidgsimpson.com/	0.23684210526315788	0	0	0	0	0	0	0	0	0.15517241379310345	99	0.0	0.32142857142857145	0	0.23684210526315788
65	http://odkryj.bialystok.pl/pl/turystyczne/szlak-esperanto-i-wielu-kultur	0	0	0	0	0.3	0.0	0	0	0	0	4	1.742493125286408	0.13846153846153847	0.3	0.17307692307692307
66	http://www.holidaycheck.pl/hi/15ce1675-65af-36e6-9cc0-92661fcaee1a	0.22959183673469388	4.017401215805471	0	1.0686519362989952	0	0	0	0	0	0.35121951219512193	6	0.0	0.0	1.2	0.1267605633802817
69	http://www.spolemwola.pl/index.php/sklepy/116-esperanto-12-sklep-nr-135	0	0	0	0	0	0	0	0	0	0	3	0.0	0.15	0.9868421052631579	0.17307692307692307
70	http://culture.pl/pl/artykul/190-wierszy-szymborskiej-w-esperanto	0.09090909090909091	0.0	0.25	0.0	0.0	0.0	0	0	0	0	10	0.5006064597134326	0.15517241379310345	0.16071428571428573	0.15254237288135594
71	http://www.npr.org/sections/goatsandsoda/2015/06/13/413968033/esperanto-is-not-dead-can-the-universal-language-make-a-comeback	0.04591836734693878	0.0	0.13636363636363635	0.2727272727272727	0.0	0	0	0	0	0	29	1.2086787470189932	0.0782608695652174	0.0	0.10112359550561797
72	http://esperantosaratoga.com/	0	0.0	0	0	0	0	0	0	0	0	4	0	0.4090909090909091	0	0.42857142857142855
74	http://esperantodocumentary.com/en/about-the-film	0	0	0.5	0	0.0	0	0	0	0	0.16071428571428573	12	0.2759431157078216	0.21428571428571427	0	0.0
75	http://www.centrumzamenhofa.pl/art,217,doctordoktoro-esperanto	0	0.0	0.16666666666666666	0.375	0.0	0	0	0	0	0	64	0.0	0.17647058823529413	0.10789368034121295	0.16666666666666666
76	http://seniorzy.wroclaw.pl/tag/esperanto	0	0.07470029243933166	1.0	0.0	0	0	0	0	0	0	127	0.21270572745227123	0.2727272727272727	0.8078186348535186	0.23076923076923078
77	https://www.theguardian.com/lifeandstyle/2003/jul/12/weekend.davidnewnham	0.03	0.0	0.3	0	0.0	0	0	0	0	0.0	5	0.9239605762581762	0.0	0.0	0.14516129032258066
79	http://wiki.openstreetmap.org/wiki/Key:esperanto	0	0.0	0.6923076923076923	0.0	0.0	0	0	0	0	0	14	0.0	0.225	0.0	0.2647058823529412
82	http://tejo.org/pl/evento/somera-esperanto-tendaro/	0	0	0.5	0.0	0.5	0	0	0	0	0	40	0.0	0.20454545454545456	0.5	0.5
83	https://www.e-podroznik.pl/15,188846,49187,188822,0,rozklad-jazdy-ztm-warszawa-linia-107-esperanto%2005.html	0.06521739130434782	0.0	0	0.0	0.0	0	0	0	0	0.0	5	0.0	0.09375	0.75	0.0891089108910891
84	https://europa.eu/youth/volunteering/project/995_pl	0	0.0	0.24324324324324326	0.0	0.0	0.0	0.0	0.0	0	0	13	0.024456521739130436	0.0	0.0	0.14516129032258066
85	http://wiadomosci.onet.pl/bialystok/bialystok-wystawa-na-podstawie-komiksu-o-zamenhofie-na-swiatowym-kongresie-esperanto/rzcxy8	0.07086614173228346	0.0	0.10588235294117647	0.0	0.0	0	0	0	0	0	22	0.32123272968455613	0.075	0.3926822336601	0.07377049180327869
86	http://www.booking.com/reviews/pl/hotel/esperanto-bialystok.pl.html	0.09183673469387756	0.0	0	0.0	0.0	0.0	0	0	0	0	3	0.0	0.16071428571428573	1.3567365801635265	0.14516129032258066
87	http://www.booking.com/hotel/pl/esperanto-bialystok.pl.html	0.057692307692307696	0.764647577092511	0	0.6913319238900635	0.6	0.0	0	0	0	0.14516129032258066	61	0.3137395825368912	0.1875	1.2	0.17307692307692307
88	http://www.springer.com/gp/book/9781352000191	0.058823529411764705	0.0	0.15254237288135594	0.0	0.0	0	0	0.0	0	0	1	0.190255904797909	0.0	0.0	0.10714285714285714
89	http://mdkwagrowiec.pl/wykad-v-doktor-esperanto.html	0.0	0.0	0	0.391304347826087	0.0	0	0	0	0	0.0	4	0.11392405063291139	0.2	0.0	0.391304347826087
90	http://www.trivago.pl/swidnica-113201/hotel/esperanto-1776351	0.07317073170731707	0.00800711743772242	1.0	0.0	0.0	0.0	0	0	0	0	7	0.0	0.18	1.0	0.23684210526315788
91	http://kuow.org/post/invented-language-esperanto-not-quite-dead-yet-0	0.12244897959183673	0.567032967032967	0.1956521739130435	0	0.0	0	0	0	0	0.0	32	0.45346139641182426	0.14516129032258066	0.0	0.12162162162162163
92	http://muzaiko.info/	0.0	0.0	0.0	0.0	0.0	0	0	0	0	0	11	0.0	0.0	0.0	0.0
93	http://www.ipernity.com/	0.0	0	0	0.0	0.0	0	0	0	0	0.0	5	0.0	0.0	0.0	0.0
94	https://archive.org/details/falconk_archivebot_www_esperanto-sumoo_strefa_pl_20170129	0	0.0	0.10465116279069768	0.0	0.0	0	0.0	0	0	0	1	0.0	0.11688311688311688	0.15789473684210525	0.08823529411764706
95	http://dolny-slask.org.pl/562770,Klodzko,Park_Esperanto.html	0.0	1.5956043956043957	0.6428571428571429	0	0.0	0	0	0	0	0.0	0	0	0.16981132075471697	0.0	0.13636363636363635
