index	url	description	div	h1	h2	h3	h4	h5	h6	inbound_links	keywords	outbound_links	p	root	span	title
1	https://www.youtube.com/watch?v=ajVoeX4eqIQ	0.225	0.0	0.0	0	0.0	0.0	0	0	0	0.3375	4	0.0	0.0	4.439024390243903	2.0
2	https://it.wikipedia.org/wiki/Invisible_(U2)	0	0.0	1.2857142857142858	0.0	0.0	0	0	0	0	0	18	0.0	0.5	4.791571232249199	0.6923076923076923
3	https://it.wikipedia.org/wiki/Invisible_(film)	0	0.0	1.125	0.0	0.0	0	0	0	0	0	31	0.0	0.47368421052631576	4.0	0.6428571428571429
4	http://www.dictionary.com/browse/invisible	0.4044943820224719	0.6428571428571429	0	0	0.6923076923076923	0	0	0	0	0.7058823529411765	27	0.0	0.5806451612903226	31.054477875066112	0.782608695652174
6	http://www.bbc.co.uk/taster/projects/invisible-italy	0.0	0.0	0.9	1.8	1.5	4.200000000000001	0.0	0	0	0	26	0.0	0.43902439024390244	0.9	0.5454545454545454
7	http://www.thesaurus.com/browse/invisible	0.14285714285714285	0.0	2.0	0.0	0	0	0	0	0	1.0746268656716418	14	0.4251968503937008	0.6	8.153846153846155	0.6666666666666666
8	http://www.imec.it/index.php/en/collections/invisible	0.0	0.0	0	0.0	0	0	0	0	0	0.0	1	0.0	0.42857142857142855	2.0	0.6923076923076923
9	https://soundcloud.com/invisiblerecordings	0.06923076923076923	0	0	1.0	0	0	0	0	0	0.0	4	0.9	0.5294117647058824	0	0.5714285714285714
10	https://www.merriam-webster.com/dictionary/invisible	0.48	0.0	2.0	9.102758943184476	0	0.0	0.0	0.0	0	0.1978021978021978	33	0.0	0.45	0.0	0.6666666666666666
11	http://www.azlyrics.com/lyrics/hunterhayes/invisible.html	0.12244897959183673	0.0	1.0	0	0	0	0	0	0	0.5294117647058824	17	0	0.391304347826087	0.0	0.5806451612903226
12	https://samsungvr.com/view/CD_zxGQlQ_1	0.9473684210526315	0	0	0	0	0	0	0	0	0	0	0	0.0	0	0
13	https://samsungvr.com/channels/580783652b45ee001afdd6b5	0.5	0	0	0	0	0	0	0	0	0	0	0	0.0	0	0
14	http://dictionary.cambridge.org/it/pronuncia/inglese/invisible	0.375	0.0	0.5625	2.0	0	0	0	0	0	0.14754098360655737	22	0.0	0.32727272727272727	0.3	0.3
15	https://www.ninjatune.net/artist/the-invisible	0.0	0.0	2.769230769230769	0.0	0	0.0	0	0	0	0.0	38	1.6533507280903472	0.5294117647058824	0.0	0.5142857142857142
16	http://99percentinvisible.org/about/the-show/	0	0.23376623376623376	0	0.0	0.4864864864864865	0.0	0	0	0	0	68	2.0691834058740532	0.47368421052631576	0.21176470588235294	0.75
17	https://invisiblegirlfriend.com/	0.0	0.0	0.9	0.5806451612903226	0.0	0.0	0	0	0	0	3	0.4186046511627907	0.75	0.0	0.9
18	http://biogenfutur.es/	0	1.3846153846153846	0	0	0.0	0.0	0	0	0	0	49	0.782608695652174	0.0	2.0	2.0
19	https://myspace.com/theinvisiblemovie	0.4153846153846154	0.0	0.0	0.0	0.0	0.0	0	0.0	0	0.0	2	0.0	0.6206896551724138	0.0	0.9310344827586207
20	http://www.invisibledenardi.it/	0	0.0	0	0	0	0	0	0	0	0	8	0.0	0.9	2.8287894616741793	1.0
21	https://www.theguardian.com/technology/2017/jan/26/vanishing-point-rise-invisible-computer	0.0	0.0	0.7058823529411765	0.0	0	0	0	0	0	0.0	7	0.0	0.23076923076923078	0.0	0.22784810126582278
23	http://deweyhagborg.com/projects/invisible	0.0	0	2.0	0	0	0	0	0	0	0	1	0.20454545454545456	0.5142857142857142	0	0.5454545454545454
24	https://vimeo.com/170289015	0.0	0.0	2.0	0	0	0.0	0	0	0	0	5	0.0	0.0	0.0	1.0
25	https://invisiblechildren.com/our-story/	0.0	0	0	0.0	0	0.0	0.0	0	0	0	9	0.055384615384615386	0.5625	1.0	0.6
26	http://www.kartell.com/it/tavolo_cod20000034ql.html	0.04657179818887452	2.02365308804205	0.0	0.0	0.0	0	0	0.0	0	0.21428571428571427	16	0.0	0.0	2.0	0.3157894736842105
27	http://www.wordreference.com/enit/invisible%20ink	0.21176470588235294	0.0	0.0	0	1.3846153846153846	0	0	0	0	0	5	1.3846153846153846	0.47368421052631576	1.6897001303780965	0.3157894736842105
28	http://detectinvisible.com/	0.2872340425531915	0.0	0	0.0	0.0	0	0	0	0	0.63	1	3.4211263225530484	0.9	0.0	0.5
29	https://invisible.institute/about/	0	0.0	0	0	0	0	0	0	0	0	19	0.17648730579765062	0.6923076923076923	0.782608695652174	0.6666666666666666
30	http://invisiblebread.com/	0	0.0	0	0.5961538461538461	0	0	0	0	0	0.0	12	0.0	0.9473684210526315	0.0	0.4864864864864865
31	http://invisibleproject.org/	1.0588235294117647	0.08430913348946135	0	0	0.0	1.8720238095238093	0	0	0	0.0	32	0.42691671263099834	0.8571428571428571	0.04904632152588556	0.75
32	http://isinvisible.com/	0.2903225806451613	0	0.0	0	0	0	0	0	0	0	31	0.0	1.125	0	1.5
33	https://www.netent.com/en/game/the-invisible-man/	0.06498194945848375	0	1.0588235294117647	0	0.0	0.0	0	0	0	0	9	0.21001221001221	0.4864864864864865	0.0	0.42857142857142855
34	https://www.amazon.com/Invisible-Man-Ralph-Ellison/dp/0679732764	0.26865671641791045	0.3549190535491905	0	0.0	0.0	0	0.0	0	0	0.060810810810810814	36	0.0	0.34615384615384615	4.683257918552036	0.2857142857142857
35	https://www.invisible.ru/	0.0	0.0	0	0	0	0	0	0	0	0.0	1	0.0	1.3846153846153846	0.0	0.4
36	https://www.ted.com/talks/john_lloyd_an_animated_tour_of_the_invisible	0.0	0.6206896551724138	0	0	0.0	0.0	0	0	0	0.0	0	0.0	0.3103448275862069	0.5454545454545454	0.2727272727272727
37	http://www.soundsblog.it/post/245955/u2-invisible-testo-traduzione-e-video-ufficiale	0.21428571428571427	0.0	0.3673469387755102	2.8159663865546216	0.0	0.0	0.0	0	0	0	68	0.0	0.2465753424657534	0.0	0.34615384615384615
38	https://exposingtheinvisible.org/	0	0.0	0.0	0	0.0	0	0	0	0	0	2	0.22503151701919036	0.72	4.0	0.8181818181818182
39	https://www.facebook.com/invisibledinburgh/	0.23076923076923078	1.7847709949259	0	0	0	0	0	0	0	0	0	0.6566401971522453	0.5806451612903226	1.0271231658514894	0.5625
40	https://stat.ethz.ch/R-manual/R-devel/library/base/html/invisible.html	0	0.0	0	0.5294117647058824	0.0	0	0	0	0	0	5	0.35294117647058826	0.2903225806451613	0	0.4864864864864865
41	http://www.northernspysoftware.com/software/invisible	0.0	0	1.3846153846153846	0	0.0	0	0	0	0	0.13740458015267176	0	0.8585514261470333	0.42857142857142855	0	0.1935483870967742
42	http://bilboa.it/linea/invisible/	0	0.0	0.0	0	0.0	0	0	0	0	0	4	0.0	0.6923076923076923	0.0	0.72
43	http://www.thefreedictionary.com/invisible	0.43902439024390244	1.2467532467532467	2.0	24.0	0	0	0	0	0	0.2918918918918919	142	0.0	0.5806451612903226	36.94457417317575	0.6206896551724138
44	https://www.pxurbanwear.com/products/invisible-backpack	0.0	0.07114624505928854	1.0	0.0	2.0	0.0	0	0.0	0	0	6	0.057692307692307696	0.4186046511627907	1.382608695652174	0.782608695652174
45	https://twitter.com/theinvisible3	0.3564356435643564	0.0	0	0.72	0.5454545454545454	0.0	0	0	0	0	82	5.4381294379892555	0.72	6.53476761701157	0.9
46	https://it.calzedonia.com/product/collant-invisible-coprenti-50-denari-senza-cuciture-premium/161435.uts	0.12949640287769784	0.0	0.7058823529411765	0	0	0.0	0	0	0	0	43	0.0	0.1875	0.35294117647058826	0.28125
47	http://reference.wolfram.com/language/ref/Invisible.html	0.20224719101123595	0.0	2.0	0	0	0	0	0	0	0.4864864864864865	166	0	0.3673469387755102	0.0	2.0
48	https://www.lovable.it/donna/best-seller/invisible/	0	0.0	0	0.0	0	0.0	0	0	0	0	24	0.0	0.46153846153846156	11.204205877894518	0.9473684210526315
49	https://plan-international.org/because-i-am-a-girl/counting-invisible-girls	0.06545454545454546	0.06545454545454546	0.6428571428571429	1.6363636363636365	0.0	0	0	0	0	0	30	0.39878836450068234	0.26865671641791045	0.0	0.3673469387755102
50	https://www.invisiblecreature.com/	0	0.0	0	0.0	0	0	0	0	0	0	5	0.36	0.8181818181818182	0.0	1.0
51	http://www.manuinvisible.com/	0.0861244019138756	0.0	0	0	0	0	0	0	0	0.0	1	0	1.0	0	0.32142857142857145
52	http://www.thewebitaly.it/testi/invisible_man.php	0.0	0	0.0	0	1.0588235294117647	0	0	0	0	0.06293706293706294	19	1.6228287841191067	0.47368421052631576	0.0	0.2465753424657534
53	http://www.cisalfasport.it/invisible.html	0	0.0	2.0	0.1	0.0	0.0	0	0	0	0	8	0.0	0.6	2.0	0.72
54	http://www.othersidesofaustin.com/	0.32727272727272727	0	0	0.9473684210526315	0	0	0	0	0	0.3773946360153257	0	0.0	0.0	0	0.9473684210526315
55	https://itunes.apple.com/us/podcast/99-invisible/id394775318?mt=2	0.18947368421052632	0.0	1.3846153846153846	0.0	0.0	0.0	0	0	0	0.3	12	0.31866566716641676	0.3157894736842105	42.96290732917129	0.4864864864864865
56	https://en.wiktionary.org/wiki/invisible	0	0.0	2.0	0.0	0.0	0	0	0	0	0	92	0.0	0.5625	0.0	0.8181818181818182
57	https://www.kickstarter.com/projects/1748303376/99-invisible-season-4-weekly	0.17733990147783252	0.0	0.0	0.0	0.0	0.0	0	0.0	0	0	20	5.454978491921647	0.28125	0.1487603305785124	0.4090909090909091
58	http://www.sparknotes.com/lit/invisibleman/	0.1016949152542373	0	0	0.0	0.0	0.0	0	0.0	0	0.21951219512195122	58	0.0	0.5625	0.0	0.72
59	http://www.lathatatlan.hu/en/	0.0	0.0	0	0	0.9473684210526315	0.0	0	0	0	0.0	15	1.3952883191150907	0.0	0.6206896551724138	0.0
60	http://invisibleflock.com/	0	0	0	0	0.0	0	0	0	0	0	4	0.35294117647058826	0.9473684210526315	0.0	1.2
61	https://www.jauntvr.com/press-releases/invisible/	0	0	0.0	0.0	0	0	0	0	0	0	5	0.3458885941644563	0.4864864864864865	0.144	0.0
62	http://www.givemesport.com/973576-memphis-depay-appears-invisible-in-lyon-lineup-on-tv	0.0	0.0	2.0	1.0588235294117647	0.0	0.0	0	0	0	0.0	15	0.0	0.24	0.0	2.0
63	https://www.reddit.com/r/InvisibleBicycles/	0.0	0.0	0.0	0.0	0.0	0	0	0	0	0.0	6	0.0	0.5806451612903226	0.9	1.0
64	http://www.soundsinvisible.com/	0	0	0	0.0	0.0	0	0	0	0	0	2	0.3673469387755102	0.9	2.0	0.9473684210526315
65	https://invisible.io/	0.0	0	0.5	0.3157894736842105	0.0	0	0	0	0	0.26865671641791045	6	2.696258707839199	1.3846153846153846	0.72	2.0
66	http://www.noene-italia.com/prodotti/sp01/	0.17647058823529413	0.0	0.9473684210526315	0.0	0.0	0	0	0	0	0	6	0.23684210526315788	0.0	5.68421052631579	2.5714285714285716
67	https://thenewinquiry.com/essays/invisible-images-your-pictures-are-looking-at-you/	0	0.0	0.35294117647058826	0.0	0	0	0	0	0	0	11	0.5077000553327063	0.24	0.0	0.7058823529411765
68	http://www.magickeys.com/books/invis-allig/	0.13953488372093023	0.0	0	0	0	0	0	0	0	0.08530805687203792	2	0.0	0.0	0.0	0.2608695652173913
69	http://invisiblevrseries.com/	0.0	0	0	0.0	0	0	0	0	0	0	6	0.07964601769911504	0.8181818181818182	0.0	2.0
70	https://www.instagram.com/explore/tags/invisible/	0.3050847457627119	0	0	0	0	0	0	0	0	0	0	0	0.4864864864864865	0	0.45
71	http://www.bartleby.com/1003/	0.5142857142857142	0.0	0	0	0	0	0	0	0	0.5142857142857142	2	0	0.0	0	0.5142857142857142
72	http://www.imvisible.info/	0.2656826568265683	0.0	0	0.0	0.0	0	0	0	0	0.6242774566473989	1	2.540617108857039	0.0	0.0	0.5142857142857142
73	http://www.30ninjas.com/project/invisible/	0	0.0	0.0	0.6206896551724138	0	0	0	0	0	0	7	2.179132219404054	0.5806451612903226	0	0.43902439024390244
74	https://invisible-cities.org/	0.12244897959183673	0	0.0	0	0.0	0	0	0	0	0	10	0.4972972972972973	0.8571428571428571	0.46153846153846156	0.35294117647058826
75	http://www.invisibleplayground.com/	0	0	2.0	0	0	0	0	0	0	0	0	0.0	0.75	0.0	0.9
77	https://invisibledisabilities.org/what-is-an-invisible-disability/	0	0.0	0.5625	0	0.0	0	0	0	0	0	29	1.1480435429731382	0.6206896551724138	8.716569286185035	0.48
78	https://rain.works/invisiblespray/	0	0.0	1.7142857142857142	0	0.0	0.10975609756097561	0	0	0	0	0	0.0	0.6923076923076923	3.6	1.2
79	http://theinvisibledog.org/	0	0.0	0	0	0	0.0	0	0	0	0	9	0.6075225825920851	0.9	0.0	0.6428571428571429
80	http://trentofestival.it/edizione-2016/programma/film/k2-and-the-invisible-footmen/	0	0	0.6428571428571429	0.0	0.0	0.0	0	0	0	0	21	0.6428571428571429	0.23684210526315788	0.0	0.33962264150943394
81	https://www.producthunt.com/@rrhoover/collections/invisible-apps	0.11320754716981132	0.0	1.2857142857142858	0.0	0	0	0	0	0	0	0	0	0.34615384615384615	1.8473684210526315	0.4090909090909091
82	https://www.vocabulary.com/dictionary/invisible	0.21301775147928995	0.391304347826087	2.0	0.0	0.0	0	0	0	0	0	5	0.0	0.5142857142857142	2.0	0.36
83	http://www.invisible.careers/	0.0	0.0	1.0588235294117647	0	0	0	0	0	0	0	17	0.11538461538461539	1.0	2.43343653250774	1.0588235294117647
84	http://www.mycore.it/?modelli=invisible	0	6.0	0	0.0	0.72	0	0	0	0	0.0	30	0	0.6428571428571429	0.0	0.46153846153846156
85	http://invisibledust.com/	0.08181818181818182	0.8571428571428571	0	0	0	0	0	0	0	0	4	0	1.0	0.0	0.5806451612903226
86	https://invisibleboyfriend.com/faq	0.0	0.0	0.9473684210526315	0	1.8971760797342192	0.0	0	0.0	0	0	18	0.3604132697352058	0.6923076923076923	0.0	0.9473684210526315
87	http://invisiblegirlproject.org/	0	0	0.0	0.0	0.0	0	0	0	0	0	11	1.4323308270676691	0.72	2.0	1.6363636363636365
88	http://www.starkey.com/hearing-aids/invisible-hearing-aids	0.24161073825503357	0	1.2	0.0	0.0	0.0	0	0	0	0.29508196721311475	11	0.0	0.3829787234042553	0.4090909090909091	0.5901639344262295
89	http://cinemainvisible.org/	0	0.0	0	1.44	0.0	0	0	0	0	0	1	0.3047629727302272	0.9	0.0	0.72
90	http://invisible-borders.com/	0	0	0	0	0.0	0.2647058823529412	0	0	0	0	5	0.0	0.8181818181818182	0.0	1.0588235294117647
91	http://www.giochidislots.com/it/slot-machines/the-invisible-man	0	0.0	0.6	0.25	0	0.0	0	0	0	0	1	0.04627249357326478	0.34615384615384615	1.0588235294117647	0.3333333333333333
92	http://www.bruno-latour.fr/virtual/index.html	0	0	0	0	0	0	0	0	0	0	0	0	0.0	0	0.782608695652174
93	http://www.dyaqua.it/invisiblesolar/_it/index.php	0.21428571428571427	0.0	0.0	0.0	0.0	0	0	1.2	0	0.0	16	0.9158529295940325	0.47368421052631576	0	0.8181818181818182
94	http://metro.co.uk/2017/01/28/manchester-united-flop-memphis-depay-endures-disappointing-first-start-for-lyon-6412421/	0.0	0.0	0.0	0	0.0	0	0	0	0	0	17	2.5625	0.0	0.0	0.18556701030927836
95	http://www.spaziogames.it/recensioni_videogiochi/console_pc/17808/invisible-inc.aspx	0	0.6206896551724138	0	0	0.0	0	0	0	0	0	14	0	0.2465753424657534	0.0	0.391304347826087
