index	url	description	div	h1	h2	h3	h4	h5	h6	inbound_links	keywords	outbound_links	p	root	span	title
1	https://en.wikipedia.org/wiki/Puddling_furnace	0	0.0	0.0	0.0	0.0	0	0	0	0	0	28	0.1649425287356322	0.0	0.0	0.0
2	https://en.wikipedia.org/wiki/Puddling_furnace	0	0.0	0.0	0.0	0.0	0	0	0	0	0	28	0.1649425287356322	0.0	0.0	0.0
3	https://en.wikipedia.org/wiki/Iron_puddler	0	0.0	0.5833333333333334	0.0	0.0	0	0	0	0	0	7	0.09722222222222222	0.20588235294117646	0.0	0.2916666666666667
4	http://www.puddlershall.com/	0.04861111111111111	0.08333333333333333	0	0	0	0	0	0	0	0	5	0	0.4117647058823529	0.0	0.5
5	http://www.thefreedictionary.com/puddlers	0.125	0.17073170731707318	0.0	0.0	0	0	0	0	0	0.11538461538461539	183	0.0	0.23333333333333334	11.375	0.25
6	https://sites.lafayette.edu/vast265-sp12/steelopedia/m-p/puddling/	0	0	0.0	0.0	0.0	0	0	0	0	0	2	1.8822031248618123	0.0	0.0	0.0
7	https://www.yelp.com/biz/puddlers-hall-milwaukee	0.05714285714285714	0.0	0.5384615384615384	0.0	0.5671368861024033	0.0	0	0	0	0.0	60	2.6168278496599564	0.19444444444444445	0.5384615384615384	0.07865168539325842
9	http://www.geekswhodrink.com/venue?id=518932	0	0.0	0.0	0	0	0	0	0	0	0	59	0.21361391070007732	0.0	0.0	0.3333333333333333
10	http://urbanmilwaukee.com/2013/03/31/taverns-the-141-year-history-of-puddlers-hall/	0	0.0	0.18421052631578946	0	0.0	0	0	0	0	0	10	0.02557172678398582	0.09210526315789473	0.0	0.14893617021276595
11	http://explorepahistory.com/odocument.php?docId=1-4-127	0	0.0	0	0	0	0	0	0	0	0	17	0	0.0	0	0
12	https://en.wiktionary.org/wiki/puddlers	0	0.0	0.875	0.0	0.0	0	0	0	0	0	4	0	0.22580645161290322	0.0	0.3333333333333333
14	https://www.beeradvocate.com/beer/profile/34280/126672/	0.03867403314917127	0.0	0.4375	0	0.0	0	0	0.0	0	0.06930693069306931	23	0	0.0	0.14	0.11290322580645161
15	https://www.youtube.com/watch?v=BDf2qpLQrNc	0.0	0.0	0.0	0	0.0	0.0	0	0	0	0.0	3	0.0	0.0	3.1400673400673402	0.7777777777777778
16	http://stanrogers.net/the-music/song-archive/the-puddlers-tale/	0	0.0	0.6363636363636364	0.6363636363636364	0	0.0	0.0	0	0	0	14	0.0	0.125	0.0	0.17073170731707318
17	https://onmilwaukee.com/bars/articles/puddlershallreopens.html	0.03932584269662921	0.0	0.14	0.0	0.0	0.0	0	0	0	0.09722222222222222	31	0.5576559131701309	0.12962962962962962	0.0	0.10144927536231885
19	http://www.conshohockenbrewing.com/thecorebeers/	0.0	0	0.0	0	0	0	0	0	0	0	9	0.5075000000000001	0.0	0.0	0.0
20	http://forums.proletariat.com/t/daily-assignment-help-colossus-colossi-infectors-puddlers/2832	0.03804347826086957	0	0	0	0	0	0	0	0	0	8	0.0	0.08045977011494253	0.0	0.1044776119402985
21	http://www.slideshare.net/rajeshdebnath545/puddlers	0.125	0.0	0	0	0.0	0.0	0.0	0	0	0	27	0.125	0.175	1.75	0.875
23	https://untappd.com/b/borough-brewery-puddlers-peril/1086176	0.051094890510948905	0.0	0.5	0	0.0	0	0	0	0	0	3	0.0	0.1346153846153846	0.0	0.16666666666666666
24	http://timschlosstaxidermy.com/album1/	0	0.0	0.875	0	0	0	0	0	0	0	4	0.0	0.0	0.0	0.7
25	http://www.yourdictionary.com/puddler	0.30434782608695654	0.0	0	2.1272727272727274	0.0	0.19444444444444445	0	0	0	0.19021739130434784	6	0.0	0.2692307692307692	1.0	0.2978723404255319
26	http://www.adirondackalmanack.com/2010/05/butterfly-behavior-what-is-puddling.html	0	0.0	0	0.0	0	0	0	0	0	0	82	0.025031871494135646	0.0	0.0	0.0
27	https://www.beermenus.com/beers/55041-conshohocken-puddlers-row	0.05223880597014925	0	0.28	0.0	0.0	0.0	0	0	0	0	5	0.0	0.13725490196078433	0.0	0.2
28	https://twitter.com/puddlersarms?lang=en	0.05785123966942149	0.0	0	0.2916666666666667	0.3181818181818182	0.0	0	0	0	0	76	1.0993486590038315	0.21875	2.223737373737374	0.358974358974359
29	http://worldzombination.wikia.com/wiki/Puddler	0.0	0.0	1.0	0.0	0.0	0	0	0	0	0.11864406779661017	41	0.08641975308641975	0.1794871794871795	0.0	0.1206896551724138
30	https://www.vocabulary.com/dictionary/puddler	0.0	0.0	1.0	0.0	0.0	0	0	0	0	0	5	0.0	0.21212121212121213	1.0	0.14583333333333334
31	http://www.necn.com/news/new-england/_NECN__The_Butterfly_Puddler__Does_It_Work__NECN-252591571.html	0.0	0.09333333333333334	0.19444444444444445	0.0	0.0	0	0.0	0	0	0.061946902654867256	19	0.19444444444444445	0.07865168539325842	0.0	0.1590909090909091
32	http://www.fieldandstream.com/articles/hunting/2015/10/hunting-small-water-puddle-ducks-how-to-downsize-when-puddlers-avoid-big	0.0	0	0.0875	0.0	0	0	0	0	0	0	21	0.021739130434782608	0.0603448275862069	0.0	0.07954545454545454
33	http://www.tulsaworld.com/sportsextra/outdoors/worldaroundyou/the-world-around-you-butterflies-are-puddlers-as-well-as/article_ad1f4e4f-bc31-5e32-9a32-74fb82141d7f.html	0.0	0.0	0	0.0	0.0	0.0	0	0	0	0.034482758620689655	16	0.04516129032258064	0.044585987261146494	0.09859154929577464	0.061946902654867256
35	http://www.zoopla.co.uk/for-sale/property/darlaston/puddlers-grove/	0.0625	0.16666666666666666	0.0	0.0	0.0	0.09210526315789473	0.10294117647058823	0	0	0	39	0.0	0.125	0.16666666666666666	0.1037037037037037
36	https://github.com/jbuchbinder/songbook/blob/master/The%20Puddler's%20Tale%20-%20Stan%20Rogers.pro	0.0	0.0	0	0.0	0	0	0	0	0	0	2	0	0.07777777777777778	0.0	0.35
37	http://www.network54.com/Forum/444667/thread/1283792645/last-1284072427/Butterfly+Puddlers	0	0.0764802406673048	2.297979797979798	0	0	0	0	0	0	0	4	0.0	0.08860759493670886	0.0	0.2
38	https://www.geocaching.com/seek/cache_details.aspx?guid=d934e23d-1e60-4bc4-8950-65ad73e9cb09	0.05526315789473684	0.0	0	0	0.0	0.0	0	0	0	0	33	0.017543859649122806	0.0	0.3888888888888889	0.07692307692307693
39	http://www.cannonbeach.org/businesses/Shop/Non-Profit-Organizations/Palette-Puddlers	0	0.0	0.4375	0.0	0.0	0	0	0	0	0	15	0.03139013452914798	0.0958904109589041	0.0	0.16279069767441862
40	http://www.wj.com.au/mining/wetpuddler.html	0	0.5112682595806993	0.3181818181818182	0	0	0	0	0	0	0	5	0.3193191869902343	0.21875	0	0.3181818181818182
41	http://www.ducks.org/media/puddler-magazine	0	0.0	0.4375	0.0	0	0.0	0	0	0	0	4	0.6233019281332165	0.21875	0	0.4375
42	http://www.fritzkeck.com/products/the-puddlers	0.0	0	0.5833333333333334	0.0	0.0	0.0	0	0	0	0	3	0.0	0.2	0.0	0.5833333333333334
44	http://www.teresahaag.com/product-page/953f6451-69dd-068f-0892-9c8a01a78ad3	0	0	0	0	0	0	0	0	0	0	0	0	0.0	0	0.0
45	https://www.facebook.com/PuddlersArms/	0.045454545454545456	0.28	0	0	0	0	0	0	0	0	0	0.0	0.2692307692307692	0.5384615384615384	0.2916666666666667
46	https://bayviewcompass.com/puddlers-cottage-historic-designation-ceremony-june-18/	0.0	0	1.0	0	0	0.0	0	0	0	0.0	1	0.022222222222222223	0.0945945945945946	0	1.0
47	http://www.davidbarnes.info/a-puddlers-tale	0.0	0.0	0	0	0	0	0	0	0	0.0	1	0	0.21875	0.4666666666666667	0.08235294117647059
48	http://www.hugheswelding.com/agriculture/ditchers-puddlers/	0.0	0	0	0	0	0	0	0	0	0.10903426791277258	3	0.0	0.14583333333333334	1.75	0.28
49	http://www.urbandictionary.com/define.php?term=puddling	0	0.0	0	0	0.0	0	0	0	0	0	135	0.0	0.0	0.0	0.0
50	http://www.dictionary.com/browse/puddle	0.0	0.0	0	0	0.0	0	0	0	0	0.0	26	0.0	0.0	1.75	0.0
51	http://pghmurals.com/The-Puddler-aka-Joe-Magarac-376.cfm	0.06930693069306931	0	0	0	0	0	0	0	0	0.11475409836065574	14	0.2621054544361527	0.14285714285714285	0	0.07
52	http://www.refugeforums.com/refuge/threads/mixing-diver-puddle-decoys.658507/	0.046052631578947366	0.04093567251461988	0.0	0	0.0	0	0	0	0	0	134	0.0	0.0	0.0	0.0
53	https://www.taphunter.com/beer/conshohocken-puddlers-row/4808393539715072	0.0707070707070707	0	0.28	0	0	0.0	0	0	0	0	10	0.0	0.11475409836065574	0.0	0.5833333333333334
54	http://www.bbc.co.uk/news/uk-wales-south-east-wales-22110980	0.0	0.0	0.1346153846153846	0.0	0.0	0	0	0	0	0	21	0.05343511450381679	0.0	0.10144927536231885	0.1111111111111111
55	https://www.scientificamerican.com/article/strike-of-pittsburg-puddlers/	0	0.0	0.25	0.0	0	0	0	0	0	0	12	0.0	0.11666666666666667	0.0	0.14
56	http://morethanthecurve.com/conshohocken-brewing-co-s-puddlers-row-esb-won-silver-at-international-beer-competition/	0	0.0	0	0.1111111111111111	0	0.0	0	0	0	0	37	0.0	0.06422018348623854	0.0	0.07954545454545454
57	http://www.baseball-reference.com/register/team.cgi?id=4e25ea83	0.0	0.0	0.2916666666666667	0.0	0.0	0	0	0	0	0	20	0.0	0.0	0.2916666666666667	0.0958904109589041
59	https://www.starbucks.com/store-locator/store/1007014/consett-puddlers-corner-dt-puddlers-corner-durham-eng-dh-8-5-xp-gb	0	2.1777836848012284	0.25	0	0	0	0	0	0	0	3	0.25	0.12962962962962962	0.6095238095238096	0.12962962962962962
60	http://www.skitts.net/properties-for-sale/property/7059502-puddlers-grove-wednesbury	0.0	0.0	0.2692307692307692	0	0.0	0	0	0	0	0.0	17	0.0	0.0958904109589041	0.2692307692307692	0.14285714285714285
61	https://www.starbucks.co.uk/store-locator/store/1007014/consett-puddlers-corner-dt-puddlers-corner-durham-eng-dh-8-5-xp-gb	0	2.1777836848012284	0.25	0	0	0	0	0	0	0	1	0.25	0.12727272727272726	0.6095238095238096	0.12962962962962962
62	http://www.zillow.com/homedetails/8-Puddlers-Ln-Salisbury-CT-06068/57818492_zpid/	0.04827586206896552	0.07159055329329775	0.5	0.0	0.0	0.0	0.0	0.0	0	0	9	0.0	0.1	4.900353669319186	0.1590909090909091
63	http://www.tradeindia.com/fp874611/Puddlers.html	0.112	0.10486891385767791	0	0.0	0.0	0	0	0	0	0.19444444444444445	12	0.0	0.1891891891891892	0.0	0.1076923076923077
64	http://store.post-gazette.com/divinity-cart/item/keck-pudd/the-puddlers-1950s/1.html	0.35	0	0	0	0.0	0	0	0	0	0.0	19	0.0	0.09090909090909091	0.7	0.22580645161290322
65	http://kidwellyindustrialmuseum.org.uk/?page_id=463	0	0	0.1346153846153846	0.0	0.0	0	0	0	0	0	2	0.2413793103448276	0.0	0.0	0.1346153846153846
66	https://www.streetcheck.co.uk/postcode/ne225gz	0.045454545454545456	0.0472972972972973	0.1320754716981132	0	0.0	0.0	0	0	0	0.046052631578947366	24	0.615932492548457	0.0	0.0	0.0958904109589041
67	http://puddlersarms.com/	0	0.0	0.0	0	0.0	0	0	0	0	0	5	0.0	0.4117647058823529	0	0.5384615384615384
68	http://www.beeryard.com/beer/detail.cfm?id=4135	0	0.0	0	0	0.0	0	0	0	0	0	4	0	0.0	0.08433734939759036	0.08433734939759036
69	https://www.rubylane.com/item/168085-DCKS5/Vintage-Vincent-Giannetto-Farm-Pond-Puddlers	0.04895104895104895	0.0	0.11475409836065574	0	0	0.0	0	0	0	0.05384615384615385	4	0.008928571428571428	0.09333333333333334	0.0	0.07291666666666667
70	http://www.192.com/places/ts/ts6-6/ts6-6tx/	0.06451612903225806	2.824430789225393	0	0.0	0	0	0	0	0	0	3	0.0	0.0	0.0	0.08333333333333333
71	http://www.theherald.com.au/story/3135117/the-ducks-new-puddlers/	0.0	0.0	0.5	0	0.0	0	0	0	0	0	7	0.17030541559759924	0.12962962962962962	0.0	0.21212121212121213
72	https://www.ncbi.nlm.nih.gov/pmc/articles/PMC512588/	0	0.0	0.875	0.0	0	0	0	0.0	0	0	9	0	0.0	0.0	0.09859154929577464
73	https://www.lofty.com/products/the-iron-puddlers-ca-1942-1-2osl4	0.04375	0.0	0.5185185185185185	0	0.0	0.0	0	0	0	0	7	0.28943167305236267	0.1346153846153846	0.0	0.25925925925925924
74	http://www.dailyastorian.com/CBG/guide/20160523/palette-puddlers-to-hold-annual-memorial-day-art-show-and-sale	0.07692307692307693	0.0	0.11290322580645161	0.0	0	0.0	0	0	0	0	110	0.38885834264825836	0.0707070707070707	0.0	0.0707070707070707
75	https://www.angieslist.com/companylist/us/nv/henderson/mud-puddlers-inc-reviews-4017592.htm	0.06796116504854369	0.5833333333333334	0.4375	0.175	0.0	0.0	0	0.0	0	0	12	0.0	0.08860759493670886	0.0	0.1320754716981132
76	https://www.edmonton.ca/activities_parks_recreation/mud-puddlers-camp-preschool.aspx	0.0	0	0.4117647058823529	0.0	0	0	0	0	0	0	0	0.0	0.09722222222222222	0.0	0.1891891891891892
77	http://www.jacducks.com/cork-decoys/	0	0	0.875	0.12280701754385964	0.0	0	0	0	0	0.0	0	0.04093567251461988	0.0	0	0.14
78	http://puddlershall.com.s42600.gridserver.com/events/event/open-jam-with-the-milwaukee-guitar-club/	0	0.0	0.0	0.0	0	0	0	0	0	0	2	0.04861111111111111	0.07608695652173914	0.0	0.16279069767441862
79	http://www.authorstream.com/Presentation/maniyahoo-812949-puddlers/	0.19444444444444445	0.0	0	0.0	1.3222222222222222	0	0	0	0	0	9	0.0	0.125	0.0	0.30434782608695654
80	http://www.carstensindustries.com/puddler.html	0	0.09859154929577464	0	0	0	0	0	0	0	0	0	0	0.2	1.0	0.2413793103448276
81	http://www.palettepuddlers.com/	0	0	0	0	0	0	0	0	0	0	0	0	0.35	0	0
82	http://www.hoduckdecoys.com/puddlers.html	0	0	0	0	0	0	0	0	0	0	9	0.0	0.23333333333333334	0.0	0.875
83	http://www.walesonline.co.uk/news/wales-news/landmark-puddlers-bridge-merthyr-tydfil-2582959	0.05511811023622047	0.0	0.0	0.05511811023622047	0	0.0	0.0	0	0	0.0	18	0.058823529411764705	0.08641975308641975	0.07291666666666667	0.0673076923076923
84	http://www.realtree.com/the-duck-blog-with-joe-balog/choosing-waterfowl-loads-and-chokes-puddlers-in-potholes	0.0	0	0.12280701754385964	0.0	0	0.0	0.0	0	0	0	18	0.06363636363636363	0.07142857142857142	0.0	0.10294117647058823
85	https://www.bedlington.co.uk/forums/topic/6332-the-puddlers-return/	0.0457516339869281	0.3684210526315789	0	0.0	0	0.0	0.0	0	0	0	7	0.872744178572395	0.12727272727272726	0.0	0.12280701754385964
86	http://www.coastweekend.com/cw/visual/20160831/palette-puddlers-move-annual-show-sale-to-astoria	0.0945945945945946	0.0	0.14	0.0	0	0.0	0.0	0	0	0	57	0.2699012443102541	0.08235294117647059	0.0	0.09333333333333334
87	http://www.coastweekend.com/cw/visual/20150902/palette-puddlers-hold-annual-labor-day-art-show	0.09859154929577464	0.0	0.14893617021276595	0.0	0	0.0	0.0	0	0	0	60	0.6019805681771845	0.08433734939759036	0.0	0.09722222222222222
88	http://www.tolovanainn.com/news/the-palette-puddlers-schedule-labor-day-art-exhibit-in-cannon-beach/	0	0	0.10294117647058823	0	0.0	0.0	0	0	0	0	7	0.06595041322314049	0.07865168539325842	0.0	0.20294117647058824
89	https://commons.wikimedia.org/wiki/File:Puddlers_Arms,_Rhymney_-_geograph.org.uk_-_1101062.jpg	0	0.0	0.11864406779661017	0.0	0.0	0	0	0	0	0	16	0.0	0.08235294117647059	0.12962962962962962	0.08860759493670886
90	http://www.joesixpack.net/2015/02/03/sixpack-of-the-week-conshohocken-puddlers-row-esb/	0	0.0	0.0	0	0.0	0	0	0	0	0	5	0.0	0.09210526315789473	0.14	0.14
