index	url	description	div	h1	h2	h3	h4	h5	h6	inbound_links	keywords	outbound_links	p	root	span	title
1	http://www.urbandictionary.com/define.php?term=summering	0	0.16666666666666666	0	0	0.0	0	0	0	0	0	39	0.0	0.13333333333333333	0.0	0.2222222222222222
2	http://www.dictionary.com/browse/summering	0.05333333333333334	0.89924184342789	0	0	0.23076923076923078	0	0	0	0	0.23529411764705882	18	0.16666666666666666	0.1935483870967742	19.330414215901193	0.2608695652173913
3	https://en.wiktionary.org/wiki/summering	0	0.0	0.6666666666666666	0.0	0.0	0	0	0	0	0	9	0	0.1875	0.0	0.2727272727272727
4	http://www.slate.com/articles/life/gentleman_scholar/2014/06/summering_a_guide_to_being_a_good_guest_and_euro_vacation_stickers.html	0.0	0.0	0.17647058823529413	0.13953488372093023	0	0	0	0	0	0.04081632653061224	21	0.0	0.049586776859504134	0.0	0.08695652173913043
5	http://www.thefreedictionary.com/summering	0.10600706713780919	1.1905750654509344	1.0	15.0	0	0	0	0	0	0.0972972972972973	120	0.0	0.1935483870967742	10.681644502477289	0.20689655172413793
6	http://www.bbc.com/culture/story/20160825-why-medalling-and-summering-are-so-annoying	0.0	0.0	0.1276595744680851	0.0	0.0	0	0	0	0	0.0	12	1.5062722507452178	0.08108108108108109	0.0	0.09523809523809523
7	https://www.youtube.com/watch?v=YP9f5OdxESY	0.11320754716981132	0.0	0.0	0	0.0	0.0	0	0	0	0.11538461538461539	4	0.0	0.0	4.067115056095421	0.3870967741935484
8	https://www.youtube.com/watch?v=X95o_H3ksTs	0.17475728155339806	0.0	0.0	0	0.0	0.0	0	0	0	0.075	4	0.3333333333333333	0.0	1.6607836607836606	0.1935483870967742
9	https://thebronzedchorus.bandcamp.com/album/summering	0.020833333333333332	0.0	0	0.6666666666666666	0.0	0	0	0	0	0	30	0.0	0.13333333333333333	0.0	0.2
10	https://vimeo.com/85283906	0.0	0.0	0.6666666666666666	0	0	0.0	0	0	0	0	0	0.0	0.0	0.0	0.3333333333333333
11	https://www.wordnik.com/words/summering	0.3	0	0.6666666666666666	0.0	0.0	0.0	0	0	0	0	5	0.0	0.2222222222222222	0.0	0.17647058823529413
12	http://exclaim.ca/music/article/summering-summering_album_stream	0.04	0.0	0	0	0.0	0	0	0	0	0.1276595744680851	8	0	0.21052631578947367	0.8974358974358974	0.3333333333333333
13	https://soundcloud.com/summering	0.02857142857142857	0	0	0.3333333333333333	0	0	0	0	0	0.0	4	0.0	0.25	0	0.15
14	http://www.throughthetollbooth.com/2016/06/16/summering/	0	0	0.6666666666666666	0	0.0	0	0	0	0	0	9	0	0.13333333333333333	0.1901190616967381	0.18181818181818182
15	http://www.yourdictionary.com/summering	0.24	0	0	0.7719298245614035	0.0	0.15789473684210525	0	0	0	0.15463917525773196	6	0.0	0.21428571428571427	0.6666666666666666	0.23529411764705882
16	https://twitter.com/hashtag/summering?lang=en	0.0	0.0	0.6	0.0	0.0	0.0	0	0	0	0	70	0.75	0.16216216216216217	0.0	0.20689655172413793
17	https://twitter.com/search?q=%23summering	0.0	0.0	0.6	0.0	0.0	0.0	0	0	0	0	70	0.75	0.18181818181818182	0.0	0.2222222222222222
18	http://www.nytimes.com/2008/04/16/greathomesanddestinations/16gh-rio.html	0	0.0	0.14285714285714285	0.0	0.0	0	0	0	0	0.0	2	0.0	0.0	0.0	0.09523809523809523
19	https://www.instagram.com/p/BIYrSM8hSX0/	0.0	0	0	0	0	0	0	0	0	0	0	0	0.0	0	0.0
20	http://www.synonymer.se/?query=summering	0.06741573033707865	0.14634146341463414	0.25	0	0	0	0	0	0	0	28	0	0.20689655172413793	0.0	0.15384615384615385
21	http://www.marthastewart.com/1117680/quick-summer-sides-so-you-can-get-back-summering	0.04081632653061224	0.0	0.22641509433962265	0.0	0.0	0.0	0.0	2.4571017712027703	0	0	44	0.0	0.16216216216216217	0.24	0.17142857142857143
22	https://open.spotify.com/album/7pUjJ5ZB2dKuppL1VdBCBN	0	0.0	0.0	0	0	0	0	0	0	0	1	0.6666666666666666	0.0	0	0.11764705882352941
23	http://www.goldflakepaint.co.uk/review-get-utterly-lost-in-summerings-electrifying-debut/	0	0	0	0.5714285714285714	0	0	0	0	0	0	10	0.0	0.07692307692307693	0.0	0.15789473684210525
24	https://noisey.vice.com/en_us/article/summering-vancouver-band-2015	0.12244897959183673	0.5454545454545454	0	0	0.15384615384615385	0	0	0	0	0.1016949152542373	0	0.08391352706449247	0.1016949152542373	0.01875	0.3
25	https://supportpay.com/summering-single-parent/	0	0.42857142857142855	0.21428571428571427	0	0.0	0	0	0.0	0	0	3	0.02643171806167401	0.15384615384615385	0.21428571428571427	0.21428571428571427
26	https://no.wikipedia.org/wiki/Ces%C3%A0ro-summering	0	0.0	0.375	0.0	0.0	0	0	0	0	0	25	0.16216216216216217	0.13953488372093023	0.0	0.21428571428571427
27	http://www.nowtopians.com/technology/summering	0.0	0	0	0.6666666666666666	0.0	0	0	0	0	0	38	0.21332627104625432	0.17142857142857143	0.0	0.2857142857142857
28	http://en.bab.la/dictionary/swedish-english/summering	0.05825242718446602	1.0	0.13953488372093023	0.1875	0.13636363636363635	0.0	0.0	0	0	0.1935483870967742	72	0.0	0.13043478260869565	0.0	0.08955223880597014
29	http://beckiowens.com/summering-in-seaside/	0.07692307692307693	0.0	0.3	0	0.0	0.0	0	0	0	0	33	0.1926430949738386	0.16666666666666666	0.0	0.3
32	https://www.lonelyplanet.com/thorntree/forums/americas-central-america/costa-rica/summering-in-costa-rica	0.0375	0.0375	0.2608695652173913	0	0	0	0	0.0	0	0	11	0.024096385542168676	0.06451612903225806	0.2608695652173913	0.2608695652173913
33	http://www.thehindu.com/features/metroplus/Summering-with-stories/article14378310.ece	0.024	0.0	0.5454545454545454	0.024	0	0	0	0	0	0.0	28	0.06381455339251199	0.08108108108108109	0.0	0.17647058823529413
34	http://www.dict.cc/englisch-deutsch/summering.html	0.06521739130434782	0.5	0.0	0	0	0	0	0	0	0.045112781954887216	33	0	0.15384615384615385	0.0	0.14285714285714285
35	http://oursavorylife.com/summering-neighboring/	0.020338983050847456	0.0	0.6666666666666666	0	0.0	0	0	0	0	0.09090909090909091	21	0.4877179936662646	0.15	0.0	0.6666666666666666
36	http://www.livetradingnews.com/summering-in-london-12568.html	0	0.0	0.3157894736842105	0	0.0	0.0	0	0	0	0.06666666666666667	5	0.4944741458248331	0.12	0.0	0.15384615384615385
37	http://outerbanksmagazine.net/summering-on-cottage-row/	0	0	0.25	0	0.0	0.0	0	0	0	0	8	0.18232370943743437	0.125	0.2222222222222222	0.1276595744680851
38	http://www.biodiversitylibrary.org/bibliography/26167	0.0	0.0	0.0	0	0.0	0	0.0	0	0	0	38	0.0625	0.0	0.0625	0.043478260869565216
39	http://www.athenaadvisers.com/journal/why-summering-in-the-alps-is-back/	0.0	0	0.18181818181818182	0	0	0	0	0	0	0.5454545454545454	3	0.13565774625434	0.09836065573770492	0.18181818181818182	0.08695652173913043
40	https://www.facebook.com/events/503201299872403/	0	0	0	0	0	0	0	0	0	0	1	0	0.0	0.0	0.23076923076923078
41	http://blog.zzounds.com/2016/02/11/summering-interview/	0.047619047619047616	0.0	0.25	0.0	0.0	0	0.3	0.0	0	0	47	0.08431372549019608	0.125	0.0	0.13333333333333333
43	http://www.massvacation.com/nosummerregrets/	0.11688311688311688	0.0	0.3333333333333333	0.39293139293139295	0.0	0	0	0	0	0.22429906542056074	7	0.0	0.18181818181818182	0.42857142857142855	0.26666666666666666
44	http://blog.workingin.com/2015/12/christmas-summering-and-mummering-in-canada-australia-and-new-zealand/	0	0.0	0.1	0	0.0	0	0.0	0	0	0	7	0.0794716084958683	0.061855670103092786	0.09230769230769231	0.1
45	http://www.ahbl.ca/students/programs-applying/summer-student-program/	0	0	0.2727272727272727	0.0	0.20689655172413793	0	0	0	0	0	4	0.23967473967473968	0.10344827586206896	0.6666666666666666	0.125
46	http://xgames.espn.com/xgames/gallery/13664664/	0.0	0.0	0.41379310344827586	0.0	0	0	0	0	0	0	25	0.15306122448979592	0.0	0.0	0.20689655172413793
47	https://www.jstor.org/stable/1364783	0	0.0	0.06741573033707865	0.0	0	0	0	0	0	0	2	0.0	0.0	0.0	0.061224489795918366
48	http://short-toed-eagle.net/tag/summering/	0.0	0	0	0.0	0.0	0	0	0	0	0.0	24	0.0	0.17142857142857143	0.16233766233766234	0.6666666666666666
49	http://uniter.ca/view/summering-in-the-city	0.0	0	0.2857142857142857	0.0	0.0	0	0	0	0	0	9	0.6320782996816946	0.16666666666666666	0	0.2857142857142857
50	https://www.williamreesecompany.com/pages/books/WRCAM2462/john-collier-photographer-charles-harrington/summering-in-colorado	0.0	0	0.0	0.0	0.0	0.0	0	0	0	0	4	0.0	0.05357142857142857	0.2727272727272727	0.08571428571428572
51	https://gravesendgazette.com/2016/07/17/summering-in-sheepshead-bay/	0.017595307917888565	0.0	0	0	0.0	0	0	0	0	0	7	0.07228915662650602	0.1	0.0	0.11764705882352941
53	https://www.matematikk.org/trinn8-10/tekstnott.html?tid=105074	0	0	0.21428571428571427	0.0	0.0	0	0	0	0	0	9	0.5365384615384615	0.0	0.0	0.35294117647058826
54	https://cdict.net/q/Summering	0.35294117647058826	0	0	0	0	0	0	0	0	0.13636363636363635	0	0	0.2857142857142857	0.0	0.2727272727272727
55	http://tyda.se/search/summering	0.2912621359223301	0.375	0	0	0	0	0.0	0	0	0.0	6	0	0.25	5.576257076257076	0.3191489361702128
56	http://www.clatl.com/news/article/13061335/summering-at-the-flop-house	0.0	0.0	0.2222222222222222	0.0	0.0	0	0	0	0	0	27	0.0	0.1016949152542373	0.0	0.2222222222222222
57	https://peakmtgnw.com/summering-in-ne-portland-eat-shop-and-do/	0.03896103896103896	0.0	0.14285714285714285	0.0	0	0	0	0	0	0	62	0.07281625024591777	0.10909090909090909	0.0	0.06315789473684211
58	http://www.genoatangomarathon.com/?page_id=2221&lang=en	0	0.0	0.6	0.0	0.0	0.0	0	0	0	0	19	0.0	0.0	0.0	0.17142857142857143
59	http://georgeleosanders.com/sculpture/summering/	0	0	0	0	0	0	0	0	0	0	0	0	0.14634146341463414	0	0.2
60	http://www.huffingtonpost.com/2014/04/24/summer-in-alaska_n_5191652.html	0.0	0.17375000000000002	0.09375	0.0	0	0	0	0	0	0.0	41	0.21506479614131288	0.09836065573770492	0.0	0.06976744186046512
61	http://www.svenskafans.com/spanien/summering-ett-ar-med-zidane-vid-rodret-564302.aspx	0.0	0.0	0.13333333333333333	0.0	0	0	0	0	0	0	4	0	0.08108108108108109	0.0	0.06896551724137931
62	http://www.everythingsummer.com/blog/summering-with-an-open-mind-passion-discovery-and-	0.0	0.0	0.34501642935377874	0	0	0	0	0	0	0	7	0.46301083985913366	0.15789473684210525	0	0.07228915662650602
63	http://lipstickvoice.com/summering-in-sweden/	0.04054054054054054	0	0	0	0.0	0.0	0.0	0	0	0	8	0.10909090909090909	0.15789473684210525	0.33835355483975865	0.3157894736842105
64	http://www.ondarock.it/recensioni/2016_thebronzedchorus_summering.htm	0.0	0.0	0.0	0.6666666666666666	0	0	0	0	0	0.0	12	0.0	0.10344827586206896	0.0	0.1016949152542373
65	https://www.timeout.com/newyork/blog/if-youre-summer-ing-in-the-hamptons-theres-a-helicopter-for-that-051616	0.0	0.0	0.08955223880597014	0	0.0	0.0	0	0	0	0	14	0.0	0.0625	0.0	0.16666666666666666
66	http://www.papercitymag.com/culture/art-of-summer-aspen-fleeing-heat-culture-guide/	0.038461538461538464	0.0	0	0.11320754716981132	0.0	0.0	0.0	0.0	0	0	22	0.0	0.08333333333333333	0.0	0.11320754716981132
67	http://indianexpress.com/photos/entertainment-gallery/mallika-sherawat-is-summering-in-france-bikini-high-heels-and-high-fashion-2911132/	0.0	0.0	0.6666666666666666	0	0.0	0.0	0	0	0	0.0	18	0.03689653999251523	0.046153846153846156	0.6666666666666666	0.6666666666666666
68	http://ajax-mats.blogspot.com/2016/11/summering.html	0	0.0	0	0.0	0.6666666666666666	0	0	0	0	0	11	0	0.13333333333333333	0.0	0.3
69	http://www.llnyc.com/stories/summering-in-the-city	0.0	0.0	0.2857142857142857	0	0.0	0	0	0.2857142857142857	0	0.0	4	0.01812688821752266	0.15384615384615385	0.0	0.0
70	https://travsd.wordpress.com/2016/07/26/summering-in-newport/	0.0	0.0	0	0.3	0.0	0	0	0	0	0	48	0.01929260450160772	0.11320754716981132	0.0	0.17647058823529413
71	http://polarisen.se/glaciarer/mer-fakta/isrorelse-och-isdynamik/summering/	0	0	0.6666666666666666	0	0.0	0	0	0	0	0	5	0.0	0.08955223880597014	0.6666666666666666	0.2857142857142857
72	http://www.glaholt.com/summer-students_2.html	0.027522935779816515	0.0	0.25	0	0	0	0	0	0	0.027522935779816515	19	0.06060606060606061	0.17647058823529413	0.25	0.06060606060606061
73	http://www.citr.ca/discorder/jancember-2015-2016/summering/	0.012412081092263137	0	0.6666666666666666	0	0.0	0.0	0	0	0	0	10	0.6758974358974359	0.125	1.3817539754755406	0.16216216216216217
74	http://irinakolenda.com/summering-in-fall/	0	0.0	0	0	0.35294117647058826	0.0	0	0	0	0	23	0.03680981595092025	0.17142857142857143	0.35294117647058826	0.17142857142857143
75	https://www.researchgate.net/publication/263380458_Summering_in_Japanese_hill_stations_An_analysis_of_villa_ownership_in_modern_Karuizawa	0.041379310344827586	0.03470764617691154	0.06896551724137931	0.0	0	0	0	0	0	0.0	36	0.0	0.048	0.0	0.06896551724137931
76	http://www.ordkollen.se/stavning/sumering-eller-summering/	0.08955223880597014	0	0.25	0.0	0	0.0	0	0	0	0.25	2	0.0	0.1276595744680851	0	0.10909090909090909
77	http://www.thesaurus.com/browse/summering	0.047619047619047616	0.0	0.6666666666666666	0.0	0	0	0	0	0	0.3582089552238806	14	0.10945273631840796	0.2	2.625888168056843	0.2222222222222222
78	http://www.johannesskanskskidakare.se/summering-2016/	0	0	0.4	0	0.0	0	0	0	0	0	7	0.04	0.14285714285714285	0.0	0.11320754716981132
79	http://blogg.mama.nu/cissiwallin/2016/07/08/summering/	0.0	0.0	0	0	0.0	0	0.0	0	0	0	29	0.0	0.1276595744680851	0.0	0.6
80	http://www.citypass.com/blog/summering-kids-sunny-seattle	0.00967741935483871	0.0	0.14634146341463414	0.0	0.0	0.0	0.0	0	0	0	13	0.07317073170731707	0.13043478260869565	0.0	0.0821917808219178
81	http://news.harvard.edu/gazette/story/2014/10/summering-with-work-in-mexico/	0.02390438247011952	0.1935483870967742	0	0.1935483870967742	0.0	0	0	0	0	0.0	34	0.25006770226522806	0.08695652173913043	0.0	0.12244897959183673
82	http://me.chriswebb.info/cometothelandoftheiceandsnow/	0	0.0	0	0.0	0.0	0	0	0	0	0	47	0.0	0.0	0.0	0.07058823529411765
83	http://www.musicvice.com/reviews/live/summering-at-bovine-sex-club-toronto-100515	0.0410958904109589	0.0	0.1111111111111111	0	0.0	0	0	0	0	0.17142857142857143	15	0.21026147901877976	0.08571428571428572	0.0	0.1111111111111111
84	http://www.wakethedeaf.co.uk/2015/03/13/summering-preview-self-titled-debut-album/	0.06896551724137931	0.0	0.14634146341463414	0.0	0.0	0	0	0	0	0.30927835051546393	13	0.0	0.08450704225352113	0.0	0.14634146341463414
85	http://wanderingnation.com/summering-in-maine-again/	0.039603960396039604	0.0	0.25	0	0.0	0	0	0	0	0.0	34	0.11390851408514086	0.13333333333333333	0.25	0.25
86	http://www.bowdenisms.com/2016/08/life-lately-summer-ing.html	0	0.0	0	0	0.2608695652173913	0.0	0	0	0	0	60	0.07894736842105263	0.12	0.056074766355140186	0.17142857142857143
87	http://www.borattupplysning.se/wp_sttips/budget-steg-4-intakter-summering/	0	0.0	0	0.15	0.15	0	0	0	0	0	4	0.42857142857142855	0.09523809523809523	0.6	0.15
88	http://www.dolcesalato.com/blog/2016/06/20/summering/	0	0.0	0	0	0	0	0	0	0	0	3	0.0	0.14285714285714285	0.2	0.13636363636363635
89	http://www.klippensteins.ca/summering-articling-overview	0	0.0	0.21428571428571427	0	0	0	0	0	0	0	0	0.08823529411764706	0.13333333333333333	0.0	0.13636363636363635
90	https://www.behance.net/gallery/4969729/Summering	0	0	0	0	0	0	0	0	0	0	0	0	0.16216216216216217	0	0.0
91	http://pichu90.deviantart.com/art/Summering-543844950	0.07272727272727272	0.16666666666666666	0	0	0.0	0	0	0	0	0.0	196	0	0.13043478260869565	0.02830188679245283	0.17647058823529413
92	http://bedfordandbowery.com/2016/05/deitch-your-plans-coney-art-walls-return-with-new-artists-and-food-vendors/	0	0.0	0.08333333333333333	0.0	0.0	0.0	0	0	0	0	23	0.0	0.0	0.0	0.08333333333333333
