index	url	description	div	h1	h2	h3	h4	h5	h6	inbound_links	keywords	outbound_links	p	root	span	title
1	http://www.ci.adelanto.ca.us/	0.3076923076923077	0.16842105263157894	0.0	0.25	0.0	0	0	0	0	0.2077922077922078	21	0.09195402298850575	0.47058823529411764	2.4902246292619106	0.18604651162790697
2	https://en.wikipedia.org/wiki/Adelanto,_California	0	0.0	0.4	0.0	0.0	0	0	0	0	0	78	1.0062822571901462	0.2	1.0580645161290323	0.14545454545454545
3	http://www.ci.adelanto.ca.us/index.asp?SEC=84899A9F-C21D-4497-81DC-F4DEB2B263F3&Type=B_BASIC	0.3076923076923077	0.16842105263157894	0.0	0.0	0.0	0	0	0	0	0.2077922077922078	134	0	0.1	2.0603910413819415	0.13114754098360656
4	https://www.mapquest.com/us/ca/adelanto-282020379	0.07272727272727272	0.0	0.4	0	0.0	0	0	0	0	0	2	0.0975609756097561	0.23529411764705882	0.0	0.4
5	http://www.aesd.net/	0	0.0	0	0.0	0	0.022792022792022793	0	0	0	0	7	0.22857142857142856	0.0	0.1566101987154619	0.10666666666666667
6	http://www.city-data.com/city/Adelanto-California.html	0.21621621621621623	0.0	0	0	4.475299755293368	0	0	0	0	0	437	6.867601588436435	0.1951219512195122	0.4	0.04371584699453552
7	http://www.vvdailypress.com/news/adelanto	0.27586206896551724	0.0	0.0	0.0	0.0	0.0	0	0	0	0	106	0.0	0.2857142857142857	0.0	0.17777777777777778
8	http://www.zillow.com/adelanto-ca/	0.05128205128205128	0.02332485427278774	0.34782608695652173	0	0	0.8444444444444444	0.0	0.0	0	0	101	0.0	0.38095238095238093	34.682788006697656	0.2711864406779661
9	http://www.spanishcentral.com/translate/adelanto	0.061068702290076333	0.0	0.0	0.0	0	0	0	0	0	0.0	14	0.0	0.22857142857142856	7.538729489319396	0.13559322033898305
10	http://www.topix.com/city/adelanto-ca	0.09876543209876543	1.377537175845844	0.6153846153846154	0	0	0.0	0.0	0	0	0	31	1.1563887093298857	0.3333333333333333	1.6153846153846154	0.42105263157894735
11	http://www.topix.com/state/ca	0.0	0.0	0.0	0	0	0.0	0.0	0	0	0	28	0.0	0.0	0.0	0.0
12	http://www.topix.com/county/san-bernardino-ca	0.0	0.0	0.0	0	0	0.0	0.0	0	0	0	28	0.0	0.0	0.0	0.0
13	http://www.wordreference.com/definicion/adelanto	0.21621621621621623	0.0	0.0	0	1.8888888888888888	0	0	0	0	0	15	0.11764705882352941	0.22857142857142856	0.6122117668280072	0.1951219512195122
14	http://www.homes.com/for-sale/adelanto-ca/	0.0916030534351145	0.47058823529411764	0.26666666666666666	0.2857142857142857	0.4444444444444444	0	0	0	0	0.08791208791208792	8	0.09375	0.2857142857142857	15.0	0.5588059701492537
15	http://es.thefreedictionary.com/adelanto	0.16326530612244897	0.2	1.0	19.88888888888889	0	0	0	0	0	0	109	0.0	0.25	16.044987197931434	0.34782608695652173
16	http://www.realtor.com/realestateandhomes-search/Adelanto_CA	0.0	0.0	0	0.0	0	0	0	0	0	0	92	0.0	0.1702127659574468	0.0	0.0
17	http://www.realtor.com/realestateandhomes-search/California	0.0	0.0	0	0.0	0	0	0	0	0	0	92	0.0	0.0	0.0	0.0
18	https://www.ice.gov/detention-facility/adelanto-detention-facility	0.0	0.18181818181818182	0.2962962962962963	0.0	0.0	0	0	0	0	0	33	0.0	0.15384615384615385	1.0	0.24242424242424243
19	https://www.justice.gov/eoir/adelanto-immigration-court	0	0.0	0.3076923076923077	0.0	0.0	0.19047619047619047	0	0	0	0	23	0.2871661429693637	0.1951219512195122	0.0	0.14035087719298245
20	https://www.trulia.com/CA/Adelanto/	0.06201550387596899	21.307511436022402	0.2857142857142857	0.17777777777777778	0	0	0.0	0	0	0	4	0.0	0.4	0.0	0.32
21	http://www.adelanto.fr/	0.07766990291262135	0.0	1.0	0.15384615384615385	0	0	0.0	0.0	0	0.0	9	0.0	0.7272727272727273	0.0	0.8888888888888888
22	http://www.wordreference.com/es/en/translation.asp?spen=adelantar	0.0	0.0	0.0	0	0.0	0	0	0	0	0	41	0.0	0.0	0.0	0.0
23	http://www.spanishdict.com/translate/adelanto	0.07766990291262135	2.888888888888889	1.0	0	0	0.0	0	0	0	0	70	0	0.25	11.082365631617058	0.15384615384615385
24	http://www.spanishdict.com/translate/adelanto	0.07766990291262135	2.888888888888889	1.0	0	0	0.0	0	0	0	0	70	0	0.25	11.082365631617058	0.15384615384615385
25	http://www.century21.com/real-estate/Adelanto-CA/LCCAADELANTO/	0.1889763779527559	4.000000000000001	0.34782608695652173	1.7114624505928853	0.0	0.0	0	0	0	0.21818181818181817	27	0.0	0.3404255319148936	3.733333333333333	0.4866359447004608
26	http://www.century21.com/real-estate/california/LSCA/	0.0	0.0	0.0	0.0	0.0	0.0	0	0	0	0.0	27	0.0	0.0	0.0	0.0
27	http://www.century21.com/real-estate/adelanto-ca/LCCAADELANTO/	0.1889763779527559	4.000000000000001	0.34782608695652173	1.7114624505928853	0.0	0.0	0	0	0	0.21818181818181817	27	0.0	0.3404255319148936	3.733333333333333	0.4866359447004608
28	https://en.wikipedia.org/wiki/Adelanto,_California	0	0.0	0.4	0.0	0.0	0	0	0	0	0	78	1.0062822571901462	0.2	1.0580645161290323	0.14545454545454545
29	http://www.apartmenthomeliving.com/adelanto-ca	0.09876543209876543	0.5299145299145299	0.0	0.4267425320056899	0.21052631578947367	0.7948051948051947	0	0	0	0	194	0.10957731013441319	0.23529411764705882	0.2222222222222222	0.37209302325581395
30	http://ahs.vvuhsd.org/	0	0.21052631578947367	1.0	0	0.4	0	0	0	0	0	13	0	0.0	0.0	0.25
31	http://www.accuweather.com/en/us/adelanto-ca/92301/weather-forecast/2167820	0.09523809523809523	0.0	0.6666666666666666	0.0	0.32	0.0	0.0	0	0	0.11940298507462686	185	0.0	0.13793103448275862	0.5	0.1509433962264151
32	http://www.accuweather.com/en/us/united-states-weather	0.0	0.0	0.0	0.0	0.0	0.0	0.0	0	0	0.0	160	0.0	0.0	0.0	0.0
33	http://www.accuweather.com/en/us/ca/california-weather	0.0	0.0	0	0.0	0.0	0.0	0.0	0	0	0	208	0.0	0.0	0.0	0.0
34	http://www.sbcounty.gov/sheriff/patrol/AdelantoPD.asp	0	0.0	0	0.0	0.0	0	0	0	0	0	760	0.0	0.20512820512820512	5.026413979830002	0.0
35	http://www.burrtec.com/adelanto	0	0.0	0	1.0	0	0	0	0	0	0	5	0.18181818181818182	0.42105263157894735	0.0	0.4444444444444444
36	http://digital-desert.com/adelanto-ca/	0.0963855421686747	0.0	0.4	0.9210526315789473	0	0	0	0	0	0	61	0	0.27586206896551724	0	0.6666666666666666
37	http://www.indeed.com/l-Adelanto,-CA-jobs.html	0.10526315789473684	0.26666666666666666	0	0.0	0	0	0	0	0	0.30939226519337015	3	0.0	0.23529411764705882	2.0	0.17777777777777778
38	http://www.indeed.com/l-Adelanto,-CA-jobs.html	0.10526315789473684	0.26666666666666666	0	0.0	0	0	0	0	0	0.30939226519337015	3	0.0	0.23529411764705882	2.0	0.17777777777777778
39	http://www.movoto.com/adelanto-ca/	0.20689655172413793	0.027972027972027972	0.23529411764705882	0.45714285714285713	0	0	0	0	0	0	129	0.0	0.38095238095238093	52.8	0.32
40	http://www.movoto.com/sitemap/ca/	0.0	0.0	0.0	0.0	0.0	0	0	0	0	0	169	0.0	0.0	0.0	0.0
41	http://www.aesd.net/parents	0	0.0	0.0	0.0	0.0	0	0	0	0	0	36	0.22857142857142856	0.0	0.0	0.1702127659574468
42	https://www.redfin.com/city/58/CA/Adelanto	0.12030075187969924	28.048766494549643	0.4	1.4350055741360088	0.0	0	0	0	0	0	18	0	0.3076923076923077	9.912990508094076	0.32
43	https://www.redfin.com/states/CA	0.0	0.0	0.0	0	0.0	0	0	0	0	0	84	0.0	0.0	0.0	0.0
44	https://www.redfin.com/county/338/CA/San-Bernardino-County	0.0	1.1428571428571428	0.0	0.0	0.0	0	0	0	0	0	17	0	0.0	0.0	0.0
45	http://www.greatschools.org/california/adelanto/	0.11188811188811189	2.4615384615384617	0.5	0.0	0.0	0.0	0	0	0	0.3393939393939394	18	0.0	0.23529411764705882	4.666666666666667	0.21621621621621623
46	http://www.greatschools.org/california/	0.0	0.0	0.0	0.0	0.0	0.0	0	0	0	0.0	30	0.0	0.0	0.0	0.0
47	http://california-sales-tax-rate.insidegov.com/l/4/Adelanto	0.08791208791208792	1.4444444444444444	0	0.38095238095238093	0.0	0	0	0.0	0	0.0	85	0.9404291588270034	0.16326530612244897	1.062289871019011	0.21052631578947367
48	http://www.adelantochamber.com/	0.1509433962264151	0.14285714285714285	0	0	0.618921308576481	0.0	0.2857142857142857	0	0	0.46153846153846156	9	0.0	0.42105263157894735	0.4645550527903469	0.21052631578947367
49	http://www.realtor.com/realestateandhomes-search/Adelanto_CA/pg-3	0.0	0.0	0	0.0	0	0	0	0	0	0	92	0.0	0.1568627450980392	0.0	0.0
50	http://www.realtor.com/realestateandhomes-search/California	0.0	0.0	0	0.0	0	0	0	0	0	0	92	0.0	0.0	0.0	0.0
51	http://www.realtor.com/realestateandhomes-search/Adelanto_CA	0.0	0.0	0	0.0	0	0	0	0	0	0	92	0.0	0.1702127659574468	0.0	0.0
52	https://adelanto.eschoolsolutions.com/	0	0	0	0	0	0	0	0	0	0	0	0	0.27586206896551724	0	0
53	http://www.greatschools.org/california/adelanto/schools/	0.11764705882352941	3.6227759402058597	0.12903225806451613	0	0	0	0	0	0	0	109	0.0	0.1951219512195122	1.0	0.3076923076923077
54	http://www.greatschools.org/california/	0.0	0.0	0.0	0.0	0.0	0.0	0	0	0	0.0	30	0.0	0.0	0.0	0.0
55	http://www.greatschools.org/california/adelanto/	0.11188811188811189	2.4615384615384617	0.5	0.0	0.0	0.0	0	0	0	0.3393939393939394	18	0.0	0.23529411764705882	4.666666666666667	0.21621621621621623
56	http://www.eladelanto.com/	0	0.0	0.0	0.0	0.0	0	0	0	0	0	3	0.0	0.5714285714285714	0.0	0.0
57	http://www.homes.com/rentals/adelanto-ca/	0.0851063829787234	0.0	0.2962962962962963	0.838095238095238	0.4444444444444444	0	0	0	0	0.08	11	0.10989010989010989	0.2962962962962963	14.0	0.19047619047619047
58	http://www.drhorton.com/California/Victorville/Adelanto.aspx	0	0.0	0.8888888888888888	0.8888888888888888	0.0	0	0	0	0	0	9	0.0	0.17391304347826086	0.0	0.15384615384615385
59	http://www.drhorton.com/California.aspx	0	0.0	0.0	0.0	0.0	0.0	0	0	0	0	9	0.0	0.0	0.0	0.0
60	http://www.drhorton.com/California/Victorville.aspx	0	0.0	0.0	0.0	0.38095238095238093	0	0	0	0	0	15	0.0	0.0	0.0	0.0
61	http://www.recovery.org/browse/adelanto-ca/	0.05714285714285714	0.32225063938618925	0.12121212121212122	0.13333333333333333	0.0	0.20512820512820512	0	0	0	0	15	0.0836983448082692	0.27586206896551724	2.0	0.20512820512820512
62	http://www.molinahealthcare.com/members/common/en-US/abtmolina/business/mmc/Pages/ca/adelanto.aspx	0	0.0	0	2.0	0.0	0	0	0	0	0	21	0.0	0.10256410256410256	1.0	0.4444444444444444
65	http://www.apartments.com/adelanto-ca/	0.04819277108433735	9.447908614532494	0.2857142857142857	0.21621621621621623	0.0	0.0	0.0	0	0	0.125	82	0.04838709677419355	0.32	0.0	0.1509433962264151
66	http://mavericksadelantogp.com/	0.0730593607305936	0.0	0.42105263157894735	0	0	0	0	0	0	0.0	1	0.05955334987593052	0.34782608695652173	0	0.15384615384615385
67	http://www.zillow.com/adelanto-ca/rent-houses/	0.05405405405405406	0.0225046291167487	0.2962962962962963	0	0	0.0	0.0	0.0	0	0	105	0.4862869002261252	0.25	28.097283860335637	0.1568627450980392
68	http://www.rvparkreviews.com/regions/california/adelanto/adelanto-rv-park	0.17647058823529413	0.0	0.47058823529411764	0	0.0	0.0	0.0	0	0	0.3446153846153846	113	0.34544329203394425	0.27586206896551724	4.880714817572601	0.2962962962962963
70	https://www.storagedirect.com/facility-details/115/storage-direct-adelanto.aspx	0.05714285714285714	0.0	0	0.0	0.0	0.3333333333333333	0	0	0	0	23	0.0	0.125	0.36363636363636365	0.26229508196721313
71	https://en.wikipedia.org/wiki/Adelantado	0	0.0	0.0	0.0	0.0	0	0	0	0	0	28	0.0	0.0	0.0	0.0
72	http://www.rent.com/california/adelanto-houses/74-1548	0.050314465408805034	0.0	0.25806451612903225	0.3076923076923077	0.0	0.0	0	0.0	0	0	9	2.9473684210526314	0.2	8.0	0.15384615384615385
73	http://www.rent.com/california/1-19	0.0	0.0	0.0	0.0	0.0	0	0	0.0	0	0	9	0.0	0.0	0.0	0.0
74	https://realore.com/games/pc/adelantado-trilogy-book-one/	0.0	0.0	0.0	0.0	0	0.0	0	0	0	0	18	0.0	0.0	0.0	0.0
75	http://aes.aesd.net/	0	0.0761904761904762	0.0	0.1951219512195122	0	0	0	0	0	0	13	0.47825546772915195	0.0	0.4816053511705686	0.24242424242424243
76	http://calvarychapelvv.com/	0	0.0	0.0	0.0	0.0	0	0	0	0	0	4	0.07223928616832845	0.0	0.8888888888888888	0.0
78	http://california.hometownlocator.com/ca/san-bernardino/adelanto.cfm	0.10256410256410256	0.38095238095238093	0.24242424242424243	1.0703109526638939	0	0.6153846153846154	0	0	0	0.21428571428571427	29	0.6421837161271033	0.13793103448275862	0.0	0.23529411764705882
79	http://www.latimes.com/local/lanow/la-me-ln-immigrant-hunger-strike-20151106-story.html	0	0.0	0.08421052631578947	0	0.0	0	0	0	0	0	9	0.30753414486553726	0.0	0.2962962962962963	0.08888888888888889
80	http://www.homefinder.com/CA/Adelanto/	0.05405405405405406	6.400000000000001	0.27586206896551724	0.0	0	0.0	0.0	0.6666666666666666	0	0.31746031746031744	85	0.0	0.3333333333333333	0.0	0.27586206896551724
81	http://dictionary.reverso.net/spanish-english/adelanto	0.13114754098360656	0.04507042253521127	0	1.0	0.0	0	0	0	0	0.061068702290076333	169	0.0	0.17777777777777778	25.489954254105967	0.125
82	http://prisonhandbook.com/1068/san-bernardino-county-jail-adelanto/	0.050955414012738856	0.0	0.9116809116809117	0.0	0.6153846153846154	0.0	0	0	0	0.05714285714285714	67	2.0710775625340854	0.14035087719298245	0.0	0.9116809116809117
83	http://prisonhandbook.com/category/county-jails/	0	0.0	0	0	0	0.0	0	0	0	0	146	0.0	0.0	0.0	0.0
84	http://www.apartmentfinder.com/California/Adelanto-Apartments	0.05517241379310345	0.0	0	0.25	0.0	0.0	0.0	0	0	0	74	0.02909090909090909	0.16666666666666666	5.664334363589819	0.1568627450980392
85	http://www.definitions.net/definition/adelanto	0.14953271028037382	0.0	0.0	0.0	0.0	0.0	0.0	0	0	0.37209302325581395	63	1.3100800238580446	0.24242424242424243	1.3076923076923077	0.3333333333333333
86	http://www.loopnet.com/California/Adelanto-Commercial-Real-Estate/	0.13389121338912133	0.0	0.25806451612903225	0.25806451612903225	1.2488326488326487	0.1839080459770115	0	0	0	0.2748091603053435	89	0.0	0.15384615384615385	0.0	0.20512820512820512
87	https://www.rubios.com/store-locations/california/adelanto/adelanto	0.10810810810810811	0.0	0	0	0	0	0	0	0	0	6	0.0	0.3137254901960784	1.8888888888888888	0.2
88	http://www.immigrationdetention.org/wiki/adelanto-detention-center/	0.055944055944055944	0.0	0.32	0.0	0.0	0	0	0	0	0	95	0.9299257585758699	0.1509433962264151	0.1038961038961039	0.125
89	http://www.city-data.com/crime/crime-Adelanto-California.html	0.05194805194805195	0.0	0	0	0	0.0	0	0	0	0	19	0.14285714285714285	0.16666666666666666	0.04678362573099415	0.04819277108433735
91	http://www.shockwave.com/gamelanding/adelantado-trilogy-book-one.jsp	0.0	0.0	0.0	0.0	0	0	0.0	0	0	0.0	11	0.0	0.0	0.0	0.0
92	http://www.shockwave.com/download.jsp	0.0	0.0	0	0.0	0.0	0	0	0	0	0.0	15	0.0	0.0	0.0	0.0
93	http://www.shockwave.com/download/strategy-games.jsp	0.0	0.0	0.0	0.0	0.0	0	0	0	0	0.0	27	0.0	0.0	0.0	0.0
94	http://www.rent.com/california/adelanto-apartments/2-1548	0.04938271604938271	0.0	0.22857142857142856	1.2764568764568764	0.0	0.0	0	0.0	0	0	9	0.19092356671072805	0.18604651162790697	1.0	0.13559322033898305
95	http://www.rent.com/california/1-19	0.0	0.0	0.0	0.0	0.0	0	0	0.0	0	0	9	0.0	0.0	0.0	0.0
96	https://www.tripadvisor.com/Tourism-g29066-Adelanto_California-Vacations.html	0.18045112781954886	0.7963109354413702	0.8705882352941177	0	0.924731182795699	0.0	0	0	0	0.19047619047619047	2	0.0	0.125	1.0	0.24615384615384617
97	https://www.tripadvisor.com/Tourism-g191-United_States-Vacations.html	0.0	0.0	0.0	0	0.0	0.0	0	0	0	0.0	2	0.0	0.0	0.0	0.0
98	https://www.tripadvisor.com/Tourism-g28926-California-Vacations.html	0.0	0.0	0.0	0	0.0	0.0	0	0	0	0.0	2	0.0	0.0	0.0	0.0
99	http://local.fedex.com/ca/adelanto/	0.06015037593984962	0.0	0.26666666666666666	0.0	0.0	0	0	0	0	0	162	0.9772125066242713	0.32	0.0	0.26666666666666666
100	http://www.snagajob.com/jobs/california/adelanto_jobs.html	0.11510791366906475	0.40854280854280856	0.6153846153846154	0.32	1.4071075123706702	0	0	0	0	0	11	0	0.18181818181818182	0.6666666666666666	0.3404255319148936
101	http://www.adelantorvpark.com/	0	0.0	0	0	0	0	0	0	0	0	3	0	0.4444444444444444	0.0	0.43243243243243246
102	http://www.bestplaces.net/city/california/adelanto	0.0	0.0	0	0.0	1.918169461142161	0	0	0	0	0.0	156	0.0	0.2222222222222222	1.8458034305491933	0.16666666666666666
103	https://es.wikipedia.org/wiki/Adelanto	0	0.0	1.0	0.0	0.0	0	0	0	0	0	56	0.10810810810810811	0.2857142857142857	1.0	0.18604651162790697
104	http://www.apartments.com/casa-adelanto-and-desert-star-adelanto-ca/c13xvme/	0.13259668508287292	0.0	0.1038961038961039	0.3651282051282051	0.15384615384615385	0.0	0.0	0	0	0.2	78	0.18181818181818182	0.25806451612903225	1.5517241379310347	0.2318840579710145
105	http://www.citytowninfo.com/places/california/adelanto	0.09411764705882353	0.0	0.4	0	3.706534136355672	0	0	0	0	0.1038961038961039	38	0.6292637817673374	0.2	0.8888888888888888	0.1
106	http://www.citytowninfo.com/places	0.0	0.0	0.0	0	0.0	0	0	0	0	0.0	114	0.0	0.0	0.0	0.0
107	http://www.californiagasprices.com/Adelanto/index.aspx	0.128	0.0	0.0	0.0	0	0	0	0	0	0	52	0.0	0.1951219512195122	0.0	0.2222222222222222
108	http://www.loopnet.com/California/Adelanto_Land-For-Sale/	0.050314465408805034	0.0	0.0	0.7252435620135691	0.0	0	0.0	0	0	0.23529411764705882	37	0.362970362970363	0.18604651162790697	2.911998595451532	0.21621621621621623
109	http://www.latimes.com/local/la-me-ff-adelanto-immigration-20140709-story.html	0	0.24817452885200872	0.1095890410958904	0	0	0	0	0	0	0	4	0.3903106202622686	0.12307692307692308	0.8495432128708869	0.11764705882352941
110	http://www.yellowpages.com/adelanto-ca/welfare-office	0.0963855421686747	0.0	1.0	0.0	0.0	0.0	0	0	0	0	36	0.3076923076923077	0.2	16.044444444444448	0.15384615384615385
111	http://www.usacitiesonline.com/cacountyadelanto.htm	0.09266409266409266	0.0	0.8888888888888888	0	0.0	0	0	0	0	0.0855614973262032	1	7.260208113925497	0.20512820512820512	0	0.1095890410958904
112	http://www.ahcv.com/	0	0.0	0.0	0.0	0.0	0	0	0	0	0	1	0.1928454128225752	0.0	0.07272727272727272	0.22857142857142856
113	https://www.neighborhoodscout.com/ca/adelanto/crime/	0.08290155440414508	0.0	0.623688155922039	1.0522810522810522	0.25806451612903225	0.9030849030849031	0	0	0	0	9	2.1551912980394503	0.2222222222222222	0.681159420289855	0.14545454545454545
114	https://www.neighborhoodscout.com/ca/	0.0	0.0	0.0	0.0	0.0	0.0	0	0	0	0	9	0.0	0.0	0.0	0.0
115	https://www.neighborhoodscout.com/ca/adelanto/	0.09248554913294797	0.22857142857142856	0.4987694831829368	0.8791208791208791	0.5014245014245013	0.7576303576303577	0	0	0	0	9	0.709228589722092	0.25806451612903225	0.0	0.14545454545454545
116	http://www.maxpreps.com/high-schools/adelanto-saints-(adelanto,ca)/football/home.htm	0.055944055944055944	0.0	0	0.0	0.0	0	0	0	0	0	23	0.3536474999203512	0.2318840579710145	1.0877192982456139	0.18181818181818182
117	http://www.maxpreps.com/national/football.htm	0.0	0.0	0.0	0.0	0	0	0	0	0	0	14	0.0	0.0	0.0	0.0
118	http://www.maxpreps.com/state/football/california.htm	0.0	0.0	0.0	0.0	0.0	0	0	0	0	0	18	0.0	0.0	0.0	0.0
119	http://www.rentals.com/California/Adelanto/	0.13675213675213677	0.0	0.17777777777777778	0.42105263157894735	0.0	0	3.1111111111111116	0	0	0	10	0.0	0.27586206896551724	0.0	0.25806451612903225
120	http://www.amlegal.com/codes/client/adelanto_ca/	0	0.0	0.4	0.0	0.0	0	0	0	0	0	54	0.5	0.24242424242424243	0.0	0.2222222222222222
121	http://www.accuweather.com/en/us/adelanto-ca/92301/hourly-weather-forecast/2167820	0.10666666666666667	0.0	0.6666666666666666	0.0	0.0	0.0	0.0	0	0	0.12121212121212122	164	0.0	0.12307692307692308	0.34782608695652173	0.13333333333333333
122	http://www.accuweather.com/en/us/ca/california-weather	0.0	0.0	0	0.0	0.0	0.0	0.0	0	0	0	208	0.0	0.0	0.0	0.0
123	http://www.accuweather.com/en/us/adelanto-ca/92301/weather-forecast/2167820	0.09523809523809523	0.0	0.6666666666666666	0.0	0.32	0.0	0.0	0	0	0.11940298507462686	185	0.0	0.13793103448275862	0.5	0.1509433962264151
125	http://www.apartmentguide.com/apartments/California/Adelanto/	0.041666666666666664	0.0	0	0.6666666666666666	1.980739988804505	0.0	0.0	0	0	0	18	0.0	0.17391304347826086	4.1454545454545455	0.16326530612244897
126	http://www.apartmentguide.com/apartments/California/	0.0	0.0	0.0	0.0	0.0	0.0	0.0	0	0	0	17	0.0	0.0	0.0	0.0
128	http://www.moviefone.com/showtimes/adelanto-ca/92301/theaters/	0.10126582278481013	0.0	0.0	0.0	0	0	0	0	0	0	320	0	0.17391304347826086	0.38095238095238093	0.16666666666666666
129	http://www.milb.com/index.jsp?sid=t504	0.0	0.0	0	0.0	0.0	0	0	0	0	0	79	0.0	0.0	0.0	0.0
130	http://www.indeed.com/q-Hiring-l-Adelanto,-CA-jobs.html	0.0963855421686747	0.0	0	0.0	0	0	0	0	0	0.2978723404255319	3	0.0	0.18604651162790697	1.1111111111111112	0.15384615384615385
131	http://www.cde.ca.gov/re/sd/details.asp?cds=36675870000000&public=Y	0.0963855421686747	0.0	0.0	0.42105263157894735	0.0	0	0	0	0	0	21	0.0	0.0	0.0	0.11594202898550725
132	http://www.cde.ca.gov/re/	0.0	0.0	0.0	0	0	0.0	0	0	0	0.0	2	0	0.0	0.0	0.0
133	http://www.cde.ca.gov/re/sd/index.asp	0.0	0.0	0.0	0	0.0	0	0	0	0	0	19	0.0	0.0	0.0	0.0
134	http://www.yellowpages.com/adelanto-ca/restaurants	0.09937888198757763	0.0	1.0	0.0	0.0	0.0	0.0	0	0	0	51	0.0	0.21621621621621623	27.654354765161887	0.16326530612244897
135	http://www.cityfeet.com/cont/ca/adelanto-commercial-real-estate	0.0784313725490196	2.181818181818182	0.3260694108151735	0.22857142857142856	0.0	0	0.13793103448275862	0	0	0.22857142857142856	3	0.07692307692307693	0.16326530612244897	0.0	0.22857142857142856
136	http://www.vvdailypress.com/	0.0	0.0	0.0	0.0	0.0	0.0	0.0	0	0	0	43	0.0	0.0	0.0	0.0
137	http://www.areavibes.com/adelanto-ca/crime/	0.12213740458015267	0.0	0.4444444444444444	2.313518913518913	0	0	0	0	0	0	4	0	0.27586206896551724	0.661676387890836	0.32
138	http://www.areavibes.com/ca/	0.0	0.0	0.0	0.0	0.0	0	0	0	0	0	2	0.0	0.0	0.0	0.0
139	http://www.areavibes.com/adelanto-ca/livability/	0.12121212121212122	0.0	0.34782608695652173	3.810403876446956	0	0	0	0	0	0	2	0	0.23529411764705882	0.32996632996632996	0.32
140	http://www.facebook.com/synergy.adelanto2011	0.052980132450331126	0.35555555555555557	0	0	0	0	0	0	0	0	103	1.2127356419230935	0.25	0.14285714285714285	0.42105263157894735
141	https://www.doxo.com/info/city-adelanto-ca	0.09580838323353294	0.0	0.38095238095238093	0.8963686096962837	0.36363636363636365	0	0	0	0	0.2644628099173554	20	0.7528635923403468	0.2857142857142857	2.899159663865546	0.1095890410958904
142	http://mavericksadelantogp.com/riders.html	0.0730593607305936	0.0	0	0.0	0.0	0	0	0	0	0.0	2	0	0.23529411764705882	0	0.24242424242424243
143	http://www.gosection8.com/Section-8-housing-in-Adelanto-San%20Bernardino-CA/	0.0	0.0	0.13333333333333333	0	0.0	0.0	0	0	0	0.0	5	0.0	0.12698412698412698	0.38443935926773454	0.09411764705882353
144	http://hotelguides.com/california/adelanto-ca-hotels.html	0.05555555555555555	0.0	0.21052631578947367	0.36363636363636365	0.3076923076923077	0	0	0	0	0.031746031746031744	42	0.0	0.16666666666666666	0.5557109557109556	0.4
145	http://hotelguides.com/california/ca-hotels.html	0.0	0.0	0.0	0	0	0	0	0	0	0.0	2	0.0	0.0	0.0	0.0
146	http://www.maxpreps.com/high-schools/adelanto-saints-(adelanto,ca)/home.htm	0.05555555555555555	0.0	0.4	0.0	0.0	0	0	0	0	0	45	1.5241088175520237	0.26229508196721313	0.6666666666666666	0.2
147	http://www.maxpreps.com/state/california.htm	0.0	0.0	0.0	0.0	0.0	0.0	0	0	0	0	15	0.0	0.0	0.0	0.0
148	http://locations.dennys.com/CA/ADELANTO	0.037914691943127965	0.0	0.2962962962962963	0	0	0	0	0	0	0.0	56	0.0	0.26666666666666666	2.0	0.12121212121212122
149	http://locations.dennys.com/CA	0.0	0	0.0	0	0	0	0	0	0	0.0	55	0.0	0.0	0.0	0.0
150	http://www.topix.com/forum/city/adelanto-ca	0.02531645569620253	1.0	0.5714285714285714	0.24242424242424243	0	0.0	0	0	0	0	11	0.8216192655551923	0.27586206896551724	1.5714285714285714	0.5
151	http://www.topix.com/county/san-bernardino-ca	0.0	0.0	0.0	0	0	0.0	0.0	0	0	0	28	0.0	0.0	0.0	0.0
152	http://www.topix.com/city/adelanto-ca	0.09876543209876543	1.377537175845844	0.6153846153846154	0	0	0.0	0.0	0	0	0	31	1.1563887093298857	0.3333333333333333	1.6153846153846154	0.42105263157894735
154	http://www.americantowns.com/ca/adelanto/events	0.1523809523809524	1.3333333333333333	0.3333333333333333	0.0	0.0	0.2857142857142857	0.0	0	0	0.0	14	0.0	0.24242424242424243	1.0	0.26666666666666666
155	http://www.americantowns.com/ca/adelanto	0.09411764705882353	0.0	0	0.0	0.0	1.2845067576102058	0.0	0	0	0.2846975088967972	27	2.6134347131079068	0.2962962962962963	1.380952380952381	0.1568627450980392
156	http://www.americasbestvalueinn.com/bestv.cfm?idp=2018	0.047058823529411764	0.0	0.17391304347826086	0.0	0.0	0	0	0	0	0.0	12	0.0	0.0	0.0	0.1568627450980392
157	http://www.pe.com/articles/adelanto-771143-old-year.html	0.12403100775193798	0.0	0.16666666666666666	0	0.16666666666666666	0	0	0	0	0	22	0.08193979933110368	0.18604651162790697	0.0	0.11940298507462686
158	http://www.rentdigs.com/california/adelanto-apartments.aspx	0.049079754601226995	0.0	0.17391304347826086	0.0	0	0.0	0	0	0	0	6	0.0	0.17391304347826086	19.957078707456635	0.1568627450980392
161	http://www.soilsafe.com/facilities/adelanto	0	0.0	0	0	0.0	0.0	0	0	0	0	0	0.08398950131233596	0.26666666666666666	0.0	0.17391304347826086
162	http://www.churchangel.com/WEBCA/adelanto.htm	0.04081632653061224	0.0	0.16	0.0	0	0.0	0	0	0	0.06694560669456066	15	0.0	0.25	0.0	0.11594202898550725
163	http://www.churchangel.com/topdenominations.htm	0.0	0.0	0.0	0	0.0	0	0	0	0	0.0	67	0.0	0.0	0.0	0.0
164	http://www.churchangel.com/californ.htm	0.0	0.0	0.0	0	0	0	0	0	0	0.0	9	0.0	0.0	0.0	0.0
165	http://www.sbcounty.gov/main/cities.asp	0	0.0	0	0	0	0	0	0	0	0	45	0	0.0	0.0	0.0
166	https://sh.wikipedia.org/wiki/Adelanto,_California	0	0.5714285714285714	0.4	0.0	0.0	0	0	0	0	0	45	0	0.2	1.0	0.14285714285714285
167	http://www.daysinn.com/hotels/california/adelanto/search-results	0.05	0.14285714285714285	0.11428571428571428	0.0	0.0	0	0	0	0	0	65	0.2909090909090909	0.16326530612244897	2.112719298245614	0.20253164556962025
169	http://www.directv.com/city/adelanto-ca/	0.12030075187969924	0.0	0.12307692307692308	1.0172776173752984	0.3308270676691729	0	0	0	0	0.41025641025641024	57	0.11444972700929867	0.3076923076923077	0.0	0.15384615384615385
170	http://vme.aesd.net/	0	0.08080808080808081	0.0	0.0	0	0	0	0	0	0	11	0.0	0.0	0.0	0.0
171	http://abc7.com/news/adelanto-on-the-brink-of-financial-disaster/145698/	0.07272727272727272	0.2962962962962963	0.18604651162790697	0	0	0	0	0	0	0.33613445378151263	53	0.06837606837606838	0.13114754098360656	0.0	0.14814814814814814
172	http://www.mapsofworld.com/location-maps/usa/adelanto.html	0.047619047619047616	0.0	0.27586206896551724	0	0	0	0	0	0	0.26666666666666666	382	0.0	0.18181818181818182	0.0	0.27586206896551724
173	http://www.mapsofworld.com/location-maps/	0.0	0.0	0.0	0.0	0	0	0	0	0	0.0	578	0.0	0.0	0.0	0.0
174	http://www.mapsofworld.com/location-maps/usa/	0.0	0.0	0.0	0.0	0	0	0	0	0	0.0	464	0.0	0.0	0.0	0.0
175	http://www.oasisvillageapartmenthomes.com/	0.10126582278481013	0.0	0	0.0	0.0	0.0	0	0	0	0.24489795918367346	6	0.007483629560336763	0.0	0.8	0.125
176	http://www.securityguide.com/crime-reports/adelanto-ca/	0.12539184952978055	3.4533456107429803	0.2962962962962963	0.14814814814814814	0	0	0	0	0	0.3876651982378855	0	0	0.1951219512195122	8.0	0.22535211267605634
177	http://www.americantowns.com/ca/adelanto-classifieds	0.14035087719298245	0.0	0.21621621621621623	0.0	0.8678472187557198	0.6335403726708074	0.0	0	0	0.12903225806451613	32	0.1626324092855533	0.20512820512820512	1.0	0.2222222222222222
178	http://www.americantowns.com/ca/adelanto	0.09411764705882353	0.0	0	0.0	0.0	1.2845067576102058	0.0	0	0	0.2846975088967972	27	2.6134347131079068	0.2962962962962963	1.380952380952381	0.1568627450980392
179	http://www.local.com/business/results/adelanto-ca/medical-hospitals/	0.0625	1.0	0.14545454545454545	0.0	0.0	0.0	0.0	0.0	0	0	47	0.0	0.15384615384615385	2.9999999999999996	0.22535211267605634
180	http://www.local.com/business/results/adelanto-ca/doctors-physicians-and-surgeons/	0.056338028169014086	1.0	0.11594202898550725	0.34782608695652173	0.0	0.0	0.0	0.0	0	0	53	0.0	0.12121212121212122	5.129032258064516	0.16161616161616163
181	http://www.jobs.net/jobs/geo/en-us/all-jobs/	0.0	0.0	0.0	0	0	0	0	0	0	0	261	0	0.0	0.0	0.0
182	http://www.jobs.net/jobs/geo/en-us/all-jobs/united-states/	0.0	0.0	0.0	0	0	0	0	0	0	0	262	0	0.0	0.0	0.0
183	http://zipcode.org/city/CA/ADELANTO	0.14285714285714285	0.32	0.26666666666666666	0.6952602952602952	0	0	0	0	0	0.40404040404040403	0	0	0.32	0	0.1509433962264151
184	http://zipcode.org/state/california	0.0	0.0	0.0	0.0	0	0	0	0	0	0.0	2	0.0	0.0	0	0.0
185	http://commercial.century21.com/real-estate/adelanto-ca/LCCAADELANTO/?sl=0&le=0	0.13445378151260504	2.0241189929680012	0	0	4.844444444444445	0.9417008797653958	0	0	0	0	5	0.0	0.23529411764705882	0.0	0.14814814814814814
186	http://commercial.century21.com/real-estate/california/LSCA/?sl=0&le=0	0.0	0.0	0	0	0.0	0.0	0	0	0	0	5	0.0	0.0	0.0	0.0
187	https://www.adelantodigital.com/	0.10256410256410256	0.0	0.42105263157894735	0.0	0.0	0.5	0	0.0	0	0.10126582278481013	9	0.3308237447658412	0.42105263157894735	0.8253968253968254	0.43243243243243246
188	http://www.desertgardensapartmenthomes.com/	0.09195402298850575	0.0	0	0.0	0.0	0.0	0	0	0	0.23300970873786409	7	0.00823045267489712	0.0	0.8	0.11594202898550725
189	http://locations.dennys.com/CA/ADELANTO/247840	0.03508771929824561	0.0	0.0	0.0	0.0	0	0.0	0	0	0.0	61	0.0	0.2222222222222222	2.0	0.1568627450980392
190	http://locations.dennys.com/CA	0.0	0	0.0	0	0	0	0	0	0	0.0	55	0.0	0.0	0.0	0.0
191	http://locations.dennys.com/CA/ADELANTO	0.037914691943127965	0.0	0.2962962962962963	0	0	0	0	0	0	0.0	56	0.0	0.26666666666666666	2.0	0.12121212121212122
192	https://www.adelantoschools.com/pp/	0	0.0	0.22857142857142856	0	0	0	0	0	0	0	0	0	0.38095238095238093	0	0.0
193	http://www.cityfeet.com/cont/ca/adelanto-commercial-property	0.08695652173913043	3.2727272727272734	0.34798534798534797	0.25	0.0	0	0.14545454545454545	0	0	0.25	3	0.16143104766807162	0.17391304347826086	0.0	0.25
195	http://www.adtatoday.org/	0	0.0	0	0.0	0	0	0	0	0	0	6	0.12121212121212122	0.0	0.0	0.20512820512820512
196	http://www.youtube.com/watch?v=CXq1KCvKrIQ	0.1	0.0	0.0	0.0	0.0	0.0	0	0	0	0.06779661016949153	8	0.050314465408805034	0.0	3.1101834290776975	0.21052631578947367
197	http://aviationwarehouse.net/	0.03225806451612903	0.0	0	0	0	0	0	0	0	0.05442176870748299	1	0	0.0	0.4	0.12121212121212122
198	http://aviationwarehouse.net/	0.03225806451612903	0.0	0	0	0	0	0	0	0	0.05442176870748299	1	0	0.0	0.4	0.12121212121212122
199	https://www.tripadvisor.com/Hotels-g29066-Adelanto_California-Hotels.html	0.10526315789473684	1.079291242018015	0.7563025210084033	0.0	0	0	0	0	0	0.0975609756097561	2	0.0	0.13333333333333333	2.9313252682918627	0.13114754098360656
200	https://www.tripadvisor.com/Tourism-g28926-California-Vacations.html	0.0	0.0	0.0	0	0.0	0.0	0	0	0	0.0	2	0.0	0.0	0.0	0.0
201	https://www.tripadvisor.com/Tourism-g29066-Adelanto_California-Vacations.html	0.18045112781954886	0.7963109354413702	0.8705882352941177	0	0.924731182795699	0.0	0	0	0	0.19047619047619047	2	0.0	0.125	1.0	0.24615384615384617
202	http://www.adelantodetentioncenter.net/	0.0	0.0	0.0	0.0	0.0	0	0	0	0	0	1	0.0	0.2962962962962963	0	0.0
203	http://www.pv-tech.org/news/solarworlds_adelanto_solar_plant_in_california_dedicated_by_ladwp	0.0	0.0	0.12121212121212122	0.0	0.0	0.0	0	0	0	0.0	205	0.19448275862068964	0.1	0.0	0.10526315789473684
204	http://www.superpages.com/yellowpages/c-restaurants/s-ca/t-adelanto/	0.09815950920245399	0.0	0	0	0	0.0	0.0	0	0	0.03669724770642202	32	0.0	0.15384615384615385	2.7411764705882353	0.19047619047619047
205	http://www.superpages.com/yellowpages/s-ca/t-adelanto	0.05555555555555555	0.0	0.0	0	0	0.0	0	0	0	0.23529411764705882	15	0.0	0.20512820512820512	1.0	0.1568627450980392
206	http://www.superpages.com/yellowpages/s-ca/t-adelanto	0.05555555555555555	0.0	0.0	0	0	0.0	0	0	0	0.23529411764705882	15	0.0	0.20512820512820512	1.0	0.1568627450980392
207	http://www.spanishdict.com/translate/adelantar	0.0	0.0	0.0	0	0	0.0	0	0	0	0	85	0	0.0	0.7713671274961598	0.0
208	http://www.rentdigs.com/california/adelanto-apartments.aspx?Page=2	0.046511627906976744	0.0	0.17391304347826086	0.0	0	0.0	0	0	0	0	6	0.0	0.1509433962264151	16.801656314699795	0.13333333333333333
209	http://www.riderplanet-usa.com/atv/trails/info/california_13214/ride_eb48.htm	0.056338028169014086	0.0	0.4444444444444444	0.0	8.347826086956518	0	0	0	0	0.046242774566473986	4	0.47058823529411764	0.0	0.6666666666666666	0.14035087719298245
210	http://www.riderplanet-usa.com/atv/trails/california_list.htm	0.0	0.0	0.0	0.0	0	0	0	0	0	0.0	23	0.0	0.0	0.0	0.0
211	http://www.cabletv.com/ca/adelanto	0.05714285714285714	0.0	0.1568627450980392	0.0	0.0	0	0	0	0	0	24	0.5996680896968799	0.38095238095238093	0.0	0.36363636363636365
212	http://www.cabletv.com/ca	0.0	0.0	0.0	0.0	0.0	0	0	0	0	0	5	0.0	0.0	0.0	0.0
213	http://www.wildtangent.com/Games/adelanto-trilogy-part-1	0	0.0	0.0	0.0	0	0.0	0.0	0	0	0	32	0.0	0.18604651162790697	0.0	0.0
214	http://www.spectrumurgentcare.com/	0	0.0	0	0	0.0	0.0	0	0.5619047619047619	0	0	7	0.6666666666666666	0.0	0.0	0.3333333333333333
215	http://www.recreationparks.net/CA/san-bernardino/richardson-park-adelanto	0.030418250950570342	0.0	0.0	0	0	0	0	0	0	0	16	0	0.13559322033898305	0.0	0.16666666666666666
216	http://www.weichert.com/CA/Sanbernardino/Adelanto/Listings/	0.1509433962264151	0.0	0	0	0	0	0	0	0	0.09876543209876543	6	0.0	0.18604651162790697	0.0	0.1702127659574468
217	http://cms.aesd.net/	0	0.14035087719298245	0.0	0.0	0	0	0	0	0	0	11	0.0	0.0	0.0	0.0
218	http://www.localconditions.com/weather-adelanto-california/92301/traffic.php	0.06060606060606061	0.06504065040650407	0.2222222222222222	0.17391304347826086	0	0.9888517279821627	0	0	0	0.37209302325581395	130	0.1111111111111111	0.12903225806451613	0.0	0.10526315789473684
219	http://www.localconditions.com/us/weather/california/	0.0	0.0	0.0	0.0	0	0.0	0	0	0	0.0	1312	0.0	0.0	0.0	0.0
220	http://www.ladwpnews.com/go/doc/1475/1340219/LADWP-s-Adelanto-Solar-Plant-Marks-Major-Construction-Milestone-Project-on-Track-to-Deliver-Green-Power-to-L-A-this-Summer	0	0.0	0	0.0	0	0	0	0	0	0	9	0	0.052980132450331126	0.9867888934744024	0.06504065040650407
221	http://www.streetgangs.com/tag/adelanto	0	0.0	0	0	0	0	0	0	0	0	103	0.2162557077625571	0.3076923076923077	0	0.21052631578947367
222	http://www.eteamz.com/ADELANTOLITTLELEAGUE/	0.17204301075268819	0.0	0.25806451612903225	0	0	0	0	0	0	0.08648648648648649	5	0.0	0.26666666666666666	0.0	0.36363636363636365
223	http://www.rentals.com/California/Adelanto/houses-and-homes-1z13z0r/	0.08421052631578947	0.0	0.21621621621621623	0.42105263157894735	0.0	0	3.1111111111111116	0	0	0	10	0.0	0.1509433962264151	0.0	0.2857142857142857
224	https://www.uhaul.com/Locations/Adelanto-CA-92301/Results/	0.0	0.0	0.0	0.05333333333333334	0.0	0.0	0.0	0	0	0	49	0.10126582278481013	0.19047619047619047	0.0	0.1568627450980392
225	http://www.monster.com/jobs/q-aeronautics-jobs-l-adelanto,-ca.aspx	0.10884353741496598	0.3413439231164566	0.14814814814814814	0.13793103448275862	0.26666666666666666	0.0	0	0	0	0.17204301075268819	173	0	0.1509433962264151	19.142857142857142	0.17391304347826086
226	http://www.apartmentguide.com/apartments/California/Adelanto/cheap-apartments-for-rent-4la/	0.07339449541284404	0.0	0	0.6666666666666666	1.980739988804505	0.0	0.0	0	0	0	18	0.0	0.10666666666666667	2.163265306122449	0.20512820512820512
227	http://www.apartmentguide.com/apartments/California/	0.0	0.0	0.0	0.0	0.0	0.0	0.0	0	0	0	17	0.0	0.0	0.0	0.0
229	http://gms.aesd.net/	0	0.0784313725490196	0.0	0.0	0.0	0	0	0	0	0	8	0.11940298507462686	0.0	0.0	0.0
230	http://www.roadsideamerica.com/tip/19835	0.06956521739130435	0.0	0	0	0.0	0.0	0	0.0	0	0	2	0.0	0.0	0.0	0.14545454545454545
231	http://www.apartmenthunterz.com/results/california/region-san-bernardino/cmty-adelanto/type-houses	0.11347517730496454	0.0	0.5238095238095237	0.38095238095238093	0.0	0	0	0	0	0	10	0.11496330115248649	0.0975609756097561	1.2903225806451613	0.14545454545454545
232	http://www.adelantochamber.com/index.php?module=calendar	0	0.14285714285714285	0.0	0	0	0.0	0.2857142857142857	0	0	0	8	0.0	0.18181818181818182	0.0	0.20512820512820512
233	http://www.areavibes.com/adelanto-ca/livability/	0.12121212121212122	0.0	0.34782608695652173	3.810403876446956	0	0	0	0	0	0	2	0	0.23529411764705882	0.32996632996632996	0.32
234	http://www.areavibes.com/ca/	0.0	0.0	0.0	0.0	0.0	0	0	0	0	0	2	0.0	0.0	0.0	0.0
236	http://www.rentalsource.com/home-rentals/california/adelanto/	0.06451612903225806	0.0	0.26666666666666666	0.0	0	0.0	0	0	0	0	58	4.4444444444444455	0.17391304347826086	0.0	0.14285714285714285
237	http://www.bestplaces.net/crime/city/california/adelanto	0.0	0.0	0	0.0	0.0	0	0	0	0	0.0	114	0.058066577215513386	0.1951219512195122	0.13559322033898305	0.25806451612903225
240	http://www.youtube.com/watch?v=6cq78cXGk_I	0.0	0.0	0.0	0.0	0.0	0.0	0	0	0	0.0	14	0.0	0.0	0.0	0.0
243	http://cms.sbcounty.gov/sheriff/CourtsCorrections/InmateGeneralInformation.aspx	0	0.0	0	0.0	0.0	0	0	0	0	0	748	0.0	0.0	5.026413979830002	0.0
244	https://www.facebook.com/MavericksAdelantoGP	0.1568627450980392	0.2857142857142857	0	0	0	0	0	0	0	0	139	0.31516481661250156	0.25806451612903225	1.8210526315789473	0.26666666666666666
245	http://lawyers.findlaw.com/lawyer/firm/immigration-naturalization-law/adelanto/california	0.12030075187969924	0.1951219512195122	0.12121212121212122	0	0	0	0	0	0	0	123	0.07766990291262135	0.1038961038961039	26.88888888888889	0.39243498817966904
246	http://lawyers.findlaw.com/lawyer/practice/immigration-naturalization-law	0.0	0.0	0.0	0	0	0	0	0	0	0	46	0.0	0.0	0.0	0.0
247	http://lawyers.findlaw.com/lawyer/practicestate/immigration-naturalization-law/california	0.0	0.0	0.0	0	0	0	0	0	0	0	46	0.0	0.0	0.0	0.0
248	http://www.lowincomehousing.us/CA/adelanto.html	0.10884353741496598	0.0	0.25806451612903225	0.25	0.25806451612903225	0.0	0	0	0	0.26229508196721313	104	0.11483148480824806	0.23529411764705882	0.0	0.2376237623762376
249	http://www.sale-tax.com/AdelantoCA	0.04419889502762431	0.0	0	0.5	0	0	0	0	0	0	1	0.13114754098360656	0.36363636363636365	1.0	0.2962962962962963
251	http://www.epodunk.com/cgi-bin/genInfo.php?locIndex=9758	0.05970149253731343	1.2635364635364636	0.2222222222222222	0.2962962962962963	0.0	0	0	0	0	0.32	177	1.3288487567932634	0.0	0	0.1702127659574468
252	http://www.epodunk.com/counties/ca_county.html	0.0	0.0	0	0	0	0	0	0	0	0.0	7	0.0	0.0	0	0.0
253	http://www.epodunk.com/cgi-bin/genInfo.php?locIndex=10808	0.0	0.0	0.0	0.0	0.0	0	0	0	0	0.0	106	0.10899053121489327	0.0	0	0.0
254	http://www.maplandia.com/united-states/california/san-bernardino-county/adelanto/	0.16	0.0	0.8912466843501327	1.9162559348467667	1.6117970917970919	2.3374279410577055	0	0	0	0.05673758865248227	15	0.2835724345962882	0.12307692307692308	0.0	0.16
255	http://www.move.com/apartmentsforrent-search/adelanto_ca/cheap-apartments	0.14035087719298245	0.385593220338983	0.21621621621621623	0.6666666666666666	0.0	0.0	0	0	0	0	31	0.12127110076451848	0.13559322033898305	0.30686982090350173	0.09876543209876543
256	http://www.move.com/apartmentsforrent-search/california	0.0	0.0	0	0.0	0	0	0	0	0	0.0	24	0.0	0.0	0.0	0.0
257	http://www.move.com/apartments/adelanto_california/	0.06956521739130435	0.05581395348837209	0	0.0	0.0	0	0	0	0	0.1245136186770428	30	0.0	0.21621621621621623	0.4	0.18181818181818182
258	http://www.homesandland.com/For-Sale/Adelanto,CA/	0.12598425196850394	0.0	0.0	0.0	0.0	0	0	0	0	0.0	23	0.0761904761904762	0.22857142857142856	8.962962962962964	0.27586206896551724
259	http://www.homesandland.com/For-Sale/	0.0	0.0	0.0	0.0	0.0	0	0	0	0	0.0	20	0.0	0.0	0.0	0.0
260	http://www.homesandland.com/Sitemap/California/Homes_for_Sale/	0.0	0.0	0.0	0.0	0.0	0	0	0	0	0.0	20	0.0	0.0	0.0	0.0
261	http://ohv.parks.ca.gov/?page_id=26236	0.0	0.0	0	0.1095890410958904	0.0	0.0	0	0	0	0.0	10	0.0	0.0	0.0	0.3076923076923077
262	http://ohv.parks.ca.gov/?page_id=26236	0.0	0.0	0	0.1095890410958904	0.0	0.0	0	0	0	0.0	10	0.0	0.0	0.0	0.3076923076923077
263	https://friendsofadelantodetainees.wordpress.com/	0.0	0.24612560560922028	0	0	0.0	0.2222222222222222	0	0	0	0	20	0.9918982925977325	0.2	0.09523809523809523	0.08421052631578947
264	http://ktla.com/2015/06/11/7-year-old-child-shot-critically-injured-in-adelanto/	0.027777777777777776	0.0	0.14545454545454545	0	0.0	0	0.0	0	0	0.0975609756097561	104	0.12026484315640942	0.11764705882352941	0.0	0.11940298507462686
265	http://www.huffingtonpost.com/christina-fialho/geo-group-whistleblower-e_b_7309916.html	0	0.057971014492753624	0.057971014492753624	0.0	0.0	0	0	0	0	0.06666666666666667	170	0.1551817510660192	0.0	0.0	0.05128205128205128
266	http://apartments.oodle.com/adelanto-ca/homes-for-rent/4-bedrooms/	0.032	0.6153846153846154	0.18604651162790697	0.18181818181818182	0.0	0.0	0	0	0	0.27586206896551724	172	0.0	0.14545454545454545	8.780952380952382	0.12698412698412698
267	http://apartments.oodle.com/regions/	0.0	0.0	0.0	0	0	0	0	0	0	0.0	62	0.0	0.0	0.0	0.0
268	http://apartments.oodle.com/regions/california/	0.0	0.0	0.0	0	0.0	0	0	0	0	0.0	56	0.0	0.0	0.0	0.0
269	http://apartments.oodle.com/adelanto-ca/	0.03333333333333333	0.6153846153846154	0.24242424242424243	0.23529411764705882	0.0	0.0	0	0	0	0.272108843537415	173	0.0	0.25806451612903225	10.895238095238094	0.10526315789473684
270	http://apartments.oodle.com/adelanto-ca/homes-for-rent/	0.03375527426160337	0.6153846153846154	0.26666666666666666	0.25806451612903225	0.0	0.0	0	0	0	0.30303030303030304	187	0.0	0.17777777777777778	10.78095238095238	0.16
271	http://californiaobits.tributes.com/browse_obituaries?city=Adelanto&state=CA	0.0547945205479452	0.0	0.16326530612244897	0	0	0	0	0	0	0.16091954022988506	33	0.03940886699507389	0.11764705882352941	0.0	0.125
272	http://www.homelessshelterdirectory.org/cgi-bin/id/city.cgi?city=Adelanto&state=CA	0.05	0.0	0	0.2962962962962963	0.6549707602339181	0	0	0	0	0.2807017543859649	83	0.0	0.11764705882352941	0.0	0.21621621621621623
273	http://ers.aesd.net/	0	0.0	0.0	0.0	0	0	0	0	0	0	11	0.0	0.0	0.0	0.0
274	http://www.jailexchange.com/countyjails/california/san_bernardino/san_bernardino_co_adelanto.aspx	0.0975609756097561	1.3333333333333333	0.0	0.32	0.16	0	0	0	0	0.07894736842105263	358	0.0	0.0975609756097561	0.27586206896551724	0.06153846153846154
275	http://www.jailexchange.com/countyjails/california.aspx	0.0	0.0	0.0	0.0	0	0	0	0	0	0.0	6	0	0.0	0.0	0.0
276	http://www.jailexchange.com/countyjails/california/san_bernardino.aspx	0.0	0.0	0.0	0.0	0	0	0	0	0	0.0	6	0	0.0	0.0	0.0
277	http://www.intellicast.com/Local/Weather.aspx?location=USCA0003	0.08839779005524862	0.4	0	0.0	0	0	0	0	0	0.18285714285714286	7	0	0.0	0.0	0.125
278	http://www.eteamz.com/ADELANTOLITTLELEAGUE/teams/	0.17204301075268819	0.0	0.13333333333333333	0	0	0	0	0	0	0.08648648648648649	5	0	0.22857142857142856	0.0	0.27586206896551724
280	http://www.bigfishgames.com/pc-games/	0.0	0.0	0	0.0	0.0	0.0	0.0	0	0	0	290	0.0	0.0	0.0	0.0
281	http://www.bigfishgames.com/download-games/genres/29/strategy.html	0.0	0.0	0.0	0.0	0.0	0.0	0	0	0	0	635	0.0	0.0	0.0	0.0
282	http://www.adelantopawnshop.net/	0.0	0.08347253048989772	0.0	0.0	0	0	0	0	0	0.0	1	0	0.4	0.0	0.1568627450980392
283	http://www.cde.ca.gov/re/sd/details.asp?cds=3667587&public=Y	0.08247422680412371	0.0	0.0	0.3333333333333333	0.0	0	0	0	0	0	21	0.0	0.0	0.0	0.10810810810810811
284	http://www.cde.ca.gov/re/	0.0	0.0	0.0	0	0	0.0	0	0	0	0.0	2	0	0.0	0.0	0.0
285	http://www.cde.ca.gov/re/sd/index.asp	0.0	0.0	0.0	0	0.0	0	0	0	0	0	19	0.0	0.0	0.0	0.0
286	http://www.apollobailbonds.com/	0.0	0.0	0.0	0	0	0.0	0	0.0	0	0	2	0.0	0.0	0.0	0.0
287	http://www.soilsafe.com/	0	0.0	0	0	0.0	0	0	0	0	0	0	0.0	0.0	0.0	0.0
288	http://www.road-police.com/police/California/Adelanto/property_1842/police.html	0	0.0	0.37209302325581395	0	0.0	0.37209302325581395	0	0	0	0	6	0	0.12698412698412698	0.0	0.37209302325581395
289	http://www.showcase.com/California/Adelanto_Commercial-Real-Estate	0.12121212121212122	2.228277864641501	0.12307692307692308	0.312324137566856	0	0	0	0	0	0	3	0.11743629508810396	0.1509433962264151	1.0	0.2
290	http://www.showcase.com/California_Commercial-Real-Estate	0.0	0.0	0.0	0.0	0	0	0	0	0	0	2	0.0	0.0	0.0	0.0
291	http://www.showcase.com/California/San-Bernardino-County_Commercial-Real-Estate	0.0	0.0	0.0	0.0	0	0	0	0	0	0	3	0.0	0.0	0.0	0.0
292	http://www.airnav.com/airport/99CL	0.027491408934707903	0.0	0	0	0.16	0.13333333333333333	0	0	0	0.0	12	0.0	0.0	0	0.1702127659574468
293	http://articles.latimes.com/2008/mar/26/local/me-adelanto26	0.041237113402061855	0.0	0.2222222222222222	0.0	0	0	0	0	0	0.0	4	0.24938679768361655	0.1702127659574468	0.3571428571428571	0.17391304347826086
294	https://pam.wikipedia.org/wiki/Adelanto,_California	0	0.0	0.4	0.0	0.0	0	0	0	0	0	50	0.0	0.1951219512195122	0.3333333333333333	0.25
295	http://www.adelantopawnshop.net/contact	0.0	0.0	0.0	0	0	0	0	0	0	0.0	1	0	0.2962962962962963	0.0	0.16326530612244897
296	https://www.sittercity.com/babysitters/ca/adelanto/13524754	0.0	0.2962962962962963	0.0	0.24242424242424243	0.0	0.0	0	0	0	0	15	0.4	0.18604651162790697	0.0	0.16666666666666666
297	http://www.lawncolandscaping.com/lawn-maintenance/lawn-maintenance-adelanto-california/	0	0.0	0.3705263157894737	0.25	0.36363636363636365	0.0	0.41263700838168926	0.0	0	0	55	0.3248175984671677	0.1095890410958904	0.16	0.1568627450980392
299	http://quinarie.com/Adelanto_247sports	0	0.0	0	1.3835828942941084	0	0.0	0	0	0	0	23	0	0.26666666666666666	0	0.20512820512820512
300	http://payday-drag.trade/payday-loans-in-adelanto-ca.html	0.0	0.0	0.0	0.0	0	0	0	0	0	0	0	0.0	0.16326530612244897	0.0	0.0
303	https://open.spotify.com/album/72k22kzcAzv9pEdd1MuYXp	0	0.0	0.0	0	0	0	0	0	0	0	1	0.0	0.0	0	0.0
304	http://payday-set.trade/cash+advance+adelanto+ca.aspx	0.0	0.0	0.0	0.0	0.0	0.0	0.0	0	0	0.0	1	0.0	0.17777777777777778	0.0	0.0
305	http://payday-hurt.trade/cash-advance-adelanto-ca.html	0.0	0.0	0.0	0.0	0	0	0	0	0	0	0	0.0	0.17391304347826086	0.0	0.0
306	http://www.tweetinstagram.com/Adelanto.aspx	0.1568627450980392	0.4587495375508694	0	0	0.0	0	0	0	0	0.47058823529411764	0	0.0	0.25806451612903225	0.26666666666666666	0.1702127659574468
307	http://www.flatloads.com/loads/tx-graham-ca-adelanto/step-deck/18467421/	0	0.0	0.0	0.0	0	0.0	0	0	0	0	4	0	0.14285714285714285	0	0.0
308	http://www.flatloads.com/loads/ca-adelanto-wa-silverdale/flatbed/18472321/	0	0.0	0.0	0.0	0	0.0	0	0	0	0	4	0	0.13793103448275862	0	0.0
310	http://snewsi.com/Victorville+Daily+Press/tag/Adelanto+Road+Adelanto	0.14678899082568808	0.16243654822335024	0	0	0	0	0	0	0	0.24880382775119617	24	0	0.27586206896551724	0.5714285714285714	0.1927710843373494
312	http://kosamuiproperty.com/cg5u/pes-2017-para-xbox-360.html	0	0	0	0	0	0	0	0	0	0	0	0	0.0	0	0
313	http://snewsi.com/Victorville+Daily+Press/tag/Adelanto+Road+Adelanto	0.14678899082568808	0.16243654822335024	0	0	0	0	0	0	0	0.24880382775119617	24	0	0.27586206896551724	0.0	0.1927710843373494
315	http://kosamuiproperty.com/cg5u/pes-2017-para-xbox-360.html	0	0	0	0	0	0	0	0	0	0	0	0	0.0	0	0
