index	url	description	div	h1	h2	h3	h4	h5	h6	inbound_links	keywords	outbound_links	p	root	span	title
1	http://arvin.org/	0	0.0	0.13513513513513514	0.23809523809523808	0	0.0	0	0	0	0	2	0.1647462129152888	0.5555555555555556	0.38461538461538464	0.12195121951219512
2	https://en.wikipedia.org/wiki/Arvin,_California	0	0.3310276679841897	0.29411764705882354	0.0	0.0	0	0	0	0	0	66	0.38044749318051785	0.13513513513513514	1.2941176470588236	0.09615384615384616
3	http://arvin.kernhigh.org/	0	0.0	0.1724137931034483	0.0	0	0	0	0	0	0	25	0.3242574862746537	0.2777777777777778	0.0	0.07462686567164178
4	http://www.kieselguitars.com/	0.0	0.0	0.09090909090909091	0	0	0	0	0	0	0.027777777777777776	5	0	0.0	0	0.0
5	http://arvinelectronics.com/	0	0	0	0	0	0	0	0	0	0	2	0	0.25	0	0.8333333333333334
6	http://www.city-data.com/city/Arvin-California.html	0.14705882352941177	0.0	0	0	3.154119048249242	0	0	0	0	0	32	0.6806511056511056	0.13157894736842105	0.29411764705882354	0.026881720430107527
7	http://www.zillow.com/arvin-ca/	0.03289473684210526	0.014750064721891663	0.25	0	0	0.29411764705882354	0.0	0.0	0	0	102	0.0	0.2777777777777778	30.035909075524202	0.18867924528301888
8	http://www.urbandictionary.com/define.php?term=arvin	0	0.5884879240142398	0	0	0.0	0.0	0	0	0	0	121	0.0	0.125	0.0	0.21739130434782608
9	http://www.thinkbabynames.com/meaning/1/Arvin	0.03225806451612903	0.0	0	0.47619047619047616	0	0	0	0	0	0.1282051282051282	0	0.3198342953745869	0.16129032258064516	0.0	0.23255813953488372
10	http://www.meritor.com/	0	0.0	0.0	0.0	0	0	0	0	0	0	10	0	0.0	0.0	0.0
11	http://www.arvinschools.com/	0	1.0692739754524652	0.0	0	0	0	0	0	0	0	13	0	0.3125	0.0	0.09259259259259259
12	http://www.ebay.com/sch/i.html?_nkw=arvin	0.14492753623188406	0.0	0.0	0.0	0.0	0	0	0	0	0.32967032967032966	238	0.0	0.17857142857142858	0.8333333333333334	0.35714285714285715
13	http://www.maxpreps.com/high-schools/arvin-bears-(arvin,ca)/basketball/home.htm	0.04424778761061947	0.0	0	0.0	0.0	0	0	0	0	0	32	0.49039112040428307	0.15625	0.8333333333333334	0.11627906976744186
14	http://www.maxpreps.com/state/basketball/california.htm	0.0	0.0	0.0	0.0	0.0	0	0	0	0	0	14	0.0	0.0	0.0	0.0
15	http://www.citytowninfo.com/places/california/arvin	0.058823529411764705	0.0	0.29411764705882354	0	2.919297701969487	0	0	0	0	0.06756756756756757	37	0.43270489353854075	0.13513513513513514	0.8333333333333334	0.06493506493506493
16	http://www.citytowninfo.com/places	0.0	0.0	0.0	0	0.0	0	0	0	0	0.0	114	0.0	0.0	0.0	0.0
17	http://carvinaudio.com/	0.0	0.0	0.0	0	0.0	0	0	0	0	0	8	0.0	0.3333333333333333	0.0	0.07936507936507936
18	http://arvin.net/	0.06578947368421052	0.0	0	0	0	0	0.0	0	0	0.04065040650406504	0	0.0	0.5555555555555556	0.3611111111111111	0.35714285714285715
19	http://www.darvin.com/	0.031055900621118012	0.6961514121825014	0.1724137931034483	0	0.0	0	0	0	0	0	12	0.0441562555495294	0.5	0.0	0.08771929824561403
20	http://www.ebay.com/sch/i.html?_nkw=arvin+radio	0.06493506493506493	0.0	0.0	0.0	0.0	0	0	0	0	0.043859649122807015	205	0.0	0.14705882352941177	0.4166666666666667	0.25
21	http://www.dictionary.com/browse/arvin	0.040983606557377046	0.0	1.0	0	1.2272727272727273	0	0	0	0	0.23255813953488372	46	0.0	0.2	3.0	0.2631578947368421
22	http://www.topix.com/city/arvin-ca	0.053763440860215055	1.1677350427350428	0.5	0	0	0.0	0.0	0	0	0	18	0.8836251824056702	0.23809523809523808	1.5	0.3125
23	http://www.topix.com/state/ca	0.0	0.0	0.0	0	0	0.0	0.0	0	0	0	28	0.0	0.0	0.0	0.0
24	http://www.topix.com/county/kern-ca	0.0	0.0	0.0	0	0	0.0	0.0	0	0	0	28	0.0	0.0	0.0	0.0
25	http://www.dictionary.com/browse/arvin	0.040983606557377046	0.0	1.0	0	1.2272727272727273	0	0	0	0	0.23255813953488372	46	0.0	0.2	3.0	0.2631578947368421
26	http://www.topix.com/city/arvin-ca	0.053763440860215055	1.1677350427350428	0.5	0	0	0.5	0.0	0	0	0	18	0.8836251824056702	0.23809523809523808	1.5	0.3125
27	http://www.topix.com/state/ca	0.0	0.0	0.0	0	0	0.0	0.0	0	0	0	28	0.0	0.0	0.0	0.0
28	http://www.topix.com/county/kern-ca	0.0	0.0	0.0	0	0	0.0	0.0	0	0	0	28	0.0	0.0	0.0	0.0
29	http://local.dmv.org/california/kern-county/arvin/317-campus-drive/dmv-office-locations.php	0.06944444444444445	0.0	0.2702702702702703	0	0	0	0	0	0	0	22	0.45535714285714285	0.06329113924050633	0.3125	0.2127659574468085
30	http://local.dmv.org/california/dmv-office-locations.php	0.0	0.0	0.0	0	0.0	0	0	0	0	0	16	0.0	0.0	0.0	0.0
31	http://local.dmv.org/california/kern-county/dmv-office-locations.php	0.0	0.0	0.0	0	0.0	0	0	0	0	0	30	0.0	0.0	0.0	0.0
32	http://local.dmv.org/california/kern-county/arvin/dmv-office-locations.php	0.044642857142857144	0.0	0.1388888888888889	0	0	0	0	0	0	0	16	0.0	0.07936507936507936	0.16666666666666666	0.13157894736842105
33	http://ronarvin.com/?page_id=2	0	0.0	0.0	0.0	0.23214285714285715	0	0	0	0	0	9	0.0	0.22727272727272727	0	0.29411764705882354
34	https://www.instagram.com/arvinsworld/	0.0	0	0	0	0	0	0	0	0	0	0	0	0.20833333333333334	0	0.19230769230769232
35	http://arvin.kernhigh.org/information/about-arvin/	0	0.0	0.45454545454545453	0	0.0	0	0	0	0	0	99	0.5909921170935444	0.25	0.0	0.6944444444444444
36	http://www.vorname.com/name,Arvin.html	0.0625	1.9945604159248773	0.8333333333333334	0.15151515151515152	0	0.0	0.0	0.0	0	0	157	0.30951166645416295	0.19230769230769232	4.428571428571429	0.09433962264150944
37	https://en.wikipedia.org/wiki/Newton_Arvin	0	0.0	0.4166666666666667	0.0	0.0	0	0	0	0	0	43	1.218735397554099	0.15625	0.5075757575757576	0.10638297872340426
38	http://www.youtube.com/watch?v=BkY9YbZUuXM	0.12931034482758622	0.0	0.0	0	0.0	0.0	0	0	0	0.0625	8	0.8333333333333334	0.0	2.014107767595734	0.8333333333333334
39	http://www.communitywatercenter.org/tags/arvin	0	0.057927339695295496	0.0	0	0.0	0.0	0.0	0	0	0	27	0.6477403809798576	0.15151515151515152	0.0618300400361617	0.16129032258064516
40	http://www.youtube.com/watch?v=BkY9YbZUuXM	0.12931034482758622	0.0	0.0	0	0.0	0.0	0	0	0	0.0625	8	0.8333333333333334	0.0	2.014107767595734	0.8333333333333334
41	http://www.communitywatercenter.org/tags/arvin	0	0.057927339695295496	0.0	0	0.0	0.0	0.0	0	0	0	27	0.6477403809798576	0.15151515151515152	0.0618300400361617	0.16129032258064516
42	http://www.healthgrades.com/physician/dr-diane-arvin-27hnv	0.033783783783783786	0.3125	0	0.8061821219715957	0.0	0.7555555555555555	0.0	0.0	0	0	88	0.7492041402433767	0.1111111111111111	4.576512127956026	0.1
43	http://www.maxpreps.com/high-schools/arvin-bears-(arvin,ca)/football/home.htm	0.033112582781456956	0.0	0	0.0	0.0	0	0	0	0	0	29	0.4400671693177737	0.16129032258064516	0.8680555555555556	0.12195121951219512
44	http://www.maxpreps.com/national/football.htm	0.0	0.0	0.0	0.0	0	0	0	0	0	0	14	0.0	0.0	0.0	0.0
45	http://www.maxpreps.com/state/football/california.htm	0.0	0.0	0.0	0.0	0.0	0	0	0	0	0	18	0.0	0.0	0.0	0.0
46	http://www.trulia.com/CA/Arvin/	0.04	17.795454545454543	0.2	0.11904761904761904	0	0	0.0	0	0	0	4	0.0	0.29411764705882354	0.0	0.22727272727272727
47	http://www.realtor.com/realestateandhomes-search/Arvin_CA	0.0	0.0	0	0.0	0	0	0	0	0	0	92	0.0	0.11363636363636363	0.0	0.0
48	http://www.realtor.com/realestateandhomes-search/California	0.0	0.0	0	0.0	0	0	0	0	0	0	92	0.0	0.0	0.0	0.0
49	http://www.realtor.com/realestateandhomes-search/Kern-County_CA	0.0	0.0	0	0.0	0	0	0	0	0	0	92	0.0	0.0	0.0	0.0
50	http://www.youtube.com/watch?v=U2JTIwppjSM	0.03125	0.0	0.0	0	0.0	0.0	0	0	0	0.045454545454545456	8	0.2777777777777778	0.0	1.754006757494724	0.10204081632653061
51	http://www.bbb.org/raleigh-durham/business-reviews/small-engine-mechanics/arvin-in-raleigh-nc-17514	0.10101010101010101	0.0	0.45454545454545453	0.0	0.0	0.0	0.0	0.0	0	0.18691588785046728	103	0.5852324171587179	0.05952380952380952	0.5238095238095238	0.07042253521126761
52	http://www.bbb.org/raleigh-durham/business-reviews/small-engine-mechanics	0	0.0	0	0.0	0.0	0.0	0	0.0	0	0	129	0.0	0.0	0.0	0
53	http://www.desmogblog.com/2014/11/01/arvin-california-town-tipping-point-thanks-local-oil-company	0.009369144284821987	0.0	0.06172839506172839	0.0	0	0	0	0	0	0.08064516129032258	47	0.1149066058936705	0.06097560975609756	0.0	0.05319148936170213
54	http://www.indeed.com/l-Arvin,-CA-jobs.html	0.0684931506849315	0.18518518518518517	0	0.0	0	0	0	0	0	0.21875	3	0.0	0.16129032258064516	2.2222222222222223	0.11904761904761904
55	http://www.indeed.com/l-Arvin,-CA-jobs.html	0.0684931506849315	0.18518518518518517	0	0.0	0	0	0	0	0	0.21875	3	0.0	0.16129032258064516	2.2222222222222223	0.11904761904761904
56	https://meritorpartsonline.com/	0.0	0.0	0	0	0	0	0	0	0	0	7	0.0	0.0	0.0	0.0
57	http://nameberry.com/babyname/Arvin	0.09933774834437085	0.0	1.0	0.0	0.48033794162826426	1.0376920562275254	0	0	0	0.0	16	0.1049313005834745	0.19230769230769232	7.571895424836601	0.22727272727272727
58	http://arvind.com/	0	0.0	0	0	0	0	0	0	0	0	0	0.017123287671232876	0.5	0	0.35714285714285715
59	http://www.arvinhomesystems.com/	0	0.08620689655172414	0.0	0.0	0.20833333333333334	0	0	0	0	0	1	0.0	0.25	0.0	0.054945054945054944
60	http://www.radioatticarchives.com/archive.htm?page=a6	0.0	0.0	0	0	0	0	0	0	0	0.0	80	0.0	0.0	0	0.0
61	http://www.bloomberg.com/research/stocks/private/snapshot.asp?privcapId=252275	0.045871559633027525	0.0	0.0	0.12195121951219512	0.0	0.0	0	0	0	0.09900990099009901	66	0.20180608049864068	0.0	0.22727272727272727	0.07575757575757576
62	http://www.remax.com/realestatehomesforsale/arvin-ca-p001.html	0.038461538461538464	0.0	0.25	0.0	0.0	0	0	0.0	0	0.13636363636363635	15	0.0	0.10204081632653061	2.1129326047358843	0.13157894736842105
63	http://www.remax.com/advancedsearch/	0.0	0.0	0.0	0.0	0.0	0	0	0.0	0	0.0	15	0.0	0.0	0.0	0.0
64	http://www.colliers.com/arvin.vanderveen	0	0.0	0.0	0	0.0	0.38461538461538464	0.0	0	0	1.0	5	0.0	0.17857142857142858	1.364540182270091	0.11627906976744186
65	http://headhuntershorrorhouse.wikia.com/wiki/Arvin	0.05263157894736842	0.0	1.0	0.0	0.0	0	0	0	0	0.02702702702702703	48	0.30119786894702905	0.12195121951219512	0.0	0.078125
66	http://www.mapsofworld.com/location-maps/usa/arvin.html	0.030303030303030304	0.0	0.19230769230769232	0	0	0	0	0	0	0.18518518518518517	346	0.0	0.12195121951219512	0.0	0.19230769230769232
67	http://www.mapsofworld.com/location-maps/	0.0	0.0	0.0	0.0	0	0	0	0	0	0.0	578	0.0	0.0	0.0	0.0
68	http://www.mapsofworld.com/location-maps/usa/	0.0	0.0	0.0	0.0	0	0	0	0	0	0.0	464	0.0	0.0	0.0	0.0
69	http://www.rent.com/california/arvin-apartments/2-10499	0.031446540880503145	0.0	0.15625	0.21739130434782608	0.0	0.0	0	0.0	0	0	9	0.0	0.12195121951219512	1.0	0.08928571428571429
70	http://www.rent.com/california/1-19	0.0	0.0	0.0	0.0	0.0	0	0	0.0	0	0	9	0.0	0.0	0.0	0.0
71	http://www.searspartsdirect.com/partsdirect/brands-products/Arvin-Parts/Heater-Parts	0.06578947368421052	0.0	0.07142857142857142	0.0	0.0	0.0	0	0	0	0	40	0.40476190476190477	0.07246376811594203	0.4166666666666667	0.08196721311475409
72	http://www.searspartsdirect.com/partsdirect/brands/	0.0	0.0	0.0	0.0	0.0	0.0	0	0	0	0	40	0.0	0.0	0.0	0.0
73	http://www.searspartsdirect.com/partsdirect/brands/Arvin-Parts	0.0684931506849315	0.0	0.09090909090909091	0.0	0.0	0.0	0	0	0	0	40	0.03787878787878788	0.10416666666666667	0.4166666666666667	0.16129032258064516
74	https://www.linkedin.com/in/arvintang	0.04184100418410042	0.0	0.5	0.3225806451612903	0.46296296296296297	0.34285714285714286	0.0	0	0	0	164	0.16697914225451138	0.21739130434782608	0.0	0.23809523809523808
75	http://www.trulia.com/for_rent/Arvin,CA/	0.07462686567164178	0.0	0.1724137931034483	0.0	0.0	0.0	0.0	0.11904761904761904	0	0	9	0.0	0.19230769230769232	0.0	0.10416666666666667
76	http://www.sheknows.com/baby-names/name/arvin	0	0.0	2.0	0	0.0	0.25	0.0	0	0	0	22	0.4819976771196284	0.16129032258064516	1.0	0.2777777777777778
77	https://www.arin.net/	0	0.0	0	0	0.0	0	0	0	0	0	9	0.0	0.0	0.0	0.0
78	https://www.facebook.com/arvinlall	0.047619047619047616	0.21739130434782608	0	0	0	0	0	0	0	0	76	0.22727272727272727	0.23809523809523808	2.7777777777777777	0.25
80	http://www.ancestry.com/name-origin?surname=arvin	0	0.0	0.25	0.0	0.0	0.5734946697774107	0.0	0	0	0	56	0.11973076312064973	0.13513513513513514	0.0	0.39829302987197723
81	http://www.yellowpages.com/arvin-ca/restaurants	0.06451612903225806	0.0	1.0	0.0	0.0	0.0	0.0	0	0	0	76	0.03759398496240601	0.14705882352941177	22.499999999999996	0.10869565217391304
82	http://www.cde.ca.gov/re/sd/details.asp?cds=15633130000000&public=Y	0.06756756756756757	0.0	0.0	0.45454545454545453	0.0	0	0	0	0	0	21	0.0	0.0	0.0	0.08196721311475409
83	http://www.cde.ca.gov/re/	0.0	0.0	0.0	0	0	0.0	0	0	0	0.0	2	0	0.0	0.0	0.0
84	http://www.cde.ca.gov/re/sd/index.asp	0.0	0.0	0.0	0	0.0	0	0	0	0	0	19	0.0	0.0	0.0	0.0
85	http://www.arvinflowers.com/	0.11811023622047244	0.7692307692307693	0	0	0.0	0	0	0	0	0.15384615384615385	22	0.4003882552778452	0.3125	2.0	0.28846153846153844
86	http://villains.wikia.com/wiki/Arvin	0.05319148936170213	0.0	1.0	0.0	0.0	0	0	0	0	0.11363636363636363	46	0.13879066206529053	0.18518518518518517	0.0	0.10638297872340426
87	http://www.usma.edu/dpe/SitePages/Home.aspx	0	0.0	0	0	0.0	0	0	0	0	0	20	0.0	0.0	0.10416666666666667	0.0
88	http://www.usma.edu/dpe	0	0.0	0	0	0.0	0	0	0	0	0	20	0.0	0.0	0.10416666666666667	0.0
89	http://www.referenceforbusiness.com/history2/15/Arvin-Industries-Inc.html	0.15151515151515152	0.0	0.07462686567164178	0.15151515151515152	0	0.0	0	0	0	0	2	0.9093090272045352	0.0847457627118644	0.0	0.07462686567164178
90	http://www.referenceforbusiness.com/history2/Uncategorized.html	0.0	0.0	0	0.0	0	0	0	0	0	0	2	0	0.0	0.0	0.0
91	http://www.filters-now.com/products/uan.html	0.14285714285714285	0.0	1.0	0.3125	0.0	0	0	0	0	0.0	400	0.5	0.0	0.0	0.09433962264150944
93	http://www.genealogy.com/forum/surnames/topics/arvin/	0.0684931506849315	2.0269151138716355	1.0	0	0	0	0	0	0	0	51	0.0	0.13513513513513514	1.0	0.15625
94	http://www.mountsinai.org/profiles/arvin-dar	0	0.0	0	0	0	0.0	0	0	0	0	86	0.0	0.16129032258064516	0.078125	0.14285714285714285
95	https://www.justcollecting.com/miscellania/vintage-arvin-radios	0.06535947712418301	0.0	0.23809523809523808	0.0	0.3782051282051282	0	0	0	0	0.049019607843137254	10	0.5314803343989534	0.10204081632653061	0.0	0.23809523809523808
96	http://alias.wikia.com/wiki/Arvin_Sloane	0.05263157894736842	0.0	0.4166666666666667	0.4166666666666667	0.0	0	0	0	0	0.03787878787878788	49	0.056597554316648334	0.16129032258064516	0.0	0.10869565217391304
97	http://arvinalumni.org/in_memory.htm	0	0.0	0	0	0	0	0	0	0	0	0	0	0.17857142857142858	0	0.1388888888888889
98	https://www.tripadvisor.com/Tourism-g29114-Arvin_California-Vacations.html	0.12195121951219512	0.5571364046973803	0.6512605042016807	0	0.49889174889174887	0	0	0	0	0.1282051282051282	2	0.0	0.08196721311475409	1.0	0.19607843137254902
99	https://www.tripadvisor.com/Tourism-g191-United_States-Vacations.html	0.0	0.0	0.0	0	0.0	0.0	0	0	0	0.0	2	0.0	0.0	0.0	0.0
100	https://www.tripadvisor.com/Tourism-g28926-California-Vacations.html	0.0	0.0	0.0	0	0.0	0.0	0	0	0	0.0	1	0.0	0.0	0.0	0.0
101	http://local.dmv.org/california/kern-county/arvin/dmv-office-locations.php	0.044642857142857144	0.0	0.1388888888888889	0	0	0	0	0	0	0	16	0.0	0.07936507936507936	0.16666666666666666	0.13157894736842105
102	http://local.dmv.org/california/dmv-office-locations.php	0.0	0.0	0.0	0	0.0	0	0	0	0	0	17	0.0	0.0	0.0	0.0
103	http://local.dmv.org/california/kern-county/dmv-office-locations.php	0.0	0.0	0.0	0	0.0	0	0	0	0	0	31	0.0	0.0	0.0	0.0
104	http://www.arvinas.com/careers	0.06329113924050633	0.0	0.0	0	0.0	0	0	0	0	0	0	0.104298392737338	0.2777777777777778	0.0	0.29411764705882354
105	http://arvinphotography.com/	0	0.0	0.0	0.0	0.1023391812865497	0.5481398171655493	0.0	0.14705882352941177	0	0	10	0.0	0.25	0	0
106	http://arvin2.smugmug.com/	0.005005005005005005	0.0	0	0.0	0	0	0	0	0	0	10	0	0.2777777777777778	0.0	0.8333333333333334
107	http://www.khov.com/find-new-homes/california/arvin/93203/k-hovnanian-homes/aspire	0.033112582781456956	0.0	0.0	0.0	0	0.0	0	0	0	0	8	0.021834061135371178	0.07692307692307693	0.0	0.15151515151515152
108	http://www.greatschools.org/california/arvin/1186-Bear-Mountain-Elementary-School/	0.028901734104046242	2.9027777777777777	0.0	0.0	0.0	0	0	0	0	0.06048387096774194	28	0.0	0.07462686567164178	2.25	0.06756756756756757
109	http://www.greatschools.org/california/	0.0	0.0	0.0	0.0	0.0	0.0	0	0	0	0.0	30	0.0	0.0	0.0	0.0
110	http://www.greatschools.org/california/arvin/	0.072992700729927	2.2941176470588234	0.38461538461538464	0.0	0.0	0.0	0	0	0	0.24305555555555555	19	0.0	0.16129032258064516	5.111111111111111	0.14705882352941177
111	http://www.greatschools.org/california/arvin/schools/	0.07692307692307693	1.4558733890630446	0.0847457627118644	0	0	0	0	0	0	0	74	0.0	0.13157894736842105	1.0	0.21739130434782608
112	http://www.arvinsango.com/	0	0.0	0.024630541871921183	0	0.29411764705882354	0	0	0	0	0	1	0.0	0.35714285714285715	0.1724137931034483	0.21739130434782608
113	http://www.superpages.com/bp/arvin-ca/arvin-union-school-district-L0080517686.htm	0.12953367875647667	0.0	0.18518518518518517	0	0.0	0.0	0	0	0	0.16393442622950818	17	0.0	0.14925373134328357	0.7529794998443559	0.19736842105263158
114	http://www.arvinamerica.net/	0	0.0	0	0	0.0	0	0	0	0	0	3	0.10498633858552406	0.3125	0.0	0.09433962264150944
115	http://www.city-data.com/crime/crime-Arvin-California.html	0.033112582781456956	0.0	0	0	0	0.0	0	0	0	0	19	0.20797598627787306	0.1111111111111111	0.02976190476190476	0.03067484662576687
116	http://www.alvinco.com/	0	0.0	0.0	0.0	0	0	0	0	0	0	0	0.0	0.0	0.0	0.0
117	http://www.oldham.kyschools.us/arvin/	0.02564102564102564	0.0	0.19607843137254902	0	0	0	0	0	0	0.023255813953488372	10	0.3333333333333333	0.20833333333333334	0.45154746072177265	0.22727272727272727
118	http://commons.wikimedia.org/wiki/Category:Arvin,_California	0	0.0	0.19230769230769232	0.13513513513513514	0.0	0	0	0	0	0	28	0.0	0.1	0.0	0.10869565217391304
120	http://www.americantowns.com/ca/arvin	0.058823529411764705	0.0	0	0.0	0.0	0.9147495017060234	0.0	0	0	0.199203187250996	27	0.9470432867127809	0.20833333333333334	1.2777777777777777	0.10416666666666667
121	http://www.bestplaces.net/city/california/arvin	0.0	0.0	0	0.0	1.3701690821256038	0	0	0	0	0.0	146	0.0	0.15151515151515152	1.2768476077299606	0.1111111111111111
122	http://www.radiomuseum.org/dsp_hersteller_detail.cfm?company_id=709	0.03355704697986577	0.1282051282051282	0.12195121951219512	0	0	0	0	0	0	0.042735042735042736	21	0.06944444444444445	0.0	0.0	0.08333333333333333
123	https://twitter.com/Arvin	0.1	0.0	0.0	0.29411764705882354	0.10204081632653061	0.0	0	0	0	0	23	0.921474358974359	0.3125	2.9455438178842432	0.4166666666666667
124	http://arvinfrozenfoods.com/	0	0	0	0	0	0	0	0	0	0	0	0	0.25	0	0
125	http://www.kieselguitars.com/customshop/	0.0	0	0.0	0	0	0	0	0	0	0.03571428571428571	178	0	0.0	0.0	0.0
126	http://doctor.webmd.com/doctor/arvin-bhatia-md-2cd37fb6-9091-403b-bbc6-047b9cee7f48-overview	0.07575757575757576	0.0	0	0.0	0.0	0.0	0.0	0	0	0.13157894736842105	189	0.0	0.060240963855421686	0.21739130434782608	0.0641025641025641
127	http://arvinsflowershop.com/	0.029411764705882353	0.10638297872340426	0	0	0	0	0	0	0	0.010964912280701754	8	0	0.25	0.0	0.08064516129032258
128	http://www.preservingarvin.com/	0	0.0	0	0	0	0	0	0	0	0	0	0.01858736059479554	0.2631578947368421	0.9224031910251937	0.3125
129	http://www.beachcalifornia.com/edca/public-schools/arvin/1-arvin-union-school-district-family-resource-center-661-854-6533.html	0.055401662049861494	0.7142857142857142	0.16393442622950818	0.11904761904761904	0.27902621722846443	0	0	0	0	0.19230769230769232	1	0.19053679718499664	0.08928571428571429	0.8007746757746756	0.2535559678416821
130	http://arvintech.com/IT-Support-Small-Business/arvintech.html	0	0.0	0	0	0	0	0	0	0	0	2	0.9689065723548482	0.19230769230769232	0	0.5555555555555556
131	http://www.araoent.com/	0.029850746268656716	0.0	0	0.0	0	0	0	0	0	0.0	4	0.023148148148148147	0.0	0.078125	0.0
132	http://www.yellowpages.com/arvin-ca/medical-clinics	0.06134969325153374	0.0	1.0	0.0	0.0	0.0	0	0	0	0	40	3.6956521739130443	0.13157894736842105	1.6944444444444446	0.1
133	http://www.californiagasprices.com/Arvin/index.aspx	0.08403361344537816	0.0	0.0	0.0	0	0	0	0	0	0	54	0.0	0.13157894736842105	0.0	0.15151515151515152
134	http://www.apexhaust.com/	0.0	0.0	0	0.0	0.0	0	0	0	0	0	10	0.0	0.0	0.0	0.0
135	http://www.darvin.com/current/clearance.aspx	0.013262599469496022	0.4849137931034483	0	0	0.0	0	0	0	0	0	26	0.015151515151515152	0.16129032258064516	0.0	0.09259259259259259
136	http://www.loopnet.com/California/Arvin-Commercial-Real-Estate/	0.0881057268722467	0.0	0.0	0.6284543129346895	0.0	0	0.0	0	0	0.19148936170212766	37	0.19939855983272445	0.10204081632653061	0.9523878809413293	0.14925373134328357
137	http://evergreenarvin.com/	0.09259259259259259	0.0	0	0.12195121951219512	0.0	0	0	0	0	0.033112582781456956	4	0.23469234241010983	0.2777777777777778	0.3333333333333333	0.15151515151515152
138	http://www.nfl.com/player/percyharvin/80425/profile	0	0.0	0.0	0	0	0	0	0	0	0	115	0.13346727898966704	0.1388888888888889	0.4166666666666667	0.18518518518518517
139	http://www.lafiaarvin.com/	0.06696428571428571	0.06097560975609756	0.0	0	0.08928571428571429	0	0	0	0	0.04132231404958678	4	0.029239766081871343	0.35714285714285715	0.468709760494463	0.10204081632653061
140	http://www.bakersfield.com/news/2015/06/19/arvin-fars-under-fire.html	0.10204081632653061	0.0	0.08064516129032258	0	0.0	0.0	0.0	0	0	0.0	55	0.6878085509297528	0.09433962264150944	0.0	0.07692307692307693
141	http://www.realtor.com/soldhomeprices/Arvin_CA	0.0	0.0	0	0.0	0	0	0	0	0	0	92	0.0	0.15151515151515152	0.0	0.0
142	http://www.realtor.com/soldhomeprices/California	0.0	0.0	0	0.0	0	0	0	0	0	0	92	0.0	0.0	0.0	0.0
143	http://www.realtor.com/soldhomeprices/Kern-County_CA	0.0	0.0	0	0.0	0	0	0	0	0	0	92	0.0	0.0	0.0	0.0
144	http://www.cde.ca.gov/re/sd/details.asp?cds=15635291530252&public=Y	0.06329113924050633	0.0	0.0	0.5	0.0	0	0	0	0	0	21	0.0	0.0	0.0	0.08333333333333333
145	http://www.cde.ca.gov/re/	0.0	0.0	0.0	0	0	0.0	0	0	0	0.0	2	0	0.0	0.0	0.0
146	http://www.cde.ca.gov/re/sd/index.asp	0.0	0.0	0.0	0	0.0	0	0	0	0	0	19	0.0	0.0	0.0	0.0
147	http://www.arvinhomeinspections.com/	0	0.0	0.0	0	0.0	0.0	0	0	0	0	3	0.2585227272727273	0.20833333333333334	0.0	0.1111111111111111
148	http://staffwww.plainfield.k12.in.us/~jarvin/	0	0.0	0	0	0	0	0	0	0	0	6	0.35714285714285715	0.15625	0.0	0.0
149	https://www.apartmentlist.com/ca/arvin	0.045454545454545456	1.5459057071960298	0.0	0	0.0	0	0	0	0	0	2	0.10963409691917399	0.20833333333333334	3.7241692059475904	0.10416666666666667
150	http://www.localconditions.com/weather-arvin-california/93203/	0.07575757575757576	0.06818181818181818	0.29411764705882354	0.10638297872340426	0	0.0	0	0	0	0.2127659574468085	51	0.0	0.10416666666666667	0.0	0.10869565217391304
151	http://www.localconditions.com/us/weather/california/	0.0	0.0	0.0	0.0	0	0.0	0	0	0	0.0	1312	0.0	0.0	0.0	0.0
152	http://www.accuweather.com/en/us/arvin-ca/93203/daily-weather-forecast/2154379	0.06134969325153374	0.0	0.5555555555555556	0.0	0.0	0.0	0.0	0	0	0.060240963855421686	155	0.0	0.08196721311475409	0.2631578947368421	0.09433962264150944
153	http://www.accuweather.com/en/us/ca/california-weather	0.0	0.0	0	0.0	0.0	0.0	0.0	0	0	0	208	0.0	0.0	0.0	0.0
154	http://www.accuweather.com/en/us/arvin-ca/93203/weather-forecast/2154379	0.06172839506172839	0.0	0.5555555555555556	0.0	0.22727272727272727	0.0	0.0	0	0	0.078125	178	0.0	0.09090909090909091	0.38461538461538464	0.1
156	https://www.tripadvisor.com/Restaurants-g29114-Arvin_California.html	0.06993006993006994	2.4337557603686637	0.3996865203761756	0	0.0	0	0	0	0	0.07462686567164178	1	0	0.09090909090909091	2.0	0.10416666666666667
157	https://www.tripadvisor.com/Tourism-g28926-California-Vacations.html	0.0	0.0	0.0	0	0.0	0.0	0	0	0	0.0	2	0.0	0.0	0.0	0.0
158	https://www.tripadvisor.com/Tourism-g29114-Arvin_California-Vacations.html	0.12195121951219512	0.5571364046973803	0.6512605042016807	0	0.49889174889174887	0	0	0	0	0.1282051282051282	2	0.0	0.08196721311475409	1.0	0.19607843137254902
159	http://www.presidency.ucsb.edu/vietnam/Glossary%20of%20Military%20Terms%20&%20Slang%20from%20the%20Vietnam%20War%20A-C.htm	0	0.0	0.0	0	0.0	0.0	0	0.0	0	0	33	0	0.0	0	0.0
160	https://www.snapchat.com/add/arvinsworld	0	0.0	0	0.45454545454545453	0	0	0	0	0	0	28	0.0	0.19230769230769232	0	0.0
161	http://www.americantowns.com/ca/arvin/events	0.10101010101010101	0.0	0.23809523809523808	0.0	0.0	0.2	0.0	0	0	0.0	14	0.0	0.16666666666666666	1.0	0.18518518518518517
162	http://www.americantowns.com/ca/arvin	0.058823529411764705	0.0	0	0.0	0.0	0.9147495017060234	0.0	0	0	0.199203187250996	27	0.9470432867127809	0.20833333333333334	1.2777777777777777	0.10416666666666667
163	http://www.arvinlimited.com/	0.0	0.0	0	0	0	0.15151515151515152	0	0	0	0.0	8	0.20706221132462793	0.3125	0	0.09090909090909091
164	http://www.owenarvin.com/	0.07142857142857142	1.0	0.0	0.2631578947368421	0.0	0.0	0	0	0	0	1	0.0	0.38461538461538464	0.0	0.0
166	http://www.arvig.net/	0.0	0.0	0.0	0	0	0.0	0	0	0	0	17	0.0	0.0	0.0	0.0
167	http://www.indeed.com/q-Arvin-jobs.html	0.07936507936507936	0.21739130434782608	0	0.0	0	0	0	0	0	0.050505050505050504	3	0.0	0.18518518518518517	3.1437908496732025	0.14285714285714285
168	http://arvin-bookstore.com/	0.0	0.0	0	0.0	0	0.0	0.0	0	0	0.0	8	0.04504504504504504	0.2631578947368421	0.0	0.0
169	http://www.fairview.org/Providers/Bio/S_102314	0.0	0.0	0.0641025641025641	0.0	0	0	0	0	0	0.12658227848101267	101	0	0.0	0.0	0.09615384615384616
170	http://www.fairview.org/Providers/index.htm	0.0	0.0	0	0.0	0	0	0	0	0	0.0	104	0	0.0	0.0	0.0
171	http://www.fairview.org/Providers/Bio/index.htm	0	0.0	0	0.0	0	0	0	0	0	0	104	0.0	0.0	0.0	0.0
173	http://www.skofirm.com/attorney/shannon-bishop-arvin/	0	0.0	0.5	0.0	0	0.0	0	0	0	0	101	0.0	0.1282051282051282	0.25	0.10869565217391304
174	https://www.youcaring.com/medical-fundraiser/eric-arvin-support-fund/116877	0.0	0.0	0.21739130434782608	0.0	0	0	0	0	0	0	21	0.21739130434782608	0.08333333333333333	0.37868162692847124	0.08928571428571429
175	https://www.youcaring.com/fundraisers/medical-expenses	0.0	0.0	0.0	0.0	0	0	0	0	0	0	76	0.0	0.0	0.0	0.0
176	http://www.zillow.com/homedetails/516-Olson-Way-Arvin-CA-93203/18956672_zpid/	0.03225806451612903	0.06674444539020713	0.0	0.0	0.0	0.0	0.0	0.2777777777777778	0	0	120	0.0	0.08064516129032258	28.694002182812916	0.125
177	http://www.zillow.com/ca/	0.0	0.0	0.0	0	0	0.0	0	0.0	0	0	99	0.0	0.0	0.0	0.0
178	http://www.zillow.com/arvin-ca/	0.03289473684210526	0.014750064721891663	0.25	0	0	0.29411764705882354	0.0	0.0	0	0	102	0.0	0.2777777777777778	30.035909075524202	0.18867924528301888
179	http://www.zillow.com/ca-93203/	0.0	0.0	0.0	0	0	0.0	0	0.0	0	0	100	0.0	0.0	30.03574747242142	0.0
180	http://www.facebook.com/pages/Arvin-Vohra/108277049201101	0.037037037037037035	0.14705882352941177	0	0	0	0	0	0	0	0	160	0.4166666666666667	0.11627906976744186	0.0	0.22727272727272727
181	http://www.arvinchamberofcommerce.com/	0	0.577175697865353	0	0	0	0	0	0	0	0	0	0.029709967890548653	0.19230769230769232	0.2	0.2
182	https://themeaningofthename.com/arvin/	0	0.0	0	0	0.0	0.0	0	0	0	0.043478260869565216	7	0.36646781352463487	0.17857142857142858	0.0	0.1388888888888889
183	https://www.yelp.com/biz/arvin-taneja-md-newport-beach	0.02127659574468085	0.16666666666666666	0.13157894736842105	0.0	0.18214055448098002	0.0	0	0	0	0.0	106	0.0	0.125	0.3125	0.1724137931034483
184	https://www.yelp.com/c/newport-beach-ca-us/physicians	0.0	0.0	0.0	0.0	0.0	0	0	0	0	0.0	96	0.0	0.0	0.0	0.0
185	https://www.yelp.com/c/newport-beach-ca-us/cosmeticsurgeons	0.02040816326530612	0.0	0.0	0.0	0.0	0.0	0	0	0	0.0	101	0.0	0.0	0.3125	0.0
186	https://polyclinic.com/providers/arvin-mokha	0.01483679525222552	0.0	0.35714285714285715	0.35714285714285715	0.3333333333333333	0	0	0	0	0	6	0.0	0.14705882352941177	0.0	0.16129032258064516
187	http://www.apartments.com/arvin-ca/	0.030864197530864196	3.9520388939780586	0.2	0.14705882352941177	0.0	0.0	0.0	0	0	0.08196721311475409	73	0.030864197530864196	0.22727272727272727	0.0	0.1
188	http://www.greatschools.org/california/arvin/	0.072992700729927	2.2941176470588234	0.38461538461538464	0.0	0.0	0.0	0	0	0	0.24305555555555555	19	0.0	0.16129032258064516	5.111111111111111	0.14705882352941177
189	http://www.greatschools.org/california/	0.0	0.0	0.0	0.0	0.0	0.0	0	0	0	0.0	30	0.0	0.0	0.0	0.0
190	http://www.apartmentguide.com/apartments/California/Arvin/	0.026455026455026454	0.0	0	0.5555555555555556	1.4069619601963723	0.0	0.0	0	0	0	18	0.0	0.11627906976744186	2.0961538461538463	0.10869565217391304
191	http://www.apartmentguide.com/apartments/California/	0.0	0.0	0.0	0.0	0.0	0.0	0.0	0	0	0	17	0.0	0.0	0.0	0.0
192	http://www.apartmentguide.com/apartments/California/Arvin/	0.026455026455026454	0.0	0	0.5555555555555556	1.4069619601963723	0.0	0.0	0	0	0	18	0.0	0.11627906976744186	2.0961538461538463	0.10869565217391304
193	http://www.apartmentguide.com/apartments/California/	0.0	0.0	0.0	0.0	0.0	0.0	0.0	0	0	0	17	0.0	0.0	0.0	0.0
194	http://www.superpages.com/bp/raleigh-nc/arvin-inc-L0005939297.htm	0.07352941176470588	0.0	0.5555555555555556	0	0.0	0.0	0	0	0	0.04716981132075472	16	0.0	0.09803921568627451	0.0	0.08333333333333333
196	http://www.usma.edu/dpe/SitePages/Facility.aspx	0	0.0	0	0	0.0	0	0	0	0	0	18	0.0	0.0	0.0	0.0
197	http://www.usma.edu/dpe	0	0.0	0	0	0.0	0	0	0	0	0	20	0.0	0.0	0.10416666666666667	0.0
198	http://aewsd.org/	0.07731958762886598	0	0	0	0	0	0	0	0	0.05434782608695652	0	0	0.0	0	0.14285714285714285
199	http://www.healthgrades.com/provider/marilyn-arvin-yxpxg	0.035211267605633804	0.0	0	0.49331103678929766	0.0	0.557029177718833	0.0	0	0	0	90	0.7127863750057978	0.11627906976744186	2.231102231102231	0.1111111111111111
200	http://arvinsystems.net/	0	0.0	0	0.0	0	0	0	0	0	0	1	0.30414150129421913	0.3125	0	0.38461538461538464
201	http://www.mattcampbellforcongress.com/radio-phonograph-tv-phone/arvin-radio	0.0	0.0	0.45454545454545453	0	0	0.0	0	0	0	0.2	60	0.0	0.07936507936507936	0.0	0.45454545454545453
202	http://www.imortuary.com/funeral-homes/california/arvin/arvin-funeral-home/	0.08547008547008547	0.0	0.2777777777777778	0	0.0	0.16666666666666666	0	0	0	0.08264462809917356	3	0.3981854510064401	0.1694915254237288	0.9366094493359378	0.2777777777777778
203	http://www.greatschools.org/california/arvin/arvin-union-elementary/	0.046296296296296294	2.0	0.22727272727272727	0.11627906976744186	0.0	0.0	0	0	0	0.13793103448275862	22	0.0	0.18867924528301888	1.7828282828282829	0.2
204	http://www.greatschools.org/california/	0.0	0.0	0.0	0.0	0.0	0.0	0	0	0	0.0	30	0.0	0.0	0.0	0.0
205	http://www.greatschools.org/california/arvin/	0.072992700729927	2.2941176470588234	0.38461538461538464	0.0	0.0	0.0	0	0	0	0.24305555555555555	19	0.0	0.16129032258064516	5.111111111111111	0.14705882352941177
206	http://www.skcd.org/	0.08333333333333333	0	0	0	0	0	0	0	0	0.058823529411764705	0	0.0	0.0	0	0
207	http://www.arvin-uzman.com/	0	0.0	0	0.0	0	0	0	0	0	0	0	0.14986912677475922	0.3333333333333333	1.0	0.19230769230769232
208	http://www.forbes.com/sites/darrenheitner/2014/03/19/instagram-marketing-helped-make-this-multi-million-dollar-nutritional-supplement-company/	0.0	0	0	0	0	0	0	0	0	0.0	0	0	0.0	0.0	0.0
209	http://www.businessinsider.com/28-yr-old-built-a-business-on-instagram-2013-10	0.0	0.0	0.0	0	0.0	0	0.0	0	0	0	59	0.12645502645502646	0.0	0.05813953488372093	0.0
210	https://www.goodreads.com/author/show/414286.Eric_Arvin	0.06451612903225806	0.08771929824561403	0.0	0.0	0.0	0	0	0	0	0	159	0.0	0.125	3.524154589371981	0.14285714285714285
211	http://csg.csail.mit.edu/Users/arvind/	0	0	0	0	0	0	0	0	0	0	10	0.37502532897678065	0.17857142857142858	0.0	0.8333333333333334
212	http://doctor.webmd.com/doctor/diane-arvin-md-cb03f459-9930-4044-8f74-440a656a56bb-overview	0.07936507936507936	0.0	0	0.0	1.083007494297817	1.0339846572315017	0.0	0	0	0.3448275862068966	188	0.03731343283582089	0.06097560975609756	0.22727272727272727	0.14925373134328357
213	http://www.allhighschools.com/school/arvin-high-school/62981	0.2127659574468085	0.0	0.20833333333333334	0.2638888888888889	0.6505376344086021	0	0	0	0	0	14	0.04950495049504951	0.10869565217391304	2.1684587813620073	0.2564102564102564
214	http://www.allhighschools.com/state/ca	0.0	0.0	0.0	0.0	0.0	0	0	0	0	0.0	4	0.0	0.0	0.0	0.0
215	http://californiaobits.tributes.com/browse_obituaries?city=Arvin&state=CA	0.03496503496503497	0.0	0.10869565217391304	0	0	0	0	0	0	0.10703363914373089	33	0.025	0.07692307692307693	0.0	0.08196721311475409
216	http://bakersfield.craigslist.org/	0.0	0.0	0	0.0	0	0.0	0.0	0	0	0	147	0.0	0.0	0.0	0.0
217	http://www.fleettruckparts.com/Differentials/Rockwell-Arvin-Meritor-Differentials	0	0.0	0.1388888888888889	0	0	0	0	0	0	0	8	0.0	0.07352941176470588	0.0	0.1388888888888889
218	http://www.topix.com/obits/arvin-ca	0.14285714285714285	1.0	0.3125	0	0.0	0.0	0	0	0	0	9	0.19974574924519306	0.22727272727272727	1.3125	0.2777777777777778
219	http://www.topix.com/state/ca	0.0	0.0	0.0	0	0	0.0	0.0	0	0	0	28	0.0	0.0	0.0	0.0
220	http://www.topix.com/county/kern-ca	0.0	0.0	0.0	0	0	0.0	0.0	0	0	0	28	0.0	0.0	0.0	0.0
221	http://www.topix.com/city/arvin-ca	0.053763440860215055	1.1677350427350428	0.5	0	0	0.0	0.0	0	0	0	18	0.8836251824056702	0.23809523809523808	1.5	0.3125
222	http://arvinair.com/	0.0	0.0	0	0.0	0	0	0	0	0	0	1	0.10691888557623111	0.4166666666666667	0	0.29411764705882354
223	http://www.priceline.com/hotel/POI-Arvin_CA_Arvin_California_United_States-88668806.html	0.033783783783783786	0.0	0.23809523809523808	0.0	0	0	0	0	0	0.02092050209205021	16	0.09475283811566998	0.13333333333333333	0	0.12195121951219512
224	http://www.findagrave.com/cgi-bin/fg.cgi?page=cr&CRid=656699	0	0.0	0	0	0	0	0	0	0	0	1	0	0.0	0.0	0.17857142857142858
225	http://www.churchangel.com/WEBCA/arvin.htm	0.025906735751295335	0.0	0.10638297872340426	0.0	0	0.0	0	0	0	0.04291845493562232	17	0.0	0.1724137931034483	0.0	0.07575757575757576
226	http://www.churchangel.com/topdenominations.htm	0.0	0.0	0.0	0	0.0	0	0	0	0	0.0	67	0.0	0.0	0.0	0.0
227	http://www.churchangel.com/californ.htm	0.0	0.0	0.0	0	0	0	0	0	0	0.0	9	0.0	0.0	0.0	0.0
228	http://arvinhigh1960.com/	0.028901734104046242	0.0	0.16129032258064516	0	0	0	0	0	0	0.004766444232602479	0	0	0.29411764705882354	0.0	0.16129032258064516
229	http://www.moneycontrol.com/india/stockpricequote/textiles-denim/arvind/A18	0.08143322475570032	0.19230769230769232	0.8333333333333334	0.4166666666666667	0.0	0	0	0	0	0.1485148514851485	211	0.04807692307692308	0.0847457627118644	0.2631578947368421	0.17045454545454544
231	http://www.classmates.com/reunions/school/Arvin-High-School/133	0.09202453987730061	3.22401448062264	0	0.0	0	0	0	0	0	0	574	0	0.10416666666666667	0.19230769230769232	0.19607843137254902
232	http://www.barnesjewish.org/About-Us/Administration-Board-of-Directors/Jennifer-Arvin-Director-Communications-and-Marketing	0	0.0	0.0	0.0	0	0.0	0	0	0	0	117	0.19449499545040946	0.045871559633027525	0.09259259259259259	0.058823529411764705
234	http://www.paulsandersclassicradios.com/radio-makes/vintage-restored-arvin-radios	0.06993006993006994	0.20833333333333334	0.1724137931034483	0.0	0	0	0	0	0	0	7	0.0	0.07352941176470588	0.1388888888888889	0.0847457627118644
235	http://www.interment.net/data/us/ca/kern/arvin_cemetery.htm	0.14705882352941177	0.0	0	0	0.35714285714285715	0.0	0	0	0	0.017985611510791366	9	0.16666666666666666	0.11627906976744186	0.0	0.125
236	http://www.interment.net/us/index.htm	0.0	0.0	0	0	0.0	0.0	0	0	0	0.0	9	0.0	0.0	0.0	0.0
237	http://www.interment.net/us/ca/index.htm	0.0	0.0	0	0	0.0	0.0	0	0	0	0.0	9	0.0	0.0	0.0	0.0
238	http://www.interment.net/us/ca/kern.htm	0.0	0.0	0	0	0.0	0.0	0	0	0	0.0	9	0.0	0.0	0.0	0.0
240	http://www.worldgolf.com/courses/usa/california/arvin/sycamore-canyon-golf-course-public.html	0.0423728813559322	0.22727272727272727	0.0	0.0	0	0	0	0	0	0.08333333333333333	53	0.0	0.06493506493506493	0	0.11627906976744186
241	http://www.terrabellafarmsllc.com/	0.0	0.0	0	0	0	0	0	0	0	0	3	0	0.0	0.0	0.14285714285714285
242	http://www.whitepages.com/name/John-Arvin	0.08403361344537816	0.0	0.0	0.0	0	0	0	0	0	0.07352941176470588	17	0.0	0.17857142857142858	16.946344347704937	0.21739130434782608
243	http://www.genealogybank.com/explore/obituaries/all?lname=Arvin	0.059880239520958084	0.0	0.0	0.125	0.0	0	0	0	0	0.21897810218978103	11	0.0	0.10204081632653061	0.0	0.15625
244	https://twitter.com/ArvinsWorld	0.1171875	0.0	0.0	0.21739130434782608	0.09433962264150944	0.0	0	0	0	0	10	0.25044722719141327	0.22727272727272727	1.4663664508865748	0.29411764705882354
245	https://www.instagram.com/arvinlal/	0.06172839506172839	0	0	0	0	0	0	0	0	0	0	0	0.23809523809523808	0	0.20408163265306123
246	http://iranarvin.com/	0	0.0	0.5555555555555556	0	0	0	0	0	0	0	1	0.2988396649502883	0.38461538461538464	0.0	1.0
247	https://www.linkedin.com/in/arvinpatel	0.04149377593360996	0.0	0.45454545454545453	0.3225806451612903	0.17857142857142858	0.0	0.0	0	0	0	158	0.23180458624127617	0.20833333333333334	0.0	0.22727272727272727
248	http://www.maplandia.com/united-states/california/kern-county/arvin/	0.10638297872340426	0.0	0.6923076923076923	1.3458425790322344	1.0973125966592865	1.6592311841924845	0	0	0	0.03759398496240601	15	0.18250291414046033	0.09615384615384616	0.0	0.10638297872340426
249	http://www.arvig.com/	0.0	0.0	0.0	0.0	0.0	0	0	0	0	0	15	0.0	0.0	0.0	0.0
251	http://www.arvinsango.com/Careers.aspx	0	0.0	0	0	0.29411764705882354	0	0	0	0	0	12	0.0	0.19230769230769232	0.18280880349845868	0.19230769230769232
252	http://www.skillednursingfacilities.org/directory/ca/arvin/	0.07042253521126761	0.0	0.12195121951219512	0.0	0	0.14285714285714285	0	0	0	0.15625	8	0.04	0.11363636363636363	0	0.14084507042253522
253	http://www.skillednursingfacilities.org/directory/ca/	0.0	0.0	0.0	0.0	0.0	0.0	0	0	0	0.0	20	0.0	0.0	0.0	0.0
254	http://www.arvinmeritorinc.com/	0.0	0.0	0	0.0	0.0	0.0	0	0	0	0	14	0.125	0.2631578947368421	0.0	0.2777777777777778
255	http://es.linkedin.com/in/arvin	0.03773584905660377	0.0	0.4166666666666667	0.251414204902577	0.0	0.13157894736842105	0.0	0	0	0	151	0.0641025641025641	0.22727272727272727	0.0	0.21739130434782608
256	http://arvinfurnitures.com/	0.056179775280898875	0.0	0.0	0.0	0.0	0	0	0	0	0.0	1	0.12086476527629886	0.2631578947368421	0.3125	0.024390243902439025
257	http://kvpr.org/post/arvin-residents-take-air-pollution-bucket-brigade	0.03355704697986577	0.3260600156620498	0.1	0	0.0	0	0	0.0	0	0.0847457627118644	34	0.2085203505229998	0.08196721311475409	0.0	0.11627906976744186
259	http://people.ku.edu/~agah/students.html	0	0	0	0	0	0	0	0	0	0	0	0	0.0	0	0.5
260	http://www.visibilityinternational.com/	0.0	0.0	0	0.0	0.0	0	0	0	0	0	6	0.0	0.0	0.0	0.0
261	http://www.classfinders.com/directory/ca/arvin/	0.03875968992248062	0.0	0.35714285714285715	0.22727272727272727	0	0	0	0	0	0.0684931506849315	0	0.1330235810967315	0.15625	0.0	0.1111111111111111
262	http://www.classfinders.com/directory/	0.0	0.0	0	0	0	0	0	0	0	0.0	0	0.0	0.0	0	0.0
263	http://www.classfinders.com/directory/ca/	0.0	0.0	0	0.0	0.0	0	0	0	0	0.0	0	0.0	0.0	0	0.0
264	https://bonsecours.com/greenville/find-a-doctor/physicians/arvin-raheja	0	0.0	0.0	0.0	0.0	0	0	0	0	0	8	0.0	0.0847457627118644	0.06493506493506493	0.4166666666666667
265	http://webmail.arvig.net/surgeweb	0	0.0	0	0	0	0	0	0	0	0	0	0	0.0	0.0	0.0
266	http://www.music.uga.edu/people/arvin-scott	0	0.0	0.45454545454545453	0.0	0	0	0	0	0	0	54	0.11684305287434077	0.16666666666666666	0.0	0.11904761904761904
267	http://www.votevohra.com/	0	0.0	1.0	0.0	0	0	0	0	0	0	2	0.034013605442176874	0.0	0.5	0.0
268	http://stores.ebay.com/CAROLES-NEEDLES/Arvin-needles-/_i.html?_fsub=17090663	0.0	0.0	0.38461538461538464	0.0	0	0	0	0	0	0	53	0.0	0.07575757575757576	0.7692307692307693	0.0
269	http://stores.ebay.com/CAROLES-NEEDLES	0.0	0.0	0	0.0	0	0	0	0	0	0.0	96	0.0	0.0	0.0	0.0
270	http://www.klewin.com/project/arvin-gym/	0	0.0	1.0	0.0	0.0	0	0	0	0	0	40	0.0	0.19230769230769232	0	0.16129032258064516
271	http://carolarvin.com/	0.035842293906810034	0.0	0.0	0.0	0	0	0	0	0	0.06289308176100629	0	0.0	0.35714285714285715	0	0.0625
272	http://mrarvinss.weebly.com/	0	0.0	0	0.0	0	0	0	0	0	0	4	0	0.25	0.29411764705882354	0.20833333333333334
273	http://reedarvin.com/	0	0	0	0	0	0	0	0	0	0	2	0	0.38461538461538464	0	0.11904761904761904
274	http://arvinelectronics.com/index.php?id=3&Language=3&cat_id=100	0	0	0	0	0	0	0	0	0	0	1	0	0.08928571428571429	0	0.8333333333333334
275	https://engineering.purdue.edu/ME/People/ptProfile?id=12884	0.0	0.0	0.1724137931034483	0	0.0	0	0	0	0	0	90	0.021367521367521368	0.0	0.0	0.0
276	https://engineering.purdue.edu/Engr/	0.0	0.0	0	0.0	0.0	0	0	0	0	0	56	0.0	0.0	0.0	0.0
277	https://engineering.purdue.edu/ME	0.0	0.0	0	0.0	0	0	0	0	0	0	97	0.0	0.0	0.0	0.0
278	https://engineering.purdue.edu/ME/People	0.0	0.0	0.0	0.0	0	0	0	0	0	0	287	0.0	0.0	0.0	0.0
279	http://amatoriolaw.com/	0.019011406844106463	0.0	0	0.0	0.0	0.15151515151515152	0	0	0	0	5	0.282338685105325	0.0	0.0	0.05154639175257732
280	http://www.moorestephens.com/people/arvin-rogbeer	0.0	0.0	0.38461538461538464	0.0	0.0	0.0	0	0	0	0.0	10	0.0	0.1388888888888889	0.38461538461538464	0.054945054945054944
281	http://www.radiomuseum.org/r/arvin_402.html	0.06896551724137931	0.336986301369863	0.25	0	0	0	0	0	0	0.08403361344537816	24	0	0.16666666666666666	0.9813161697989374	0.16666666666666666
284	http://compliance.uclahealth.org/body.cfm?id=83	0	0.0	0.0	0.0	0.0	0	0	0	0	0.0	33	0	0.0	0	0.0
286	http://www.thomasarvid.com/	0	0.0	0	0.0	0.0	0	0	0	0	0	8	0.0	0.0	0.0	0.0
287	http://arvintabriz.com/	0.04739336492890995	0.0	0	0	0.19230769230769232	0	0	0	0	0.050505050505050504	5	0.2037389764559233	0.3333333333333333	0.0	0.38461538461538464
288	http://www.arvinsepehr.com/	0	0.0	0.0	0.0	0	0	0	0	0	0	1	0.10638297872340426	0.3333333333333333	0.0	0.4166666666666667
290	http://www.camloc.com/	0.0	0.0	0.0	0.0	0.0	0	0	0	0	0	6	0.0	0.0	0.0	0.0
291	http://www.demarr.com/services/california-private-investigator/kern-county-private-investigator/arvin-city/	0	0.0	0.16129032258064516	0.0	0	0	0	0	0	0	78	0.023696682464454975	0.054945054945054944	0	0.5
292	http://www.homes.com/property/14719-russell-ave-arvin-ca-93203/id-100004591982/	0.02617801047120419	0.0	0.0	0.15151515151515152	0.3333333333333333	0	0	0	0	0	7	0.11671053476279131	0.078125	4.147058823529412	0.1111111111111111
293	http://www.homes.com/Home-Prices/	0	0.0	0	0.0	0.0	0	0	0	0	0	5	0.0	0.0	0.0	0.0
294	http://www.homes.com/Home-Prices/CA/	0.0	0.0	0.0	0.0	0.0	0	0	0	0	0	5	0.0	0.0	0.0	0.0
295	http://www.homes.com/Home-Prices/CA/ARVIN/	0.045871559633027525	0.0	0.23809523809523808	0.20833333333333334	0.43300653594771243	0	0	0	0	0	9	0.0539568345323741	0.18518518518518517	0.0	0.10869565217391304
296	http://greasypigstudios.com/	0	0.0	0	0.10204081632653061	0	0	0	0	0	0	7	0	0.0	0	0.0
298	http://troels.arvin.dk/db/rdbms/	0	0.0	0.0	0	0	0	0	0	0	0	279	0.0	0.22727272727272727	0.0	0.0
299	http://www.imdb.com/name/nm0295855/	0.0	0.0	0.0	0.0	0.0	0.0	0.0	0	0	0.0	23	0.0	0.0	0.0	0.0
300	http://www.legacy.com/obituaries/bakersfield/obituary.aspx?pid=160750355	0.0	0.015842839036755388	0	0	0.0	0	0	0	0	0	28	0.0	0.0	1.3846153846153846	0.07575757575757576
303	http://www.mattcampbellforcongress.com/radio-phonograph-tv-phone/arvin-model	0.03289473684210526	0.0	0.45454545454545453	0	0	0.0	0	0	0	0.3125	61	0.0	0.07936507936507936	0.0	0.45454545454545453
304	http://www.west-point.org/parent/wppc_michigan/index.php?option=com_content&task=view&id=44&Itemid=64	0.0	0.0	0	0	0.0	0	0	0	0	0.0	65	0.7714155873665076	0.0	0.0	0.11904761904761904
305	http://www.summitcomedy.com/arvin-mitchell	0.03215434083601286	0.0	0.0	0	0	0	0	0	0	0	9	0.1111111111111111	0.16666666666666666	0.4350360282504794	0.15151515151515152
306	http://arvinagroup.com/	0.027472527472527472	0.0	0.29411764705882354	0.0	0.23809523809523808	0	0	0	0	0.02252252252252252	0	0	0.3333333333333333	0.0	0.29411764705882354
307	http://arvinagroup.com/	0.027472527472527472	0.0	0.29411764705882354	0.0	0.23809523809523808	0	0	0	0	0.02252252252252252	0	0	0.3333333333333333	0.0	0.29411764705882354
308	http://thebenefitspeople.com/	0	0	0	0	0	0	0	0	0	0	0	0.0	0.0	0	0.25
310	http://www.hudl.com/athlete/1425894/arvin-fletcher	0.08620689655172414	0.0	0.0	0.0	0.0	0.0	0	0	0	0.35714285714285715	32	0.0	0.1388888888888889	0.3125	0.23809523809523808
311	http://www.hudl.com/highlights/Football/MS	0.0	0.0	0.0	0.0	0.0	0	0	0	0	0	2	0	0.0	0.0	0.0
312	http://www.hudl.com/team/17498	0.0	0.0	0	0	0	0.0	0	0	0	0.0	1	0.0	0.0	0.0	0.0
313	http://academic.research.microsoft.com/Author/1484246/arvin-agah	0.028901734104046242	0.0	0.053763440860215055	0.0	0.0	0	0	0	0	0	75	0	0.09259259259259259	3.5	0.4166666666666667
314	http://www.ownster.com/index.cfm?type=Parts&searchTerm=arvin+heater	0.07936507936507936	0.0	0.13513513513513514	0	0	0.0	0	0	0	0	17	0.0	0.09090909090909091	0.0	0.13157894736842105
315	http://www.preservingarvin.com/arvin-history.html	0	0.0	0	0	0	0	0	0	0	0	0	0.05813953488372093	0.2702702702702703	0.6971153846153846	0.38461538461538464
316	http://www.seniorhousingnet.com/seniorliving-detail/village-congregational-community_112-richard-st_arvin_ca_93203-547712	0.028735632183908046	0.17962486896259	0.0	0.0	0	0	0.0	0	0	0	45	0.0	0.046296296296296294	1.321557971014493	0.05555555555555555
317	http://www.seniorhousingnet.com/seniorliving-search/arvin_ca	0.03731343283582089	0.0392156862745098	0.2631578947368421	0.0	0.0	0	0.0	0	0	0	32	0.0	0.10638297872340426	0.0	0.07692307692307693
318	http://www.onelook.com/?w=arvin	0	0.0	0	0	0	0	0	0	0	0	24	0.0	0.2631578947368421	1.0	0.10416666666666667
319	http://www.vitals.com/doctors/Dr_Arvin_Aranda.html	0.021367521367521368	0.0	0.0	0.0	0.2777777777777778	0.14705882352941177	0.0	0	0	0	159	0.06666666666666667	0.13513513513513514	0.4351851851851852	0.08620689655172414
320	http://www.vitals.com/locations/primary-care-doctors/ny	0.0	0.0	0.0	0	0.0	0.0	0.0	0	0	0	1778	0.0	0.0	0.0	0.0
321	http://www.vitals.com/primary-care-doctors/ny/endicott	0.0	0.0	0.0	0.0	0.0	0.0	0.0	0	0	0	236	0.0	0.0	0.0	0.0
322	http://www.matchmakerrealty.com/	0.0	0.0	0.0	0	0.0	0	0	0	0	0.0	5	0.0	0.0	0.0	0.0
323	http://www.ratemyprofessors.com/ShowRatings.jsp?tid=880971	0.043859649122807015	0.0	0.0	0.0	0	0	0	0	0	0	25	0.0	0.0	0.8333333333333334	0.07246376811594203
324	http://www.cbs.com/shows/big_brother/cast/115107/	0.0	0.0	0	0.0	0.0	0.0	0	0	0	0.0	52	0.0	0.0	0.0	0.0
325	http://www.arvinfamilydental.com/	0.035211267605633804	0.0	0	0.0	0	0.0	0	0	0	0	3	0.0	0.23809523809523808	0.16129032258064516	0.14925373134328357
326	http://www.whitepages.com/name/Robert-Arvin	0	0	0	0	0	0	0	0	0	0	0	0	0.16666666666666666	0	0
327	http://www.sharp.com/san-diego-doctors/dr-arvin-saluta-63263	0.06993006993006994	0.0	0.3125	0.3125	0.0	0.0	0.0	0.2	0	0	16	0.0	0.10638297872340426	0.0	0.14285714285714285
328	https://www.avvo.com/attorneys/90402-ca-lchristopher-arvin-82133.html	0.0273224043715847	0.2631578947368421	0	0.0	0.0	0.0	0	0	0	0	7	0.0	0.09090909090909091	0.5263157894736842	0.08196721311475409
329	https://www.avvo.com/all-lawyers/ca/90402.html	0.0	0.0	0.0	0.0	0.0	0.0	0	0	0	0	11	0.0	0.0	0.0	0.0
330	https://www.avvo.com/estate-planning-lawyer/ca/90402.html	0.0	0.0	0.0	0.0	0.0	0.0	0	0	0	0	10	0.0	0.0	0.0	0.0
331	http://www.arvinassembly.com/	0.2564102564102564	0.0	0.577308362369338	0.0	0.35714285714285715	0	0	0	0	0	4	0.0	0.29411764705882354	0.36453488372093024	0.35714285714285715
332	http://www.newspaperobituaries.net/california/kern-county/arvin-obituaries.htm	0.04065040650406504	0.0	0.25	0	0.25	0	0	0	0	0.09803921568627451	23	0.0	0.078125	0.0	0.1
333	http://www.newspaperobituaries.net/california/index.html	0.0	0.0	0.0	0	0.0	0.0	0	0	0	0.0	55	0.0	0.0	0.0	0.0
334	http://www.newspaperobituaries.net/california/kern-county/index.html	0.0	0.0	0.0	0	0.0	0.0	0	0	0	0.0	41	0.0	0.0	0.0	0.0
335	https://www.yelp.com/biz/starvin-arvins-fruita	0.05649717514124294	0.0	0.2702702702702703	0.0	0.0	0.0	0	0	0	0.0	119	0.020080321285140562	0.3125	0.6666666666666666	0.08620689655172414
336	https://www.yelp.com/c/fruita-co-us/restaurants	0.0	0.0	0.0	0.0	0.0	0	0	0	0	0.0	95	0.0	0.0	0.0	0.0
337	https://www.yelp.com/c/fruita-co-us/newamerican	0.07462686567164178	0.0	0.0	0.0	0.0	0.0	0	0	0	0.0	97	0.0	0.0	0.6666666666666666	0.0
338	http://www.homegain.com/local_real_estate/CA/arvin.html	0.1724137931034483	0.0	0.4256965944272446	0.20833333333333334	0	0	0	0	0	0.22151898734177214	16	0.3994708994708994	0.12195121951219512	2.0	0.23255813953488372
339	http://www.quicktransportsolutions.com/carrier/california/arvin.php	0.04792332268370607	0.0	0	0.20833333333333334	0.09090909090909091	0	0.0	0	0	0.03937007874015748	37	0.0	0.09433962264150944	36.16666666666667	0.04807692307692308
340	http://www.quicktransportsolutions.com/carrier/california/trucking-companies.php	0.0	0.0	0.0	0	0	0	0.0	0	0	0.0	1	0.0	0.0	0.0	0.0
341	http://www.unionstation.org/sciencecity/attractions/planetarium	0.0	0.0	0.15625	0.0	0.0	0	0	0	0	0	26	0.011389521640091117	0.0	0.04201680672268908	0.10869565217391304
342	http://health.usnews.com/doctors/arvin-bhatia-809902	0.0390625	0.0	0.053763440860215055	0.0	0.0	0.0	0	0	0	0.0	107	0.013333333333333334	0.11627906976744186	0.0	0.07352941176470588
343	http://www.distinctivepropertiespm.com/	0.03355704697986577	0.0	0.0	0.0	0	0	0	0	0	0.007593014426727411	0	0.0	0.0	0.0	0.15151515151515152
344	http://childcarecenter.us/california/arvin_ca_childcare	0.04950495049504951	0.0	0.17857142857142858	0	0	0.0	0	0	0	0.08771929824561403	38	0.016592920353982302	0.10869565217391304	0.0	0.19607843137254902
345	http://childcarecenter.us/state/california	0.0	0.0	0.0	0.0	0.0	0	0	0	0	0.0	30	0.0	0.0	0.0	0.0
346	http://www.marvin.com/integrity/	0.034013605442176874	0.25	0.0	0.0	0.0	0.0	0	0	0	0	8	0.2209667558725489	0.2631578947368421	0.3333333333333333	0.0
350	http://ericarvin.blogspot.com/	0	0.04132231404958678	0.4166666666666667	0.0	0.0	0	0	0	0	0	94	0	0.22727272727272727	3.5156739811912225	0.5
351	http://ericarvin.blogspot.com/	0	0.04132231404958678	0.4166666666666667	0.0	0.0	0	0	0	0	0	94	0	0.22727272727272727	3.5156739811912225	0.5
352	http://arvinrs.com/	0	0.0	0	0	0	0	0	0	0	0	0	0.0	0.45454545454545453	0	0.0
353	http://www.buzzfeed.com/wedschilde/power-of-love-eric-arvin-and-tj-klune-1f63	0.0	0.13157894736842105	0.15151515151515152	0.13513513513513514	0.0	0.0	0	0	0	0	16	0.0	0.078125	0.09681818181818182	0.13157894736842105
354	https://doresearch.stanford.edu/contact/arvin-ann-margaret	0	0.0	0.2631578947368421	0.0	0	0	0	0	0	0	33	0.0	0.10416666666666667	0.2631578947368421	0.15625
355	http://www.bigrigjobs.com/Truck_Stops/California/Arvin.html	0.026041666666666668	0.023980815347721823	0	0	0	0	0	0	0	0	56	0	0.1111111111111111	0	0.15625
356	http://www.emoryhealthcare.org/physicians/s/singh-arvinpal.html	0	0.0	0.2777777777777778	0	0	0	0	0	0	0	11	0.0	0.10204081632653061	0.0	0.09803921568627451
357	http://www.emoryhealthcare.org/physicians/index.html	0	0	0	0	0	0	0	0	0	0	1	0	0.0	0	0
359	http://www.vitals.com/doctors/Dr_Diane_Arvin.html	0.02564102564102564	0.0	0.0	0.15151515151515152	0.29411764705882354	0.15151515151515152	0.0	0	0	0	159	0.6245039682539684	0.1388888888888889	0.6524352840142313	0.14285714285714285
360	http://www.vitals.com/locations/obstetricians-gynecologists/wa	0.0	0.0	0.0	0	0.0	0.0	0.0	0	0	0	468	0.0	0.0	0.0	0.0
362	http://www.arvinair.com/contact.html	0.0	0.0	0	0.0	0.0	0	0	0	0	0	1	0.07042253521126761	0.20833333333333334	0	0.25
363	http://www.arvinintl.com/	0.024875621890547265	0.0	0	0	0	0	0	0	0	0.035211267605633804	3	0.038461538461538464	0.38461538461538464	0.0	0.032679738562091505
364	http://www.seniorhousingnet.com/seniorliving-search/arvin_ca	0.03731343283582089	0.0392156862745098	0.2631578947368421	0.0	0.0	0	0.0	0	0	0	32	0.0	0.10638297872340426	0.0	0.07692307692307693
365	http://www.starvin-arvins.com/	0.0	0	0	0	0	0	0	0	0	0.2631578947368421	0	0	0.5555555555555556	0	0.625
366	http://www.tvhistory.tv/1946-49-ARVIN.htm	0	0	0	0	0	0	0	0	0	0	0	1.185064935064935	0.1724137931034483	0	0.2631578947368421
367	http://www.mysimon.com/find/arvin-exhaust-systems	0.06993006993006994	0.0	0.11363636363636363	0.12195121951219512	0	0	0	0	0	0.033783783783783786	19	0.0	0.1388888888888889	0	0.10204081632653061
368	http://www.imdb.com/name/nm0001511/	0.046620046620046623	0.04120879120879121	0.0	0.0	0.0	0.0	0.0	0	0	0.0	18	0.0	0.0	0.5	0.29411764705882354
369	http://bigbrother.wikia.com/wiki/Joe_Arvin	0.052083333333333336	0.0	0.5555555555555556	0.0	0.0	0	0	0	0	0.057803468208092484	46	0.0176678445229682	0.15151515151515152	0.0	0.09259259259259259
370	http://www.carvinmuseum.com/	0.21739130434782608	0.0	0	0	0	0	0	0	0	0	0	0.0	0.3125	0.0	0.29411764705882354
371	http://guastavinos.com/5-questions-chef-arvin-dhansew/	0.06097560975609756	0.0	0.14285714285714285	0.0	0.0	0	0	0	0	0	47	0.055762081784386616	0.1111111111111111	0.0	0.10204081632653061
372	http://www.reunion.com/ca/arvin/arvin+high+school/	0.07936507936507936	0.4066831101714823	0.0	0	0.0	0	0	0	0	0	201	0	0.2857142857142857	0	0.29411764705882354
373	http://www.reunion.com/ca/	0.0	0.0	0.0	0	0.0	0	0	0	0	0	1	0	0.0	0	0.0
374	http://www.reunion.com/ca/arvin/	0.10714285714285714	0.07352941176470588	0.0	0	0.0	0	0	0	0	0	1	0	0.2777777777777778	0	0.17857142857142858
376	http://barryarvinyoung.com/	0.02564102564102564	0.007132667617689016	0	0.0	0.0	0	0	0	0	0	4	0.5555555555555556	0.2631578947368421	0.29411764705882354	0.2777777777777778
377	http://www.classmates.com/places/school/Haven-Drive-Middle-School/17693841	0.03816793893129771	0.3333333333333333	0.0	0.0	0	0	0	0	0	0	58	0	0.0	0.0	0.0641025641025641
379	http://www.arvingphoto.smugmug.com/	0.0	0.0	0	0.0	0	0	0	0	0	0.0	10	0	0.21739130434782608	0.0	0.45454545454545453
380	http://health.usnews.com/doctors/kara-arvin-205803	0.078125	0.0	0.054945054945054944	0.0	0.0	0.16129032258064516	0	0	0	0.0	97	0.3286804126582342	0.12195121951219512	0.0	0.07246376811594203
381	http://arvinmiracelova.weebly.com/	0	0.0	0	0.0	0	0	0	0	0	0	16	0	0.19230769230769232	0.25	0.18518518518518517
382	http://www.arvinlighting.ir/	0	0.0	0	0	0	0.0	0	0	0	0	1	0	0.3125	0	0.1388888888888889
383	http://www.prweb.com/releases/arvin_sango/tennessee/prweb4290614.htm	0.0165016501650165	0.0	0.06944444444444445	0.0165016501650165	0.0	0	0	0	0	0.0	28	0.12285955309658118	0.09433962264150944	0.025510204081632654	0.0684931506849315
384	http://lucyarvin.com/	0	0.0	0	0	0	0	0	0	0	0	1	0	0.38461538461538464	0	0.0
385	http://steinbeckcountry.sutromedia.com/weedpatch-camp-arvin.html	0	0.0	0.23809523809523808	0	0	0	0	0	0	0	13	0.0	0.08928571428571429	0.0	0.16129032258064516
386	http://www.bloomberg.com/quote/ARVI:IN	0	0.043859649122807015	0.19230769230769232	0.0	0	0	0	0	0	0	148	0.0	0.0	0.0	0.0684931506849315
387	http://www.marvinwatches.com/	0	0.35714285714285715	0	0	0	0	0	0	0	0	0	0	0.29411764705882354	0	0.8333333333333334
388	http://www.arvincasas.com/	0.08333333333333333	0	0	0	0	0	0	0	0	0.06172839506172839	0	0	0.35714285714285715	0	0.35714285714285715
389	https://ca.linkedin.com/in/arvin-peter-2090266	0.04149377593360996	0.0	0.45454545454545453	0.3225806451612903	0.17857142857142858	0.0	0.0	0	0	0	141	0.23180458624127617	0.1388888888888889	0.0	0.22727272727272727
390	http://www.collectorsweekly.com/stories/72486-1946-arvin-tablemodel-558-radio-phono-co	0.03496503496503497	0.0	0.09615384615384616	0.0	0.0	0.0	0	0	0	0	10	0.21676154895332977	0.0684931506849315	0.0	0.06944444444444445
391	http://www.collectorsweekly.com/radios/tube	0.0	0.0	0.0	0.0	0	0.0	0.0	0	0	0	86	0.0	0.0	0.0	0.0
392	http://www.collectorsweekly.com/radios/tube/stories	0.0	0.0	0.0	0.0	0	0	0.0	0	0	0	5	0.0	0.0	0.0	0.0
394	http://simonparvin.com/p169695298	0	0.0	0.0	0	0	0.0	0	0	0	0	3	0.0	0.2	0.0	0.12195121951219512
395	https://billiongraves.com/grave/Betty-Arvin/3205882	0.05747126436781609	0	0	0	0	0	0	0	0	0.078125	0	0	0.125	0	0.09433962264150944
396	https://billiongraves.com/grave/Betty-Arvin/3205882	0.05747126436781609	0	0	0	0	0	0	0	0	0.078125	0	0	0.125	0	0.09433962264150944
397	http://simonparvin.com/p394456408	0	0.0	0.0	0	0	0.0	0	0	0	0	3	0.0	0.2	0.0	0.14705882352941177
398	http://tweettunnel.com/ayejayaj	0	0.0	0	0	0	0	0	0	0	0	175	0.0	0.0	0.0	0.11904761904761904
399	http://locksmithinbostonma.net/?essay=doris-mccoy-thesis&bfa=23	0.0	0.0	0	0.0	0.0	0	0	0	0	0.0	5	0.0	0.0	0	0.0
400	http://iudlawyers.com/?essay=blood-brothers-evaluation-essay&db1=cc	0	0.0	0.0	0.0	0	0	0	0	0	0	4	0.0	0.0	0	0.0
401	http://jointrecalls.com/?essay=critical-essay-analyzing-the-department-of-justice&963=a4	0	0.0	0.0	0.0	0	0	0	0	0	0	4	0.0	0.0	0	0.0
402	http://www.collierfuneralhome.com/obituaries/Arvin-Kyncy/#!/Obituary	0.125	0.0	0.0	0	0	0.0	0	0.0	0	0	2	0.2783943833943834	0.09433962264150944	0.0	0.12195121951219512
403	https://radaris.com/p/Joe/Arvin/	0.0364963503649635	0.0	0.0	0.0	0.4583615055217489	0	0	0	0	0	20	0.0	0.25	24.967076782866254	0.0847457627118644
404	http://radaris.com/p/Joe/Arvin/	0.0364963503649635	0.0	0.0	0.0	0.4583615055217489	0	0	0	0	0	20	0.0	0.25	24.967076782866254	0.0847457627118644
405	http://locksmithinbostonma.net/?essay=doris-mccoy-thesis&bfa=23	0.0	0.0	0	0.0	0.0	0	0	0	0	0.0	5	0.0	0.0	0	0.0
406	http://iudlawyers.com/?essay=blood-brothers-evaluation-essay&db1=cc	0	0.0	0.0	0.0	0	0	0	0	0	0	4	0.0	0.0	0	0.0
407	http://jointrecalls.com/?essay=critical-essay-analyzing-the-department-of-justice&963=a4	0	0.0	0.0	0.0	0	0	0	0	0	0	4	0.0	0.0	0	0.0
408	http://www.collierfuneralhome.com/obituaries/Arvin-Kyncy/#!/Obituary	0.125	0.0	0.0	0	0	0.0	0	0.0	0	0	2	0.2783943833943834	0.09433962264150944	0.0	0.12195121951219512
409	https://radaris.com/p/Joe/Arvin/	0.0364963503649635	0.0	0.0	0.0	0.4583615055217489	0	0	0	0	0	20	0.0	0.25	24.967076782866254	0.0847457627118644
410	http://radaris.com/p/Joe/Arvin/	0.0364963503649635	0.0	0.0	0.0	0.4583615055217489	0	0	0	0	0	20	0.0	0.25	24.967076782866254	0.0847457627118644
