index	url	description	div	h1	h2	h3	h4	h5	h6	inbound_links	keywords	outbound_links	p	root	span	title
1	http://avalonhollywood.com/	0.045112781954887216	0.23076923076923078	0	0	0.46153846153846156	0	0	0	0	0	9	0	0.3157894736842105	0.5333333333333333	0.25
2	https://en.wikipedia.org/wiki/Avalon	0	0.0	1.0	0.0	0.0	0	0	0	0	0	53	0.20573833008001863	0.23076923076923078	0.5227629513343799	0.14634146341463414
3	http://www.toyota.com/avalon/	0.08823529411764706	1.183454781769668	0.0	0.9230769230769231	0.0	0.0	0	0	0	0.2594594594594595	26	1.439788261681321	0.375	0.0	0.11538461538461539
4	http://www.experienceavalon.com/	0	0.0	0	0	0.0	0.16666666666666666	0	0	0	0	18	1.8259760743520475	0.3	0.0	0.25
5	http://www.avaloncommunities.com/	0.04054054054054054	0.0	0.0	0.2857142857142857	0	0.4307692307692308	0	0	0	0	6	0.24107417711111748	0.2857142857142857	0.3333333333333333	0.09230769230769231
6	http://www.avalonwaterways.com/River-Cruises/	0.040268456375838924	0.0	0.0	0.0	0.0	0	0	0	0	0.147239263803681	16	0.06340958528111174	0.1875	0.5	0.13953488372093023
7	http://www.avalonwaterways.com/	0.04225352112676056	0.0	0.0	0.0	0.0	0	0	0	0	0.18666666666666668	14	0.2617599800114002	0.3157894736842105	1.476190476190476	0.11538461538461539
8	http://avalon.com/	0	0.1875	0	0	0	0	0	0	0	0	0	0	0.6	0	0.17142857142857143
9	http://www.theavalon.org/	0.0	0.0	0.0	0	0	0	0	0	0	0	23	0.023346303501945526	0.46153846153846156	0.0	0.14634146341463414
10	http://www.experienceavalon.com/directory/	0	0.0	0	0	0.0	0.16666666666666666	0	0	0	0	15	0.2857142857142857	0.20689655172413793	0.0	0.20689655172413793
11	https://en.wikipedia.org/wiki/Avalon,_California	0	0.46153846153846156	0.3333333333333333	0.0	0.0	0	0	0	0	0	116	1.469160847728993	0.15789473684210525	0.6666666666666666	0.11320754716981132
12	http://www.avalon-hotel.com/beverly-hills	0.0	0.0	0	0	0	0	0	0	0	0.07894736842105263	0	0	0.20689655172413793	0	0.0967741935483871
13	http://www.avalonorganics.com/	0.03389830508474576	0.13636363636363635	0.0	0.0	0.0	0.0	0.0	0	0	0	6	3.5333551533444334	0.3333333333333333	0.974025974025974	0.12244897959183673
14	http://avalon.edu/	0	0.0	0.0	0.0	0	0.0	0	0	0	0	8	0.23546636136301385	0.6	0.0	0.1111111111111111
15	http://www.cityofavalon.com/	0	0.1111111111111111	0.0	0.0	0.0	0	0	0	0	0	3	0.037914691943127965	0.375	0.0	0.2
16	http://www.imdb.com/title/tt0099073/	0.0	0.0	1.0	0.0	0.0	0.0	0.0	0	0	0.0	15	0.028708133971291867	0.0	0.0	0.3
17	http://www.imdb.com/title/tt0267287/	0.011904761904761904	0.02564102564102564	1.0	0.0	0.0	0.0	0.0	0	0	0.0	15	0.23373148058359056	0.0	0.0	0.3
18	http://avalon.edu/locations/phoenix-az/	0	0.0	0.20689655172413793	0	0.0	0.0	0	0	0	0	52	0.12762067284251583	0.20689655172413793	1.0	0.1276595744680851
19	http://www.imdb.com/title/tt0099073/	0.0	0.0	1.0	0.0	0.0	0.0	0.0	0	0	0.0	15	0.0	0.0	0.0	0.3
20	http://www.imdb.com/title/tt0267287/	0.011904761904761904	0.02564102564102564	1.0	0.0	0.0	0.0	0.0	0	0	0.0	15	0.23373148058359056	0.0	0.0	0.3
21	http://avalon.edu/locations/phoenix-az/	0	0.0	0.20689655172413793	0	0.0	0.0	0	0	0	0	52	0.12762067284251583	0.20689655172413793	1.0	0.1276595744680851
22	http://www.avalon-salon.com/	0.017543859649122806	0.0	0	0	0	0	0	0	0	0.02702702702702703	8	0.1	0.375	0.0	0.08333333333333333
23	http://www.avalonflooring.com/	0.0392156862745098	0.0	0	0	0	0.0	0.0	0	0	0	0	0.27906976744186046	0.3333333333333333	0	0.11538461538461539
24	http://www.edmunds.com/toyota/avalon/	0.11920529801324503	0.0	0.3	0.08	0.0	0	0	0	0	0.17647058823529413	25	0.3556130603277602	0.2608695652173913	0.1276595744680851	0.3333333333333333
25	http://www.edmunds.com/new-cars/	0.0	0.0	0.0	0.0	0	0	0	0	0	0.0	3	0.0	0.0	0.0	0.0
26	http://www.edmunds.com/toyota/?ps=new	0.0	0.0	0.0	0.0	0.5465587044534412	0	0	0	0	0.0	3	0.010380622837370242	0.0	0.0	0.0
27	http://www.toyota.com/configurator/	0.0	0.0	0	0	0.0	0.0	0	0	0	0.0	17	0.0	0.0	0.0	0.0
28	http://visitavalonnj.com/	0	0.0	0	0.0	0	0	0	0	0	0	6	0.3205828779599271	0.35294117647058826	0	0.3157894736842105
29	http://www.avaloncommunities.com/washington/bellevue-apartments/avalon-bellevue	0.039473684210526314	0.4	0.4	0.6167694584003147	0.12244897959183673	0.0	0.0	0	0	0.0916030534351145	32	0.3083227799451151	0.18461538461538463	0.0	0.09375
30	http://www.avalon-resort.com/	0.0375	0	0	0	0	0	0	0	0	0.17142857142857143	0	0	0.35294117647058826	0	0.13636363636363635
31	http://www.kbb.com/toyota/avalon/	0.10909090909090909	0.3157894736842105	0.06896551724137931	0.0	0.0	0	0	0	0	0	22	0.26298521557369625	0.3157894736842105	18.487179487179485	0.15584415584415584
32	http://www.kbb.com/toyota/	0.0	0.0	0.0	0.0	0.0	0	0	0	0	0	15	0.0	0.0	0.0	0.0
33	http://www.caranddriver.com/toyota/avalon	0.08108108108108109	0.7001373626373626	0.9230769230769231	0.0	0.23076923076923078	0.0	0.0	0	0	0.30303030303030304	208	0.08344132680778032	0.21428571428571427	1.794871794871795	0.1518987341772152
34	http://www.caranddriver.com/toyota	0.0	0.0	0.0	0	0.08	0	0	0	0	0.0	106	0	0.0	0.0	0.0
35	http://www.avalonfirestyles.com/	0.03870967741935484	0.0	0.0821917808219178	0.02631578947368421	0	0.375	0	0	0	0	21	0.1678196032513186	0.3	0	0.03680981595092025
36	http://usnews.rankingsandreviews.com/cars-trucks/Toyota_Avalon/	0.046875	0.0	0.13043478260869565	0.8479365079365079	0.9693151293151293	0.0	0	0	0	0.2689075630252101	20	0.7825349849481367	0.11320754716981132	0.0	0.10909090909090909
37	http://usnews.rankingsandreviews.com/cars-trucks/	0.0	0.0	0	0.0	0	0.0	0.0	0	0	0.0	34	0.0	0.0	0.0	0.0
38	http://usnews.rankingsandreviews.com/cars-trucks/browse/toyota/	0.0	0.0	0.0	0	0.0	0.0	0	0	0	0.0	33	0.09957374254049446	0.0	0.0	0.0
39	http://www.visitcatalinaisland.com/island-info/avalon	0.18745493871665464	0.0	0.2857142857142857	0.21428571428571427	0	0	0	0	0	0	30	0.2578680897646415	0.15	1.0	0.2
40	http://avalonbeyond.com/	0	0.0	0.0	0.35294117647058826	0	0	0	0	0	0	0	0.02857142857142857	0.375	0.0	0.35294117647058826
41	http://avalonboro.net/	0	0.1	0	0.7849825690533654	0.23076923076923078	0.2727272727272727	0	0	0	0	38	0.0	0.42857142857142855	8.907929227682443	0.42857142857142855
42	http://southeast.buyatoyota.com/avalon	0.03508771929824561	0.0	0	0	0.0	0.0	0	0	0	0	41	0.09836726466438218	0.2	3.389660526879417	0.1935483870967742
43	http://www.avalonschool.org/	0	0.08633093525179857	0	0.0	0.0	0	0	0	0	0	5	0.3383606557377049	0.375	0.0	0.09375
44	http://www.avalonweb.com/	0.17647058823529413	0.3157894736842105	0	0	0	0	0	0	0	0.11320754716981132	10	0	0.46153846153846156	1.7832638626492823	0.21052631578947367
45	http://avolon.aero/	0	0.0	0	0.0	0	0.0	0	0	0	0	3	0.0	0.0	0.0	0.0
46	http://www.avalonaccess.com/	0	0.0	0	0	0.0	0	0	0	0	0	1	0.1971172574990261	0.375	0.0	0.0
47	http://www.avalon-hotel.com/	0.03529411764705882	0.0	0	0	0	0	0	0	0	0.10714285714285714	0	0	0.375	0	0.13043478260869565
48	http://www.avalon-rpg.com/	0.0	0.0	0.13333333333333333	0.4	1.0	0	0	0	0	0.0	14	0.2108260745191014	0.42857142857142855	0	0.13953488372093023
49	http://www.avalon-resort.com/#!	0.0375	0	0	0	0	0	0	0	0	0.17142857142857143	0	0	0.3157894736842105	0	0.13636363636363635
51	http://www.avalonlive.org/#!	0	0	0	0	0	0	0	0	0	0	0	0	0.375	0	1.0
52	https://www.rottentomatoes.com/m/1031472-avalon/	0	0.012096774193548387	0.4004044489383215	0.0	0.0	0	0	0	0	0	121	0.1888417222559127	0.18181818181818182	0.0	1.0
53	http://www.avalonerie.com/	0.0	0.0	0	0.4017857142857143	0.24	0	0	0	0	0	7	0.343415361128276	0.42857142857142855	0.0	0.2
54	http://www.teamavalon.com/	0	0.0	0.0	0.0	0.0	0.3333333333333333	0	0	0	0	5	0.13540260908681961	0.42857142857142855	0.0	0.0
55	http://www.timescinema.com/avalon-theater.html	0	0.0	0	0	0	0	0	0	0	0	5	0.7619047619047619	0.17647058823529413	0	0.42857142857142855
56	http://fargo-avalon.com/	0.047244094488188976	0.0	0	0.3	0.0	0	0	0	0	0	4	0.378345364154834	0.375	0.46153846153846156	0.0821917808219178
57	http://avalonrgv.com/store/	0.03428571428571429	0.0	0	0	0.0	0	0	0	0	0.07741935483870968	40	0.2857142857142857	0.3333333333333333	0.0	0.0
58	http://www.avalonhotel.com/	0.04477611940298507	0.11538461538461539	0.0	0.5464895635673624	0.0	0	0	0	0	0	5	0.058823529411764705	0.4	0.0	0.10909090909090909
59	http://www.catalinaexpress.com/explore-catalina/about-avalon.html	0.07894736842105263	0.0	0.5	0.42857142857142855	0.0	0.0	0.3333333333333333	0	0	0	6	0.4697969665195861	0.11538461538461539	0.8571428571428571	0.5
60	http://avalondeerpark.com/	0	0.0	0	0.2634493670886076	0	0	0	0	0	0	6	0.13953488372093023	0.3333333333333333	0	0.24
61	http://www.avaloncenter.org/	0.047244094488188976	0.03225806451612903	0	0.0	0.0	0	0	0	0	0.3157894736842105	6	0.425842659804924	0.375	0.0	0.46153846153846156
62	http://www.youtube.com/watch?v=bpA_5a0miWk	0.13636363636363635	0.0	0.0	0	0.0	0.0	0	0	0	0.3157894736842105	8	0.13636363636363635	0.0	0.915596082404593	0.20689655172413793
63	http://www.avalonbuff-planroom.com/	0	0.0	0.4	0.0	0.0	0	0	0	0	0	15	0.03208556149732621	0.2608695652173913	0	0.17647058823529413
64	http://avalonmemorycare.com/	0.0	0.31570086833244726	0	0.0	0.21428571428571427	0.5608695652173913	0	0	0	0.0	13	0.0	0.3	0.3377926421404682	0.3157894736842105
65	http://www.avalonpontoons.com/	0.04316546762589928	0.41538461538461535	0.0	0	0	0	0	0	0	0	5	0.2222222222222222	0.3333333333333333	0	0.07058823529411765
66	http://www.realtor.com/realestateandhomes-search/Avalon_NJ	0.0	0.0	0	0.0	0	0	0	0	0	0	92	0.0	0.13333333333333333	0.0	0.0
67	http://www.realtor.com/realestateandhomes-search/New-Jersey	0.0	0.0	0	0.0	0	0	0	0	0	0	92	0.0	0.0	0.0	0.0
68	http://www.realtor.com/realestateandhomes-search/Cape-May-County_NJ	0.0	0.0	0	0.0	0	0	0	0	0	0	92	0.0	0.0	0.0	0.0
69	http://www.iherb.com/Avalon-Organics	0.03571428571428571	0.0	0.3	0	0	0.0	0	0	0	0.3157894736842105	214	0.0	0.25	0.0	0.2222222222222222
70	http://www.iherb.com/Categories	0.0	0.0	0.0	0	0	0.0	0	0	0	0.0	175	0.0	0.0	0.0	0.0
71	http://www.iherb.com/Bath-Beauty	0.0	0.0	0.0	0	0	0.0	0	0	0	0.0	201	0.0	0.0	0.0	0.0
72	https://www.facebook.com/AvalonInsider	0.0821917808219178	2.659170783642241	0	0	0	0	0	0	0	0	129	0.09391361256544503	0.24	1.533494147421702	0.35294117647058826
73	http://www.avalonhotelnyc.com/	0.024193548387096774	0.4	0.1016949152542373	0.0	0	0	0	0	0	0.0	11	0.2071917808219178	0.3333333333333333	0.0	0.07317073170731707
74	http://www.avalonfirestyles.com/product-guide.aspx	0.03571428571428571	0.0	0.0	0	0	0.375	0.0	0	0	0	14	0.024	0.15789473684210525	0	0.18181818181818182
75	http://www.avaloncorrections.com/	0.0	0.0	0.0	0.0	0	0	0	0	0	0	0	0.02072538860103627	0.2857142857142857	0.06818181818181818	0.21428571428571427
76	http://www.visitcatalinaisland.com/	0.03870967741935484	0.0	0.0	0.0	0.0	0	0	0	0	0.10344827586206896	13	0.49189663244164317	0.0	0.0	0.12244897959183673
77	http://avaloncolumbus.com/	0.0	0.0	0	0.0	0.8452012383900929	0.0	0	0	0	0	4	0.34285714285714286	0.3333333333333333	1.2264150943396226	0.6
78	http://www.zillow.com/avalon-nj/	0.03896103896103896	0.017570487754682035	0.2857142857142857	0	0	0.7083333333333333	0.0	0.0	0	0	102	0.0	0.3157894736842105	33.848298273926666	0.21818181818181817
79	http://www.consumerreports.org/cro/toyota-avalon.htm	0.03278688524590164	0.0	0	0	0	0	0	0	0	0.19834710743801653	91	0.0	0.15384615384615385	0.017467248908296942	0.09523809523809523
80	http://www.hotelavalon.eu/	0.0	0.0	0.0	0	0	0	0	0	0	0.0187207488299532	11	0.3157894736842105	0.42857142857142855	0.0	0.20689655172413793
81	http://avalonsarees.com/	0.0	0.21818181818181817	0.0	0	0	0	0	0	0	0.0	6	0.0	0.375	0.0	0.23076923076923078
82	https://www.avalon.hr/	0.043478260869565216	0.0	0.0	0.1823956442831216	0.0	0	0	0	0	0	4	0.06818181818181818	0.6666666666666666	0.23076923076923078	0.1935483870967742
83	http://www.avalonrvcenter.com/	0.03260869565217391	1.0196078431372548	0.6666666666666666	0	0.46776611694152925	0.0	0	0	0	0.02097902097902098	13	0.32834052723534835	0.3333333333333333	0.991575640751053	0.037267080745341616
84	http://www.avalonwinery.com/	0.03870967741935484	0.0	0.0	0.0	0.4857142857142857	0	0.0	0	0	0	12	0.31101826219378087	0.375	0.0	0.17647058823529413
85	http://www.avalonrestaurant.net/	0	0	0	0	0	0	0	0	0	0.08695652173913043	0	0	0.3	0	0.10344827586206896
86	http://nameberry.com/babyname/Avalon	0.11612903225806452	0.0	1.0	0.0	0.557804114490161	1.4930313872174337	0	0	0	0.0	19	0.12442396313364056	0.2222222222222222	7.649122807017544	0.2608695652173913
87	http://www.avalonbnb.com/	0.05128205128205128	0.0	0.14285714285714285	0.0	0.0	0	0	0	0	0.0	9	0.01312910284463895	0.46153846153846156	0	0.125
88	http://visitavalonnj.com/beach	0	0.0	0.0	0.0	0	0	0	0	0	0	10	0.3205828779599271	0.2727272727272727	1.0	0.3157894736842105
89	http://www.merriam-webster.com/dictionary/Avalon	0.08823529411764706	0.0	1.0	1.0	0	0.0	0	0	0	0.08163265306122448	25	0.0	0.17142857142857143	0.0	0.25
90	http://d.lib.rochester.edu/camelot/theme/avalon	0	0.1548088957350534	2.0	0.0	0	0	0	0	0	0	5	4.182868388738512	0.16216216216216217	1.852494054225464	0.14634146341463414
91	http://csis.pace.edu/grendel/projs993a/arthurian/avalon.htm	0.0	0	0	0	0	0	0	0	0	0.0	0	0.0	0.125	0	1.0
92	http://avalon.law.yale.edu/default.asp	0	0.0	0	0	0	0	0	0	0	0	5	0	0.2	0	0.10714285714285714
93	http://www.avalonacoustics.com/	0.07792207792207792	0.0	0	0	0	0	0	0	0	0.0	0	0	0.3157894736842105	0.0	0.2222222222222222
94	http://www.downtownavalonpark.com/	0	0.0	0.0	0.0	0	0.0	0	0	0	0	10	0.32828754570561114	0.2727272727272727	0.4764705882352941	0.1111111111111111
95	http://www.avalonuk.com/	0	0.0	1.0	0	0.0	0	0	0	0	0	2	0.2608695652173913	0.5	0	0.34285714285714286
96	http://avalonfoundation.org/	0	0.0	0	0.0	0	0	0	0	0	0	11	0.6419900529060015	0.3	0	0.35294117647058826
98	http://avalonpier.com/	0	0	0	0	0	0	0	0	0	0	1	0	0.42857142857142855	0.06818181818181818	0.3157894736842105
99	http://avalondiner.com/	0.04411764705882353	0.0	0.25	0	0.0	0	0	0	0	0	11	0	0.4	0.0	0.11320754716981132
100	http://cinematreasures.org/theaters/1768	0.0821917808219178	0.0	0.42857142857142855	0.0	0.0	0	0	0	0	0	7	3.6281665744092804	0.0	0.0	0.12
101	http://cinematreasures.org/theaters/united-states/wisconsin	0.0	0.0	0.0	0	0.0	0	0	0	0	0	4	0.0	0.0	0.0	0.0
102	http://cinematreasures.org/theaters/united-states/wisconsin/milwaukee	0.0	0.0	0.0	0	0.0	0	0	0	0	0	4	0.0	0.0	0.0	0.0
103	http://cinematreasures.org/theaters/united-states/wisconsin/milwaukee/bay-view	0.0	0.0	0.0	0	0.0	0	0	0	0	0	5	0.0	0.0	0.0	0.0
104	http://cinematreasures.org/theaters/1768	0.0821917808219178	0.0	0.42857142857142855	0.0	0.0	0	0	0	0	0	7	3.6281665744092804	0.0	0.0	0.12
105	http://cinematreasures.org/theaters/united-states/wisconsin	0.0	0.0	0.0	0	0.0	0	0	0	0	0	4	0.0	0.0	0.0	0.0
106	http://cinematreasures.org/theaters/united-states/wisconsin/milwaukee	0.0	0.0	0.0	0	0.0	0	0	0	0	0	4	0.0	0.0	0.0	0.0
107	http://cinematreasures.org/theaters/united-states/wisconsin/milwaukee/bay-view	0.0	0.0	0.0	0	0.0	0	0	0	0	0	5	0.0	0.0	0.0	0.0
108	http://avalonbagelstoburgers.com/	0	0.0	0	0.0	0.0	0	0	0	0	0	1	0.0	0.24	0.0	0.23076923076923078
109	http://www.todayschristianmusic.com/artists/avalon/	0.03571428571428571	1.22993182445429	1.0	2.2227824806772176	0	0	0	0	0	0.04918032786885246	129	0	0.16216216216216217	3.890444938820912	0.06382978723404255
110	http://www.costco.com/avalon-storage-bedroom-collection.html	0.0	0.0	1.0	0	0.0	0	0	0	0	0	42	0.9028478660188868	0.125	0.0	1.0
111	http://www.costco.com/bedroom-collections.html	0.0	0.0	0.0	0.0	1.0	0	0	0	0	0	91	0.0	0.0	0.0	0.0
112	http://www.sweetwater.com/store/detail/VT737SP	0.0	0.19333333333333333	0.375	0.0	0.16666666666666666	0.6719298245614035	0.4	0	0	0	9	0.0	0.0	0.07894736842105263	0.1875
113	http://www.avaloncayman.com/	0.07692307692307693	0.125	0.17647058823529413	0.0	0.4	0	0	0	0	0	9	0.086784674887043	0.375	0.0	0.10526315789473684
114	http://avalonyachtclub.com/	0	0.0	0	0.20689655172413793	0	0	0	0	0	0	6	0.0297029702970297	0.3157894736842105	0.0	0.5402298850574713
115	https://www.landmarkcinemas.com/nanaimo	0	0.0	0.0	0.0	0.0	0	0	0	0	0	45	0.0	0.0	0.18181818181818182	0.0
116	http://avalontx.com/	0.0392156862745098	0.0	0.0	0	0.0	0	0.0	0	0	0.0066518847006651885	3	0.36528941367860324	0.5	0.0	0.05660377358490566
117	http://www.avalonevents.org/index.php	0.049586776859504134	0.0	0.0	0.0	0.10344827586206896	0	0	0	0	0.037894736842105266	22	0.09845867241886459	0.24	0.1510204081632653	0.1111111111111111
118	https://tickets.avalontheatre.com/	0.06666666666666667	0.0	0	0	0	0	0	0	0	0.07317073170731707	10	0	0.24	1.1621621621621623	0.42857142857142855
119	http://www.edmunds.com/toyota/avalon/2015/	0.05373134328358209	0.0	0.11764705882352941	0.08695652173913043	0.0	0	0	0	0	0.3333333333333333	3	0.0	0.2222222222222222	0.35764705882352943	0.17647058823529413
120	http://www.edmunds.com/toyota/	0.0	0.0	0.0	0.0	0.5465587044534412	0	0	0	0	0.0	3	0.010380622837370242	0.0	0.0	0.0
121	http://www.edmunds.com/toyota/avalon/	0.11920529801324503	0.0	0.3	0.08	0.0	0	0	0	0	0.17647058823529413	25	0.3556130603277602	0.2608695652173913	0.1276595744680851	0.3333333333333333
122	http://www.edmunds.com/toyota/avalon/sedan/	0.11612903225806452	0.0	0.3	0.08	0.0	0	0	0	0	0.17647058823529413	25	0.3556130603277602	0.21428571428571427	0.1276595744680851	0.3497536945812808
123	http://www.avalonmidwives.com/#!	0	0	0	0	0	0	0	0	0	0	0	0	0.3	0	1.0
124	http://avalonplace.info/	0.049586776859504134	0.0	0.0	0.08695652173913043	0.2582417582417582	0	0	0	0	0	23	0.0345821325648415	0.375	0.2608695652173913	0.17647058823529413
125	http://www.boroughofavalon.org/	0	0.0	0	0	1.5714285714285712	0	0	0	0	0	16	0.2857142857142857	0.3157894736842105	0.125	0.2727272727272727
126	https://www.avalonhealthcare.com/	0	0.09523809523809523	0.0	0.35294117647058826	0.0	0	0	0	0	0	9	0.3504218040233614	0.3	0.0	0.3157894736842105
127	http://www.autoblog.com/toyota/avalon/	0.09022556390977443	0.34228743471038164	0.0	0.0	0.0	0	0.0	3.12645759607624	0	0	100	0.0	0.25	2.333333333333333	0.1
128	http://www.autoblog.com/automobiles/	0.0	0.0	0.0	0.0	0.0	0	0.0	0.0	0	0	102	0.0	0.0	0.0	0.0
129	http://www.autoblog.com/toyota/	0.0	0.0	0.0	0.0	0.0	0	0.0	0.0	0	0	113	0.0	0.0	0.0	0.0
130	https://www.goodreads.com/book/show/17149396-avalon	0.039473684210526314	1.2105263157894737	0.3	0.0	0.0	0	0	0	0	0	93	0.0	0.16666666666666666	0.7492020178977707	0.15384615384615385
132	http://www.thecarconnection.com/overview/toyota_avalon_2016	0.041666666666666664	0.764880260404557	0.17142857142857143	0.17142857142857143	0.058823529411764705	0.0	0	0	0	0.15789473684210525	16	0.277382770541872	0.13043478260869565	0.11692173928140197	0.07317073170731707
133	http://www.thecarconnection.com/make/new,toyota	0.0	0.0	0.0	0.0	0	0.0	0	0	0	0.0	14	0.0	0.0	0.0	0.0
134	http://www.thecarconnection.com/cars/toyota_avalon	0.11688311688311688	0.38444547779586147	0.3333333333333333	0.14634146341463414	0.0	0.0	0	0	0	0.18181818181818182	18	0.353786750720984	0.16216216216216217	0.28130530092523753	0.0759493670886076
135	https://www.catalina.com/	0.0	0.0	0	0	0.0	0.0	0.0	0	0	0	24	0.0	0.0	0.0	0.0
136	http://www.chateauavalonhotel.com/	0.039735099337748346	0.0	0.0	0	0.0	0	0	0	0	0	11	0.03636363636363636	0.2727272727272727	0.42639206712433253	0.09375
137	http://avalonmanor.com/	0.021739130434782608	0.0	0.02181818181818182	0.1090909090909091	0	0	0	0	0	0.011194029850746268	2	0	0.4	0.0	0.09230769230769231
138	http://www.avalonmagic.com/	0	0.24	0	0.0	0.631578947368421	0.0	0	0	0	0	18	0.09836065573770492	0.4	1.83	0.18181818181818182
139	http://www.thefreedictionary.com/Avalon	0.11152416356877323	0.15384615384615385	1.0	1.0	0	0	0	0	0	0.10227272727272728	102	0.0	0.2222222222222222	13.0	0.23076923076923078
140	http://www.avalonpontoons.com/pontoon-boat-models/	0.04	0.3	0.0	0.0	0	0.0	0	0	0	0	539	0.4884650480141145	0.16216216216216217	0.0	0.1276595744680851
142	http://www.wholefoodsmarket.com/stores/avalon	0.0	0.06593406593406594	1.0	0.20689655172413793	0.0	0.0	0	0	0	0	59	0.0	0.1875	0.0	0.2222222222222222
143	http://www.rivercruise.com/avalon_waterways.cfm	0.06741573033707865	0.0	0.375	0	0	0	0	0	0	0	33	0.057145365168539325	0.17142857142857143	0.0	0.1935483870967742
144	http://www.avalonmidwives.com/	0	0	0	0	0	0	0	0	0	0	0	0	0.3333333333333333	0	1.0
145	http://stgeorgestudenthousing.com/	0	0.0	0	0.2857142857142857	0.0	0.0	0	0	0	0	4	0.7258422082156053	0.0	0.16666666666666666	0.11320754716981132
146	http://avalonhigh.com/	0.0	0	0	0	0	0	0	0	0	0.0625	2	0	0.42857142857142855	0	0.1111111111111111
147	http://avalonhigh.com/	0.0	0	0	0	0	0	0	0	0	0.0625	2	0	0.42857142857142855	0	0.1111111111111111
148	https://boardgamegeek.com/boardgame/6187/avalon	0.007194244604316547	0.0	0	0	0	0	0	0	0	0.0	0	0	0.16666666666666666	0	0.17142857142857143
149	http://avalonweddingsbcs.com/	0	0.0	0	0	0	0	0	0	0	0	1	0.0	0.2857142857142857	0.0	0.24
150	http://avalonboro.net/about-avalon/avalon-beaches/	0	0.1	0.42857142857142855	0.0	0.24	0.5454545454545454	0	0	0	0	97	0.7893595994086835	0.45	9.896500656253872	0.8
151	http://avalonboro.net/about-avalon/avalon-beaches/#	0	0.1	0.42857142857142855	0.0	0.24	0.5454545454545454	0	0	0	0	97	0.7893595994086835	0.43902439024390244	9.896500656253872	0.8
152	http://wikitravel.org/en/Avalon	0.02830188679245283	1.0	1.0	0.0	0.0	0	0	0	0	0.06521739130434782	49	0.2770242933904574	0.2727272727272727	0.10714285714285714	0.1875
153	http://www.avalonwaterways.ca/	0.04054054054054054	0.0	0.0	0.0	0.0	0	0	0	0	0.3614457831325301	8	0.1879288270009635	0.3333333333333333	0.8333333333333333	0.08571428571428572
154	http://www.toyota.ca/toyota/en/vehicles/avalon/overview	0.09917355371900827	0.0	0.3333333333333333	0.5454545454545454	0.0	0	0	0	0	0	102	0.053790165098526535	0.15384615384615385	0.0	0.16666666666666666
155	http://www.avalon-massage.com/	0	0.0	0	0	0	0	0	0	0	0	0	0.2	0.3333333333333333	0	0.42857142857142855
156	https://www.facebook.com/avalonhollywood	0.0784313725490196	0.3146503884572697	0	0	0	0	0	0	0	0	147	0.06666666666666667	0.2222222222222222	2.6372559737017567	0.2222222222222222
157	http://www.avalon-ventures.com/	0	0.0	0.0	0.13636363636363635	0	0	0	0	0	0	3	0.2613101701049584	0.3157894736842105	0	0.2727272727272727
158	https://www.avalonfurniture.com/wps/portal/avalon	0	0.0	0.0	0.0	0	0	0	0	0	0	1	0.03591219096334186	0.35294117647058826	0.0	0.0
159	http://www.cawreckdivers.org/Wrecks/Avalon.htm	0	0	0	0	0	0	0	0	0	0	0	0.038461538461538464	0.18181818181818182	0	1.0
160	http://www.avalonca.org/	0.15584415584415584	0.0	0	0	0	0	0	0	0	0.375	2	0	0.5	0.0	0.375
161	http://www.avalonfreelibrary.org/	0	0.0	0	0	0.0	0	0	0	0	0	23	0.03015075376884422	0.2857142857142857	0.0	0.15789473684210525
162	http://www.avalongolfclub.net/	0.0	0.13636363636363635	0.21428571428571427	0	0	0.0	0	0	0	0	29	0.12957136342909256	0.3333333333333333	0.3333333333333333	0.13953488372093023
163	http://www.avlon.com/	0.0	0.0	0.0	0	0	0	0	0	0	0	6	0.0	0.0	0	0.0
164	http://www.avlon.com/	0.0	0.0	0.0	0	0	0	0	0	0	0	6	0.0	0.0	0	0.0
165	http://avalonbuildingconcepts.net/	0.04081632653061224	0.27896571602741976	0	0.3	0	0.0	0	0	0	0	9	0.21862999080256101	0.23076923076923078	0.583710407239819	0.25
167	http://www.avalonhotel.se/en/	0.0	0.0	0.0	0	0	0	0.0	0	0	0	60	0.0	0.375	2.357142857142857	0.2857142857142857
168	http://avalontattootwo.com/	0	0.0	0.21647254082570166	0	0	0	0	0	0	0	0	0	0.3157894736842105	0.0	0.23076923076923078
169	http://www.avalonschools.org/page.php?p=p_welcome	0	0.125	0	0	0	0	0	0	0	0	10	0.0	0.16216216216216217	1.1029411764705883	0.35294117647058826
171	http://cubanfishingcenters.com/	0.016666666666666666	0.0	0	0.9334415584415584	0.6821917808219178	0.7356271777003485	0	0.0	0	0.020689655172413793	19	0.21428571428571427	0.0	0.13095238095238093	0.07894736842105263
172	http://www.topix.com/city/avalon-nj	0.11009174311926606	1.146341463414634	0.5454545454545454	0	0	0.0	0.0	0	0	0	21	1.0655323998697492	0.2727272727272727	1.5454545454545454	0.35294117647058826
173	http://www.topix.com/state/nj	0.0	0.0	0.0	0	0	0.0	0.0	0	0	0	28	0.0	0.0	0.0	0.0
174	http://www.topix.com/county/cape-may-nj	0.0	0.0	0.0	0	0	0.0	0.0	0	0	0	28	0.0	0.0	0.0	0.0
175	http://christianmusic.about.com/od/alprofiles/a/aaavalonprofile.htm	0	0.17647058823529413	1.0	0	0.9	0	0.0	0	0	0	119	0.09836557204978258	0.10714285714285714	0.35294117647058826	0.18181818181818182
176	http://www.about.com/entertainment	0	0.0	0	0.0	0	0.0	0.0	0	0	0	166	0.0	0.0	0.0	0.0
177	http://www.zillow.com/avalon-ca/	0.0392156862745098	0.017700077666269996	0.2857142857142857	0	0	0.7083333333333333	0.0	0.0	0	0	102	0.0	0.3157894736842105	24.22088656173931	0.21818181818181817
178	http://www.visitnj.org/nj-attractions/avalon	0.08633093525179857	1.3157894736842106	1.0	1.0	0.0	0	0	0	0	0	29	0.12397640586450387	0.1935483870967742	21.490933618810857	0.3
179	http://www.avalonsprings.co.za/	0.10714285714285714	0.2726086956521739	0	0.23076923076923078	0	0	0	0	0	0.045283018867924525	0	0	0.3157894736842105	0	0.1111111111111111
180	http://www.thecarconnection.com/overview/toyota_avalon_2013	0.041666666666666664	0.7463438735177865	0.17142857142857143	0.0	0.07017543859649122	0.0	0	0	0	0.15789473684210525	15	0.14879143397402012	0.13043478260869565	0.031914893617021274	0.07317073170731707
181	http://www.thecarconnection.com/make/used,toyota	0.0	0.0	0.0	0.0	0	0.0	0	0	0	0.0	14	0.0	0.0	0.0	0.0
182	http://www.thecarconnection.com/cars/toyota_avalon	0.11688311688311688	0.38444547779586147	0.3333333333333333	0.14634146341463414	0.0	0.0	0	0	0	0.18181818181818182	18	0.353786750720984	0.16216216216216217	0.28130530092523753	0.0759493670886076
183	http://www.tworiversconvention.com/avalon/index.php	0.0	0.3333333333333333	0	0	0	0	0	0	0	0.0	6	0.024291497975708502	0.15789473684210525	0	0.08
184	https://tickets.avalontheatre.com/#!	0.06666666666666667	0.0	0	0	0	0	0	0	0	0.07317073170731707	18	0	0.2222222222222222	1.1621621621621623	0.42857142857142855
185	http://www.avalonsprings.co.za/	0.10714285714285714	0.2726086956521739	0	0.23076923076923078	0	0	0	0	0	0.045283018867924525	0	0	0.3157894736842105	0	0.1111111111111111
186	http://www.tworiversconvention.com/avalon/index.php	0.0	0.3333333333333333	0	0	0	0	0	0	0	0.0	6	0.024291497975708502	0.15789473684210525	0	0.08
187	http://www.thecarconnection.com/overview/toyota_avalon_2013	0.041666666666666664	0.7463438735177865	0.17142857142857143	0.0	0.07017543859649122	0.0	0	0	0	0.15789473684210525	15	0.14879143397402012	0.13043478260869565	0.031914893617021274	0.07317073170731707
188	http://www.thecarconnection.com/make/used,toyota	0.0	0.0	0.0	0.0	0	0.0	0	0	0	0.0	14	0.0	0.0	0.0	0.0
189	http://www.thecarconnection.com/cars/toyota_avalon	0.11688311688311688	0.38444547779586147	0.3333333333333333	0.14634146341463414	0.0	0.0	0	0	0	0.18181818181818182	18	0.353786750720984	0.16216216216216217	0.28130530092523753	0.0759493670886076
190	https://tickets.avalontheatre.com/#!	0.06666666666666667	0.0	0	0	0	0	0	0	0	0.07317073170731707	18	0	0.2222222222222222	1.1621621621621623	0.42857142857142855
191	http://www.maquet.com/int/products/avalon-elite/	0	0.0	0.5	0.0	0.336734693877551	0	0	0	0	0	17	0.18774548311076197	0.18181818181818182	0.0	0.46153846153846156
192	https://avalongolf.com/	0.019230769230769232	0.0	0.0	0.0	0	0	0	0	0	0	16	0.24830094043887146	0.42857142857142855	0.8862745098039216	0.5
193	http://avalonfoods.com/	0.013824884792626729	0.6306955416652874	0	0.0	0	0	0	0	0	0.0	62	0.10978835978835978	0.4	1.0	0.15789473684210525
194	http://www.avalonschools.org/	0	0.0	0	0	0	0	0	0	0	0	10	0.6862745098039216	0.35294117647058826	0.7461300309597523	0.35294117647058826
195	https://www.yelp.com/biz/avalon-alpharetta	0.04878048780487805	0.2857142857142857	0.21428571428571427	0.0	0.0	0.0	0	0	0	0.0	127	0.816845968565171	0.21428571428571427	2.5882505175983432	0.39371155160628846
196	https://www.yelp.com/c/alpharetta-ga-us/arts	0.04838709677419355	0.0	0.0	0.0	1.0	0	0	0	0	0.0	95	0.0	0.0	2.2608695652173916	0.0
197	https://www.yelp.com/c/alpharetta-ga-us/movietheaters	0.05263157894736842	0.0	0.0	0.0	1.2608695652173914	0	0	0	0	0.0	94	0.0	0.0	2.5217391304347827	0.0
198	http://www.avalonmusic.net/	0	0.0	0.2608695652173913	0.2608695652173913	0.3333333333333333	0	0	0	0	0	13	0.10526315789473684	0.4	0.08571428571428572	0.5
199	http://www.avalonwaterways.com.au/	0.03896103896103896	0.0	0	0	0.0	0.0	0	0	0	0	5	0.12392609156172767	0.2727272727272727	0.5751633986928104	0.1276595744680851
200	http://www.avalonisd.net/	0	0.0	0.17647058823529413	0.0	0	0	0	0	0	0	15	0.11770236726164968	0.46153846153846156	0.0	0.17647058823529413
201	http://www.avalonhoa.org/	0	0.12244897959183673	0	0	0.0	0.24	0	0	0	0	11	0.0	0.46153846153846156	0	0.16216216216216217
202	http://www.ebay.com/sch/i.html?_nkw=avalon	0.08108108108108109	1.0535117056856187	0.0	0.46153846153846156	0.0	0	0	0	0	0.08108108108108109	319	0.0	0.20689655172413793	1.8571428571428572	0.4
203	http://alandofmythandatimeofmagic.weebly.com/avalon.html	0	0.20323293397181488	0	0.6304347826086957	0	0	0	0	0	0	3	0	0.125	0.46153846153846156	0.13953488372093023
204	http://www.avalonbreads.net/goodies/breads/	0	0.43766578249336874	0.0	0	0.0	0	0	0	0	0	55	0.0	0.20689655172413793	0.0	0.19047619047619047
205	http://avalon.law.yale.edu/subject_menus/imt.asp	0	0.0	0	0	0	0	0	0	0	0	7	0	0.15384615384615385	0.0	0.09375
206	http://www.avalon.ca/	0	0.0	0	0	0	0	0	0	0	0	2	0.05807483210745123	0.6666666666666666	0.0	1.0
207	http://avalonyoga.com/schedule/	0	0.0	0.2	0.0	0.0	0.1875	0	0	0	0	46	3.248311766491495	0.2727272727272727	1.3666681251509991	0.15
208	http://www.avalonpier.com/piercam.html	0	0	0	0	0	0	0	0	0	0	1	0	0.23076923076923078	0.0	0.3157894736842105
209	http://www.chicagoparkdistrict.com/parks/Avalon-Park/	0	0.0	0.0	0.0	2.9078330900370863	0	0	0	0	0	56	0.23167894203128478	0.15384615384615385	0.8792960088691796	0.15
210	http://projectavalon.net/	0	0	0	0	0	0	0	0	0	0	7	0	0.35294117647058826	0	0.125
211	http://www.avalonrestaurant.net/#!	0	0	0	0	0	0	0	0	0	0.08695652173913043	0	0	0.2727272727272727	0	0.10344827586206896
212	https://www.theavalononthebeach.com.au/	0.03773584905660377	0.0	0	0.0	0.13953488372093023	0	0	0	0	0.08695652173913043	22	0.12286272889815274	0.23076923076923078	2.034655870445344	0.11320754716981132
213	http://avalonreefclub.com/	0.0	0.0	0.0	0	0.0	0	0.0	0	0	0.0	6	0.0	0.3333333333333333	0.0	0.0
214	http://www.northwest-wine.com/	0.0	0.0	0.0	0	0	0	0	0	0	0.0	3	0.05128205128205128	0.0	0.0	0.0
215	http://avalon.epsb.ca/	0	0.0	0.0	0.0	0	0.0	0	0	0	0	15	1.6126984126984127	0.42857142857142855	0	0.5714285714285714
216	http://www.avalonliving.net/	0.05504587155963303	0.021897810218978103	0.0	0.0	0	0	0.0	0	0	0.0	6	0.0	0.375	1.0	0.14634146341463414
217	http://www.fandango.com/regalavalon12_aaxie/theaterpage	0.043795620437956206	0.0	0.13043478260869565	0.0	0.0	0.0	0.0	0.0	0	0	420	0.0	0.14285714285714285	0.0	0.08
219	https://avaloncakesschool.com/	0.0	0.0	0.5	0.0	0.15384615384615385	0.0	0.0	0.0	0	0	4	0.43276594518477196	0.2857142857142857	0.0	0.10526315789473684
220	http://avalonspa.com/	0.028037383177570093	0.0	0	0	0	0	0	0	0	0	0	0	0.46153846153846156	2.6959922430510668	0.4
221	http://www.avalonlimo.org/	0.0425531914893617	0.0	0	0.5454545454545454	0	0	0	0	0	0	8	0.05454545454545454	0.42857142857142855	0.0	0.08823529411764706
222	http://www.avalonrisk.com/	0	0.0	0	0.044444444444444446	0.0	0.0	0.0	0	0	0	15	0.17433159813849047	0.42857142857142855	0.0	0.08
223	http://www.avalonartists.com/	0.0	0.0	0	0	0	0	0	0	0	0.0	0	0.058823529411764705	0.35294117647058826	0.0	0.42857142857142855
224	http://www.avalonvillage.com/	0.03870967741935484	0.09836065573770492	0.0	0	0	0	0	0	0	0	3	0.03680981595092025	0.35294117647058826	0.0	0.13043478260869565
225	http://www.carsdirect.com/toyota/avalon	0	0.33375	0	0.16666666666666666	0.48	0.6478764478764478	0	0	0	0	17	0.11773584905660378	0.23076923076923078	1.9692056780428873	0.2608695652173913
226	http://www.carsdirect.com/toyota	0	0.0	0.0	0	0.0	0	0	0	0	0	10	1.4615384615384617	0.0	0.8157894736842105	0.0
227	http://www.avalonresortfl.com/	0.029850746268656716	0.0	0.0	0.0	0.0	0	0	0	0	0.0	0	0	0.3333333333333333	0.0	0.2857142857142857
229	http://www.avalondairy.com/	0	0.0	0	0.2608695652173913	0.4722222222222222	0.0	0	0	0	0	1	0.09173669467787116	0.4	0.35294117647058826	0.375
230	http://www.avalonparkapts.com/	0.041379310344827586	0.6917960088691796	0.11764705882352941	0	0	0	0	0	0	0.0	11	0.05263157894736842	0.3333333333333333	0.0	0.1111111111111111
231	http://atlantarestaurants.blog.ajc.com/2014/10/28/avalon-in-alpharetta-restaurants-food-shopping-and-more/	0.0	0.0	0.11538461538461539	0.0	0.0	0.0	0.0	0	0	0.0	397	0.3101344518993293	0.06382978723404255	0.547244094488189	0.07142857142857142
232	http://encyclopedia2.thefreedictionary.com/Avalon	0.07758620689655173	0.12244897959183673	1.0	3.0	0	0	0	0	0	0.10227272727272728	100	0.0	0.14634146341463414	13.0	0.23076923076923078
234	http://www.avalonrents.com/	0.049586776859504134	0.0	0	0	0.0	0.24	0	0	0	0	18	0.20369641753064593	0.4	0.0	0.1016949152542373
235	http://avalontest.com/	0.03	0.0	0.0	0.0	0.09836065573770492	0	0	0	0	0.046875	8	0.1308377896613191	0.42857142857142855	1.538011695906433	0.11009174311926606
236	http://www.avalonwaterways.co.nz/	0.0379746835443038	0.023166023166023165	0	0	0.0	0.0	0	0	0	0.0	5	0.5484435692682931	0.2857142857142857	0.9260088093208296	0.09230769230769231
237	http://avalonadvancedmaterials.com/	0.04054054054054054	0.0	0.0	0.0	0	0	0	0	0	0	10	0.29152024918615305	0.2222222222222222	0.0	0.1935483870967742
238	http://avalontent.com/	0.04195804195804196	0.0	0	0	0.0	0.0	0	0	0	0.0	1	0.11320754716981132	0.42857142857142855	0.0	0.06
239	http://www.avalonme.com/	0.038461538461538464	0.42628205128205127	0	0	0.0	0.0	0	0	0	0	6	0.0781615925058548	0.5	0.0	0.0
240	https://www.trulia.com/CA/Avalon/	0.047619047619047616	17.996911196911192	0.23076923076923078	0.13953488372093023	0	0	0.0	0	0	0	4	0.0	0.3333333333333333	0.0	0.2608695652173913
241	http://www.avalon-salon.com/about.html	0.017543859649122806	0.0	0.5	0	0.0	0	0	0	0	0.02702702702702703	13	0.1972850678733032	0.23076923076923078	0.0	0.15
242	http://www.avalonchurch.net/	0	0.0	0	0	0.0	0	0	0	0	0	2	0.7986259610806363	0.375	0.0	0.46153846153846156
243	http://avalonhp.com/	0	0.0	0	0.0	0.0	0	0	0	0	0	7	0.11538461538461539	0.5	0.21678256505842713	0.25
244	http://avalontrans.com/	0	0.0	0	0	0	0	0	0	0	0	2	0	0.4	0.0	0
245	http://missavalon.com/	0	0.06818181818181818	0.0	0	0	0.0	0	0	0	0	5	0	0.42857142857142855	0.0	0.2222222222222222
246	http://www.youtube.com/watch?v=iRRUH3g_268	0	0.0	0.0	0	0.0	0.0	0	0	0	0.4090909090909091	8	0.0	0.0	4.352247612268197	0.3333333333333333
247	http://www1.pgcps.org/avalon/	0	0.0	0.5892857142857143	0	0.21428571428571427	0.0	0	0	0	0	7	0.0	0.3	0.0	0.5226860254083484
248	http://avalonsolutionsgroup.com/	0.0	0.2222222222222222	0.0	0.0	0.0	0	0	0	0	0.10434782608695652	0	0.060326659641728134	0.25	0	0.375
249	http://avalonyoga.com/	0	0.0	0	0	0.0	0	0	0	0	0	3	0.2749927481942469	0.42857142857142855	0.5	0.15789473684210525
250	http://www.avalonrealty.com/	0.06349206349206349	0.0	0	0	0.0	0	0	0	0	0	6	0.03636363636363636	0.375	0.0	0.5395348837209303
251	http://www.wizard101central.com/wiki/Location:Avalon	0	0	0	0	0.0	0	0	0	0	0	1	0	0.15789473684210525	0	0.0
253	http://www.chicagointl.org/campuses/avalon.html	0	0.0	0	0	0.3	0	0	0	0	0	13	0.0	0.17647058823529413	0.5454545454545454	0.13333333333333333
254	http://www.avalonmalibu.com/	0.043478260869565216	0.6663086512838463	0.23076923076923078	0.425	0.0	0.0	0	0	0	0	19	0.07012987012987013	0.375	0.8507492963392399	0.21428571428571427
255	http://www.metrolyrics.com/avalon-lyrics-roxy-music.html	0.04	0.0	0.4	0.0	0.0	0	0	0	0	0	58	2.375	0.13636363636363635	1.0	0.15
256	http://www.avalonint.com/	0	0.0	0	0	0	0	0	0	0	0	0	0	0.46153846153846156	3.2249102765771966	0.0
257	http://www.avalon-it.co.uk/	0.11255761300234494	0.06315789473684211	0.0	0	0	0.2857142857142857	0.0	0	0	0.058823529411764705	13	0.017804154302670624	0.4	0.045112781954887216	0.07228915662650602
258	http://avalonhousing.org/	0	0.3	0	0	0.0	0	0	0	0	0	7	0.0	0.35294117647058826	0.0	0.42857142857142855
259	http://avalonsales.com/	0	1.484421029471085	0	0.8571428571428571	0	0	0	0	0	0	11	0.0	0.4	0.38095238095238093	0.21428571428571427
260	http://merlin.wikia.com/wiki/Lake_of_Avalon	0.06315789473684211	0.0	0.42857142857142855	0.0	0.0	0	0	0	0	0.0594059405940594	86	1.3776301218161684	0.17647058823529413	0.0	0.1111111111111111
261	https://soundcloud.com/avalon	0.03680981595092025	0.0	0	0.2	0	0	0	0	0	0.0	7	1.6530568723847752	0.3	0	0.11538461538461539
262	http://www.avaloninvestment.com/	0	0.039473684210526314	0	0.0	0	0	0	0	0	0	0	0.05955371656568642	0.3	0.0	0.35294117647058826
263	http://www.avalonairport.com.au/	0.08633093525179857	0.15384615384615385	0.0	0	0.17142857142857143	0.0	0	0	0	0	13	0	0.3	0.3926040061633282	0.13953488372093023
264	http://www.cruises.com/promotion/avalon-river-cruises.do	0.03529411764705882	1.486324270058024	0.1111111111111111	7.303856964831613	0.0	0	0	0	0	0.27177700348432055	81	0.0	0.13953488372093023	5.640455084577194	0.14814814814814814
265	http://www.avalon-instruments.com/	0.0	0.0	0.3333333333333333	0	0.40689655172413797	0	0	0	0	0.0	14	0.1935483870967742	0.2727272727272727	0.18181818181818182	0.0
266	http://avalonstables.com/	0	0.0	0	0	0	0.0	0	0	0	0	4	0.20245388002052778	0.35294117647058826	0	0.2857142857142857
267	http://www.avalonguitars.com/	0.023622047244094488	0.1935483870967742	0.7012987012987013	0.0	0.0	0.0	0	0	0	0	6	0.282791526758695	0.35294117647058826	0.0	0.08823529411764706
268	http://avalonlabs.com/	0.04	0.10344827586206896	0	0.0	0.0	0.5	0	0	0	0	3	0.08464087320923887	0.42857142857142855	0	0.20689655172413793
269	http://www.apartments.com/avalon-pa/	0.03680981595092025	4.5	0.23076923076923078	0.17142857142857143	0.0	0.0	0.0	0	0	0.0967741935483871	106	0.03680981595092025	0.2608695652173913	0.0	0.11764705882352941
270	http://avalonmohegansun.com/	0	0.0	0	0	0.0	0	0	0	0	0	5	0	0.3	0.0	0.32432432432432434
271	http://www.avalonhistoricalsociety.org/	0.24	0.0	0	0	0	0	0	0	0	0	0	0	0.2222222222222222	0	0.1875
272	http://www.avalon-house.ie/	0.07446399754092062	0.22909090909090907	0.0	0	0	0	0	0	0	0.02727272727272727	2	0.05846562696692076	0.4	0.0	0.1751918158567775
275	http://www.avalonshutters.com/	0.023529411764705882	0.0	0	0	0	0	0	0	0	0.0	8	0.0	0.3333333333333333	0.10714285714285714	0.2727272727272727
276	http://avalonu.org/	0.0	0.0	0.375	0	0	0	0.0	0	0	0.0	10	0.0	0.5454545454545454	0	0.08
277	https://www.kayak.com/Avalon-Hotels.17470.hotel.ksp	0.049586776859504134	0.9109622291249825	0.46153846153846156	0.4021978021978022	0	0	0	0	0	0	10	0.09983193277310924	0.15789473684210525	1.6	0.1
278	https://www.kayak.com/hotels	0.0	0.0	0.0	0.0	0.0	0.0	0	0	0	0	42	0.0	0.0	0.0	0.0
279	https://www.kayak.com/United-States-Hotels.253.dc.html	0.0	0.0	0.0	0.0	0	0	0	0	0	0	39	0.0	0.0	0.0	0.0
280	https://www.kayak.com/California-United-States-Hotels.122.dr.html	0.0	0.0	0.0	0.0	0	0	0	0	0	0	42	0.0	0.0	0.0	0.0
282	http://avalonlodge.com/	0.0379746835443038	0.0	0.0	0.2883295194508009	0	0	0	0	0	0.017832538420773716	4	0.05504587155963303	0.4	0.0	0.1016949152542373
283	http://www.mythencyclopedia.com/Ar-Be/Avalon.html	0.0	0.0	0.3333333333333333	0.0	0	0.0	0	0	0	0	0	0.06050842297544145	0.16666666666666666	0.0	0.11764705882352941
284	http://www.mythencyclopedia.com/Ar-Be/index.html	0.0	0.0	0	0.0	0	0	0	0	0	0	0	0.023346303501945526	0.0	0.0	0.0
285	http://www.avalonwestapts.com/	0.05263157894736842	0.01634877384196185	0.0	0.0	0	0	0	0	0	0.0	7	0.0	0.3333333333333333	0.5454545454545454	0.13043478260869565
286	http://www.avalon-center.com/	0	0.0	0.07692307692307693	0.0	0	0.0	0	0	0	0	0	0.64667547721365	0.35294117647058826	0.0	0.3
287	http://www.catalinaexpress.com/	0	0.0	0.0	0.0	0	0.0	0.0	0	0	0	3	0.1772543082841988	0.0	0.42857142857142855	0.0
288	http://avalonspa.com/rmt	0.012096774193548387	0.0	0.0	0.0	0.0	0	0	0	0	0	41	0.0	0.375	2.6959922430510668	0.13636363636363635
289	http://www.avalonwestapts.com/	0.05263157894736842	0.01634877384196185	0.0	0.0	0	0	0	0	0	0.0	7	0.0	0.3333333333333333	0.5454545454545454	0.13043478260869565
290	http://toyotanews.pressroom.toyota.com/releases/2017-toyota-avalon-product-specifications.htm	0.15789473684210525	0.0	0.15789473684210525	0.0	0.0	0.0	0.0	0	0	0.1791044776119403	130	0.0	0.07142857142857142	0.0	0.1276595744680851
291	http://www.avalon-center.com/	0	0.0	0.07692307692307693	0.0	0	0.0	0	0	0	0	0	0.64667547721365	0.35294117647058826	0.0	0.3
292	http://www.mythencyclopedia.com/Ar-Be/Avalon.html	0.0	0.0	0.3333333333333333	0.0	0	0.0	0	0	0	0	0	0.06050842297544145	0.16666666666666666	0.0	0.11764705882352941
293	http://www.mythencyclopedia.com/Ar-Be/index.html	0.0	0.0	0	0.0	0	0	0	0	0	0	0	0.023346303501945526	0.0	0.0	0.0
294	http://www.catalinaexpress.com/	0	0.0	0.0	0.0	0	0.0	0.0	0	0	0	3	0.1772543082841988	0.0	0.42857142857142855	0.0
295	http://www.thinkbabynames.com/meaning/0/Avalon	0.03821656050955414	0.0	0	0.5454545454545454	0	0	0	0	0	0.14814814814814814	0	0.1016949152542373	0.1875	0.0	0.26666666666666666
296	http://www.avalonhp.ocps.net/	0	0.0	0.0	0.0	0	0	0	0	0	0	51	0.0	0.35294117647058826	0.25	0.0
297	http://www.avalonconsult.com/	0	0.21428571428571427	0.0	0.057692307692307696	0	0.0	0	0	0	0	5	0.208138638882223	0.35294117647058826	0.7279411764705883	0.20689655172413793
298	http://www.avalonconsult.com/	0	0.21428571428571427	0.0	0.057692307692307696	0	0.0	0	0	0	0	5	0.208138638882223	0.35294117647058826	0.7279411764705883	0.20689655172413793
299	http://www.avalondowntown.com/	0	0.0	0.0	0.0	0.0	0	0	0	0	0	3	0.0	0.3333333333333333	0.8142857142857143	0.16666666666666666
300	https://biotone.com/avalon	0.0	0.0	1.0	0.0	0.0	0.0	0	0.0	0	0.0	146	0.0	0.35294117647058826	3.0	1.0
302	http://www.avalonalcommunity.com/	0.03314917127071823	0.0	0.13953488372093023	0.0	0	0	0	0	0	0	9	0.32200523405095793	0.2857142857142857	0.1875	0.0759493670886076
303	http://www.theavalon.org/about/	0	0.0	1.0	0	0	0	0	0	0	0	99	0.16601920598720854	0.3333333333333333	0.0	0.11538461538461539
304	http://avalonhomeinspections.net/	0.03821656050955414	0.0	0.0	0.0	0.0	0	0	0	0	0	15	0.09411196911196912	0.24	0.21428571428571427	0.06896551724137931
305	http://avalongardens.org/	0	0.18181818181818182	0.0	0.0	0	0	0	0	0	0	10	0.2660857908847185	0.35294117647058826	0	0.2608695652173913
307	http://www.itservicesthatworkforyou.com/news/avalon-transfer/	0	0.0	0	7.296413513950931	0	0	0	0	0	0.4	0	4.956455981267491	0.1276595744680851	0.4	0.4
309	http://www.classifiedads.com/cats/bb69p84zwcf5	0.0410958904109589	0.037383177570093455	0.17142857142857143	0	0.0	0	0	0	0	0.0	1	0.0	0.0	1.0	0.11764705882352941
311	https://www.wayfair.com/Avalon-Furniture-B35987.html	0.04669260700389105	0.3375	0	0.375	0	0	0	0	0	0	626	10.666666666666659	0.15384615384615385	0.375	0.23076923076923078
313	http://www.avalongolfclub.net/2016/10/	0	0.13636363636363635	0	0	0	0.0	0	0	0	0	56	0.06976744186046512	0.25	0.3333333333333333	0
314	http://avalonchristiangroup.dtlinepf.com/	0.04580152671755725	0.0	0.2727272727272727	0.2727272727272727	0.2727272727272727	0	0	0	0	0.2727272727272727	9	0.10909090909090909	0.18181818181818182	0.0	0.09090909090909091
315	http://www.itservicesthatworkforyou.com/news/avalon-transfer/	0	0.0	0	7.296413513950931	0	0	0	0	0	0.4	0	4.956455981267491	0.1276595744680851	0.4	0.4
316	http://www.classifiedads.com/cats/bb69p84zwcf5	0.0410958904109589	0.037383177570093455	0.17142857142857143	0	0.0	0	0	0	0	0.0	1	0.0	0.0	1.0	0.11764705882352941
319	https://commons.wikimedia.org/wiki/Category:Avalon_Beach	0	0.0	0.2857142857142857	0.1875	0.0	0	0	0	0	0	6	0.0	0.13333333333333333	0.0	0.14634146341463414
320	https://commons.wikimedia.org/wiki/Category:Avalon_Beach	0	0.0	0.2857142857142857	0.1875	0.0	0	0	0	0	0	6	0.0	0.13333333333333333	0.0	0.14634146341463414
321	https://www.wayfair.com/Avalon-Furniture-B35987.html	0.04669260700389105	0.3375	0	0.375	0	0	0	0	0	0	626	10.666666666666659	0.15384615384615385	0.375	0.23076923076923078
322	http://abduzeedo.com/beautiful-houses-avalon	0.03550295857988166	0.0	0	0.0	0	0.0	0	0	0	0.0	28	0.06451612903225806	0.16666666666666666	0.25	0.16666666666666666
323	http://www.itservicesthatworkforyou.com/news/avalon-treatment-center/	0	0.0	0	5.613931047929691	0	0	0	0	0	0.2608695652173913	0	2.6890240581966713	0.10909090909090909	0.2608695652173913	0.2608695652173913
325	https://www.instagram.com/p/BK_I-8Ng0xh/	0.0	0	0	0	0	0	0	0	0	0	0	0	0.0	0	0.0
326	http://gamestoycollection.com/?search=strategy-war-avalon	0	0.0	0.3157894736842105	0.0	0.0	0	0	0	0	0	105	0.0	0.12244897959183673	0.0	0.14285714285714285
327	http://batteryreconditioningdiy.com/dead-battery-assistance/dead.battery.toyota.avalon=p23597/	0.23076923076923078	0	0	0	0	0	0	0	0	0.23076923076923078	1	0	0.07142857142857142	0	0.2
328	http://www.itservicesthatworkforyou.com/news/avalon-treatment-center/	0	0.0	0	5.613931047929691	0	0	0	0	0	0.2608695652173913	0	2.6890240581966713	0.10909090909090909	0.2608695652173913	0.2608695652173913
330	https://www.instagram.com/p/BK_I-8Ng0xh/	0.0	0	0	0	0	0	0	0	0	0	0	0	0.0	0	0.0
331	http://gamestoycollection.com/?search=strategy-war-avalon	0	0.0	0.3157894736842105	0.0	0.0	0	0	0	0	0	105	0.0	0.12244897959183673	0.0	0.14285714285714285
332	http://batteryreconditioningdiy.com/dead-battery-assistance/dead.battery.toyota.avalon=p23597/	0.23076923076923078	0	0	0	0	0	0	0	0	0.23076923076923078	1	0	0.07142857142857142	0	0.2
333	http://batteryreconditioningdiy.com/dead-battery-assistance/dead.battery.toyota.avalon=p23597/	0.23076923076923078	0	0	0	0	0	0	0	0	0.23076923076923078	1	0	0.07142857142857142	0	0.2
334	http://gamestoycollection.com/?search=1971-avalon-bookcase	0	0.0	0.3	0.0	0.0	0	0	0	0	0	69	0.0	0.12	0.0	0.13953488372093023
335	http://www.lwluk.com/twitnow?q=from%3AAvalonCosplay	0.0	5.2941176470588225	0	0	0	0	0	0	0	0	15	0	0.15384615384615385	0.0	0.0
336	http://batteryreconditioningdiy.com/snap-on-battery-rebuild-kit/batteries-plus-2007-toyota-avalon=p8921/	0.18181818181818182	0	0	0	0	0	0	0	0	0.18181818181818182	1	0	0.06382978723404255	0	0.16216216216216217
337	http://avalonmke.com/the-birds.html	0	0.0	0	0	0	0	0	0	0	0	6	0.842985842985843	0.2222222222222222	0.0	0.0
338	https://omniwebtickets.com/avalon/?schdate=2016-09-30	0.0	0.0	0	0.0	0	0	0	0	0	0.0	5	0	0.13953488372093023	0.42857142857142855	0
339	http://caenergysaving.com/reflective-477-avalon-essay	0	0.0	0.2608695652173913	0	0	0.0	0	0	0	0	44	0.0	0.13333333333333333	0.2608695652173913	0.2608695652173913
340	https://omniwebtickets.com/avalon/?schdate=2016-09-30	0.0	0.0	0	0.0	0	0	0	0	0	0.0	5	0	0.13953488372093023	0.42857142857142855	0
341	http://caenergysaving.com/reflective-477-avalon-essay	0	0.0	0.2608695652173913	0	0	0.0	0	0	0	0	44	0.0	0.13333333333333333	0.2608695652173913	0.2608695652173913
343	http://christianlifechurchfl.com/events/event/fall-picnic/	0	0.0	0.0	0.0	0	0	0	0	0	0	21	0	0.0	0	0.0
344	https://www.goseek.com/searches/h278458/	0.0	0.0	0	0	0	0	0	0	0	0.0	3	0.0	0.0	0.0	0.0
345	http://www.huntingstock.com/Warfare-Avalon.html	0.08530805687203792	0.0	0	0.4	0.0	0.0	0	0.0	0	0.2727272727272727	39	0.08530805687203792	0.17142857142857143	0	0.18181818181818182
346	http://rbm.chandrahaskenya.com/efT	0	0	0	0	0	0	0	0	0	0	7	0.0	0.0	0.0	0.0
349	http://christianlifechurchfl.com/events/event/fall-picnic/	0	0.0	0.0	0.0	0	0	0	0	0	0	21	0	0.0	0	0.0
350	https://www.goseek.com/searches/h278458/	0.0	0.0	0	0	0	0	0	0	0	0.0	3	0.0	0.0	0.0	0.0
351	http://www.huntingstock.com/Warfare-Avalon.html	0.08530805687203792	0.0	0	0.4	0.0	0.0	0	0.0	0	0.2727272727272727	39	0.08530805687203792	0.17142857142857143	0	0.18181818181818182
352	http://rbm.chandrahaskenya.com/efT	0	0	0	0	0	0	0	0	0	0	7	0.0	0.0	0.0	0.0
353	http://rbm.chandrahaskenya.com/efT	0	0	0	0	0	0	0	0	0	0	7	0.0	0.0	0.0	0.0
