index	url	description	div	h1	h2	h3	h4	h5	h6	inbound_links	keywords	outbound_links	p	root	span	title
1	http://www.bell.ca/	0.026490066225165563	0.04040404040404041	0.0	0.0	0.7055107645067457	0.05970149253731343	0	0	0	0	11	0.5767530955608094	0.5714285714285714	0.19047619047619047	0.0625
2	http://www.bellhelmets.com/en_eu/	0.025806451612903226	0.0	0	0.5833333333333333	0.13793103448275862	0.0	0	0	0	0.08695652173913043	80	0.2451063829787234	0.2	0.08888888888888889	0.08
3	http://www.experiencebell.org/	0	0.0	0.0	0.0	0	0	0	0	0	0	6	0.0975609756097561	0.2222222222222222	0.0	1.0
4	http://www.bellhelmets.com/cycling/	0.025477707006369428	0.0	0	0.5833333333333333	0.13793103448275862	0.0	0	0	0	0.08695652173913043	102	0.280194102276969	0.18181818181818182	0.08888888888888889	0.14285714285714285
5	http://www.bellhelicopter.com/	0	2.1293403485440088	4.349157973986349	0.0	1.0916619612271785	0.0	0	0	0	0	4	2.692054407904614	0.2222222222222222	0.36363636363636365	0.26666666666666666
6	https://mybell.bell.ca/	0.05161290322580645	0.0	0.10526315789473684	0.0	0.2128421428058659	0.07142857142857142	0	0	0	0	91	0.21859020310633215	0.5714285714285714	0.19047619047619047	0.25
7	http://www.bell.ca/mobility	0.024096385542168676	0.07142857142857142	0.0	0.15555555555555556	0.3477627777265008	0.05970149253731343	0.0	0	0	0	74	0.223564651238675	0.26666666666666666	1.9093650793650794	0.17777777777777778
8	http://www.bell.ca/Residential_services	0.026490066225165563	0.04040404040404041	0.0	0.0	0.7055107645067457	0.05970149253731343	0	0	0	0	69	0.5767530955608094	0.14814814814814814	0.19047619047619047	0.0625
9	http://www.bell.ca/Mobility	0.024096385542168676	0.07142857142857142	0.0	0.15555555555555556	0.3477627777265008	0.05970149253731343	0.0	0	0	0	74	0.223564651238675	0.26666666666666666	1.9093650793650794	0.17777777777777778
10	http://www.bell.com/index2.htm	0	0	0	0	0	0	0	0	0	0	0	0	0.2222222222222222	0	0.0
11	http://support.bell.ca/contact-us	0.16216216216216217	0.05194805194805195	0.0	0.07547169811320754	0.2128421428058659	0.07142857142857142	0	0	0	0	92	0.8253771396908927	0.16	0.47619047619047616	0.06349206349206349
12	http://www.bce.ca/	0.030534351145038167	0.0	0	0.07692307692307693	0	0	0	0	0	0	10	0.0	0.0	0.0	0.06349206349206349
13	http://www.bce.ca/	0.030534351145038167	0.0	0	0.07692307692307693	0	0	0	0	0	0	10	0.0	0.0	0.0	0.06349206349206349
14	https://www.bellbanks.com/	0.03669724770642202	0.0	0.07017543859649122	0.14814814814814814	0.0	0.18181818181818182	0	0	0	0	16	0.06309356720231292	0.3076923076923077	1.0222222222222221	0.08
15	http://support.bell.ca/	0.08275862068965517	0.5501661129568106	0.3333333333333333	0.07142857142857142	0.2128421428058659	0.07142857142857142	0	0	0	0	83	0.6022265667426958	0.26666666666666666	0.47619047619047616	0.14285714285714285
16	http://www.revzilla.com/bell-helmets	0.057971014492753624	0.0	0.3333333333333333	0	0.0	0.0	0	0	0	0	57	0.25267536341361846	0.16666666666666666	3.6821785493289068	0.14545454545454545
17	http://www.belk.com/	0.0	0.0	0	0	0	0	0	0	0	0.0	14	0.0	0.0	0.0	0.0
18	http://www.merriam-webster.com/dictionary/bell	0.07476635514018691	0.0	1.0	6.6977225672877845	0	0.0	0	0.0	0	0.07643312101910828	28	0.0	0.12121212121212122	0.0	0.18181818181818182
19	http://www.bellhelmets.eu/	0	0.14814814814814814	0	0.024242424242424242	0	0.02072538860103627	0	0	0	0	2	0.13403570253013153	0.2857142857142857	0.11764705882352941	0.2
20	http://www.bellcad.org/	0.0	0.0	0	0	0.0	0	0	0	0	0.1111111111111111	31	0.0	0.36363636363636365	0.44599844599844596	0.26666666666666666
22	http://www.bellsbeer.com/	0	0.0	0	0.525	0.4052532833020638	0.0	0	0	0	0	25	0.3065285251929448	0.3076923076923077	0.0	0.2857142857142857
23	http://bellcountytx.com/	0	0.0	0	0.23529411764705882	0	0	0	0	0	0	91	0.28479983743141635	0.25	0.0	0.13793103448275862
24	http://www.bellracing.com/	0	0.0	0	0.0	0	0.0	0	0	0	0	40	0.0	0.2857142857142857	0.14285714285714285	0.16666666666666666
26	http://www.bellross.com/us/	0.05405405405405406	0.0	0	0	0.0	0	0	0	0	0	23	2.4000000000000004	0.2857142857142857	0.8	0.8
27	http://bellgossett.com/	0.015444015444015444	0.0	0	0.0	0.0	0.36363636363636365	0.0	0	0	0	70	1.2444444444444445	0.26666666666666666	0.0	0.8
28	http://bellinspace.com/	0.038834951456310676	0	0	0	0	0	0	0	0	0	0	0	0.26666666666666666	0	0.4444444444444444
29	http://www.bellhelicopter.com/Home.html	0	2.1293403485440088	4.349157973986349	0.0	1.0916619612271785	0.0	0	0	0	0	4	2.692054407904614	0.14814814814814814	0.36363636363636365	0.26666666666666666
30	http://www.belloflostsouls.net/	0.0	0.0	0.0	0.0	0.0	0	0	0	0	0	26	0.08	0.21052631578947367	0.0	0.0975609756097561
31	http://www.belllabs.com/	0.4444444444444444	0.08163265306122448	0.0	0	0	0	0	0	0	0.21052631578947367	2	0	0.3333333333333333	0.16295764536970567	0.16666666666666666
32	http://www.bellff.com/	0.01990049751243781	0.0	0	0.0	0	0	0.0	0.0	0	0	10	0.37004629794367544	0.4	0.0	0.3076923076923077
33	http://idioms.thefreedictionary.com/bell	0.08955223880597014	0.1	1.0	0	0	0	0	0	0	0.07058823529411765	114	0.0	0.125	16.8	0.1111111111111111
34	http://www.agbellschool.com/	0	0.4281596306854909	0	0	0	0	0	0	0	0	10	0.08208784679372914	0.25	0.5310174429324779	0.09090909090909091
35	http://www.imdb.com/name/nm0068338/	0.02771362586605081	0.021917808219178082	0.0	0.0	0.0	0.0	0.0	0	0	0.0	22	0.0	0.0	0.3333333333333333	0.21052631578947367
36	https://www.tacobell.com/	0	0.0	0	0	0	0.0	0	0	0	0	10	0.0975609756097561	0.3333333333333333	0.19573869098798083	0.32
37	http://bellhelicopter.net/	0	0.0	0.0	0.0	0	0	0.0	0	0	0	5	0.16438124509704405	0.2222222222222222	0.0	0.0
38	http://www.bellross.com/	0.05405405405405406	0.0	0	0	0.0	0	0	0	0	0	7	2.4000000000000004	0.3333333333333333	0.8	0.8
39	http://www.packardbell.com/index.html	0	0.0	0	0	0	0	0	0	0	0	31	0.08888888888888889	0.16	0	0.11764705882352941
40	http://bellcabinets.com/	0	0.0	0	0	0.0	0	0	0	0	0	9	0.5727054354505334	0.25	0.0	0.36363636363636365
41	http://www.bellwine.com/	0.01606425702811245	0.0	0.23529411764705882	0.0	0	0	0	0	0	0.0	7	0.02857142857142857	0.3333333333333333	0.0	0.08333333333333333
42	http://www.packardbell.com/pb/it/IT/content/home	0	0.031496062992125984	0	0.0	0.0	0	0	0	0	0	9	0.028985507246376812	0.125	0.2857142857142857	0.21052631578947367
43	https://www.myfonts.com/fonts/mti/bell-mt/	0.03524229074889868	0.025806451612903226	0.8	0.08333333333333333	0.0	0.0	0.0	0	0	0	11	0.016877637130801686	0.15384615384615385	0.0	0.25
44	https://tv.bell.ca/	0	0	0	0	0	0	0	0	0	0	0	0	0.4	0	0.5714285714285714
45	http://www.beallsflorida.com/	0.0	0.0	0	0.0	0.0	0.0	0.0	0	0	0	15	0.0	0.0	0.0	0.0
46	http://www.imdb.com/name/nm0068260/	0.02696629213483146	0.02197802197802198	0.0	0.0	0.0	0.0	0.0	0	0	0.0	22	0.0	0.0	0.4	0.23529411764705882
47	http://www.bellplumbing.com/	0.03773584905660377	0.0	0.2	0.38327526132404177	0.5892638573177129	0.0	0	0	0	0	14	1.0009367957709399	0.25	1.5099415204678361	0.08888888888888889
48	http://bs.ccsd.ws/	0.0	0.0	0.14285714285714285	0.0	0.0	0.0	0.0	0	0	0.017094017094017096	82	0	0.0	0.14285714285714285	0.14285714285714285
49	http://www.youtube.com/user/bellcanada	0.1111111111111111	0.0	0.0	0.17391304347826086	0.0	0.0	0	0	0	0.3076923076923077	8	0.0	0.16	1.289173789173789	0.16666666666666666
50	http://www.bellautomotive.com/	0.025806451612903226	0.0	0	0	0	0	0	0	0	0.0	4	0	0.2222222222222222	0	0.09302325581395349
51	http://www.wordreference.com/es/translation.asp?tranword=bell	0.05970149253731343	0.0	0.0	0	1.0	0	0	0	0	0	41	0.07272727272727272	0.08333333333333333	0.08	0.07547169811320754
53	http://www.bell-labs.com/	0.059880239520958084	0.0	0.3887626041848808	0.10810810810810811	0.0	0.0	0	0	0	0	20	0.06881608177750694	0.3076923076923077	0.0	0.07142857142857142
54	http://www.bello.com/	0.15384615384615385	0.0	0	1.0	0	0	0	0	0	0	2	0.1467610565578138	0.4444444444444444	0	0.125
55	http://www.agbell.org/	0	0.0	0	0.26936026936026936	0.10526315789473684	0	0	0	0	0	17	0.16658392781346298	0.4	0.0	0.0975609756097561
56	http://www.belltravelservice.com/	0	0.0	0.0	0	0	0.038461538461538464	0.0	0	0	0	1	0.026845637583892617	0.19047619047619047	0.039603960396039604	0.04878048780487805
57	http://www.lwsd.org/school/bell	0	0.12903225806451613	0	0	0	0	0	0	0	0	23	0	0.2222222222222222	0.2650375939849624	0.10810810810810811
60	https://jobs.bce.ca/	0.0547945205479452	0.0	0.0	0.4444444444444444	0	0	0	0	0	0.0	19	0.08599060513954132	0.0	0.5599694423223835	0.3333333333333333
61	http://theschoolbell.com/	0	0.0	0	0	0	0	0	0	0	0	13	0.0	0.23529411764705882	0	0.26666666666666666
62	https://robbell.com/	0	0.0	0.5	0	0.0	0	0	0	0	0	4	0	0.36363636363636365	0.0	0.5
63	http://theschoolbell.com/	0	0.0	0	0	0	0	0	0	0	0	13	0.0	0.23529411764705882	0	0.26666666666666666
64	https://robbell.com/	0	0.0	0.5	0	0.0	0	0	0	0	0	4	0	0.36363636363636365	0.0	0.5
65	http://www.bellandevans.com/	0.045454545454545456	0.0	0.0	0	0	0	0	0	0	0	1	0.0	0.25	1.9333333333333333	0.8
66	http://txt.bell.ca/bell/en/	0	0.0	0.0	0.0	0.0	0	0	0	0	0	13	0.15797101449275364	0.47058823529411764	0.0	0.14814814814814814
67	http://www.urbandictionary.com/define.php?term=bell	0	0.7106327984287146	0	0	0.0	0.0	0	0	0	0	140	0.0	0.10256410256410256	0.0	0.18181818181818182
68	http://www.thedailybell.com/	0	0.0975609756097561	0	0	0	0	0	0	0	0	44	0.0	0.25	0.47023178306317226	0.2857142857142857
69	http://www.bellbikestuff.com/	0.04878048780487805	0.05333333333333334	0	0	0	0	0	0	0	0.047619047619047616	0	0.03773584905660377	0.23529411764705882	0	0.26666666666666666
70	http://www.bell-inc.com/	0.03278688524590164	0.0	0.23529411764705882	0	0	0	0	0.0	0	0	1	0.09090909090909091	0.3333333333333333	0.0	0.05714285714285714
71	http://www.textron.com/	0	0.42305785123966944	0.0	0.0	0	0.0	0	0.0	0	0	18	0.05228758169934641	0.0	0.0	0.0
72	http://www.bellhospital.org/	0	0.0	0	0.0	0	0.17391304347826086	0	0	0	0	7	0.10889929167951856	0.25	0	0.3076923076923077
73	http://www.cincinnatibell.com/	0.08695652173913043	0.049079754601226995	0.0	0	0.23985890652557318	0.11764705882352941	0.0	0	0	0.09302325581395349	7	0.35099284928492847	0.2222222222222222	0.0	0.08333333333333333
74	http://www.joshuabell.com/	0	0.0	0	0.36363636363636365	0.26	0.0	0	0	0	0	117	0.4699466585249288	0.2857142857142857	0.0	0.18181818181818182
75	https://www.bell-labs.com/	0.059880239520958084	0.0	0.3887626041848808	0.10810810810810811	0.0	0.0	0	0	0	0	20	0.06881608177750694	0.3076923076923077	0.0	0.07142857142857142
76	http://www.bell-outlet.com/	0.16129032258064516	0.0	0	1.137995337995338	0	0	0	0	0	0.3902439024390244	1	0.0	0.26666666666666666	0	0.2857142857142857
78	http://www.belle-themovie.com/	0.023696682464454975	0.0	0	0	0	0	1.2124542124542126	0	0	0	7	0.0	0.2222222222222222	0	0.19047619047619047
79	http://kbellsocks.com/	0.029850746268656716	0.0	0	0.0	0	0	0	0	0	0	30	0	0.2857142857142857	0.0	0.2
80	http://www.navy.mil/navydata/questions/bells.html	0	0	0.14814814814814814	0	0	0	0	0	0	0	0	0.0	0.11428571428571428	0	0.12903225806451613
81	http://www.belllifestyleproducts.com/	0	0.0	0	0.0	0	0.0	0	0	0	0.02564102564102564	5	0.14285714285714285	0.16	0.0	0.045454545454545456
82	http://www.bellaliant.ca/	0.02962962962962963	0.0	0	0.0	0	0	0	0	0	0.0	3	0.2222222222222222	0.3076923076923077	0	0.05714285714285714
83	http://www.belllifestyleproducts.com/	0	0.0	0	0.0	0	0.0	0	0	0	0.02564102564102564	5	0.14285714285714285	0.16	0.0	0.045454545454545456
84	http://www.bellaliant.ca/	0.02962962962962963	0.0	0	0.0	0	0	0	0	0	0.0	3	0.2222222222222222	0.3076923076923077	0	0.05714285714285714
85	http://bellgraham.d303.org/	0	0.0	0	0.13793103448275862	0	0	0	0	0	0	16	0.16202945990180034	0.21052631578947367	0.0	0.0784313725490196
86	http://www.bell.com.pl/en	0	0.056338028169014086	0	1.0	0.0	0	0	0	0	0	13	0.0	0.3076923076923077	0.0	1.0
87	https://mybell.bell.ca/Registration	0	0.0	0.05970149253731343	0.0	0.36363636363636365	0.0	0.0	0	0	0	5	0.3002318579717187	0.3076923076923077	0.0	0.6666666666666666
88	https://www.interaction.bell.ca/auth/login?LOCALE=en_US	0	0.0	0.11764705882352941	0.11428571428571428	0	0	0	0	0	0	0	0.3844797178130511	0.0975609756097561	0.0	0.19047619047619047
89	http://fairies.disney.com/	0.047619047619047616	0.0	0	0.0	2.792095472944855	0.5454545454545455	0	0	0	0	193	0.381266390883264	0.0	0.0	0.0
90	http://www.bellproducts.com/	0	0.0	0	0.0	0.0	0	0	0	0	0	4	0.3179669053708807	0.25	0.0	0.2
91	http://www.bellphoto.com/	0	0.0	0.13333333333333333	0.0	0.0	0	0	0	0	0	6	0.045569364503137755	0.3076923076923077	0.0	0.20512820512820512
92	http://www.bell.gr/	0	0.0	0	0	0	0	0	0	0	0	11	0	0.5714285714285714	0	0
93	http://www.bell.gr/	0	0.0	0	0	0	0	0	0	0	0	11	0	0.5714285714285714	0	0
95	http://www.bellcoinc.com/	0	0.0	0.0	0.0	0	0	0	0	0	0	1	0.45383254613487756	0.3076923076923077	0.0	0.05405405405405406
96	http://www.alexandergrahambell.org/	0	0.0	0.23740510697032435	0.0	0.0	0	0	0	0	0	363	0.0	0.17391304347826086	4.889865776422687	0.19047619047619047
97	http://www.aliciabell.com/#!	0.07643312101910828	0	0	0	0	0	0	0	0	0.14285714285714285	0	0	0.25	0	0.21052631578947367
98	https://www.bellid.com/	0.0	0.0	0.0	0.0	0.0	0.0	0	0	0	0	14	0.2172164119066774	0.4	0.0	0.11764705882352941
99	http://www.bellroadtoyota.com/	0.02531645569620253	0.06896551724137931	0.25	0.09523809523809523	0.0	0.0	0	0	0	0	25	0.47595125962472906	0.2222222222222222	0.0	0.07017543859649122
100	http://www.mindfulnessdc.org/bell/	0	0.0	0.25	0	0	0	0	0	0	0	2	0.0	0.19047619047619047	0.0	0.25
101	https://brand.bell.ca/en	0	0.0	0	0.0	0	0	0	0	0	0	1	0.5234840721210879	0.26666666666666666	0.25	0.4
102	http://www.bellcounty.ky.gov/	0	0.0	0.18181818181818182	0	0	0	0	0	0	0.19047619047619047	9	0.061125692621755615	0.23529411764705882	0.0	0.14285714285714285
103	http://www.bellcounty.ky.gov/	0	0.0	0.18181818181818182	0	0	0	0	0	0	0.19047619047619047	9	0.061125692621755615	0.23529411764705882	0.0	0.14285714285714285
104	http://belfurniture.com/	0.0	0.0	0.0	0.0	0.0	0	0.0	0	0	0.0	14	0.0	0.0	0.0	0.0
105	http://www.bellbikestuff.com/products.html	0	0.0	0	0	0	0	0	0	0	0	0	0.0	0.13333333333333333	0	0.26666666666666666
107	https://bellonline.org/policies/	0.021052631578947368	0.0	0.0	0	0.0	0.0	0	0	0	0	25	0.9569832443974198	0.18181818181818182	0.5333333333333333	0.4444444444444444
108	http://www.bellparts.com/	0	0.0	0.0	0.0	0	0	0	0	0	0	1	0.09090909090909091	0.3076923076923077	0.25	0.06349206349206349
109	http://www.bellmuseum.umn.edu/	0	0.13333333333333333	0	0.0	0.0	0	0	0	0	0	20	0.17066398490297288	0.2222222222222222	0.0	0.13333333333333333
110	http://www.belldevelopment.net/	0.0	0.0	0.16666666666666666	0.0	0	0	0	0	0	0.0	5	0.0287382342428214	0.21052631578947367	0.75	0.08695652173913043
111	http://www.bluebell.com/	0.1951219512195122	0.0	0	0	0	0	0	0	0	0.15841584158415842	3	0	0.3333333333333333	0.0	0.16666666666666666
112	http://bell.demingps.org/	0	0.02591792656587473	0	0.0	0.26666666666666666	0.0	0	0	0	0	39	0.0	0.23529411764705882	0.9003797566457413	0.18181818181818182
113	http://www.centrebell.ca/en/	0.26666666666666666	0.1	0.0	0.0	0	0	0	0	0	0.3333333333333333	23	0	0.26666666666666666	0.0	0.16
114	http://www.bellandcompany.net/	0.04	0.0	0	0.0	0	0	0	0	0	0	6	2.408080808080808	0.2222222222222222	0.0	0.3333333333333333
115	http://bellstores.com/	0	0.0	0	0	0	0	0	0	0	0	2	0	0.2857142857142857	0.0	0.18181818181818182
116	http://bellandcarlson.com/	0.025	0.0	0	0	0	0	0	0	0	0.0	1	0	0.2222222222222222	0.0	0.2222222222222222
117	http://www.bellmedia.ca/	0.4	0.0	0.2222222222222222	0.03225806451612903	0	0	0	0	0	0	14	0.016194331983805668	0.3333333333333333	0.0	0.3076923076923077
118	http://www.bell-enterprise.com/	0.027972027972027972	0.0	0	0	0	0	0	0	0	0.017543859649122806	0	0.0	0.21052631578947367	0.6666666666666666	0.057971014492753624
120	http://www.tvguide.com/celebrities/catherine-bell/189643	0.031007751937984496	0.0	0.0	0.0	0.0	0	0.0	0	0	0	205	0.08	0.09523809523809523	0.011594202898550725	0.11764705882352941
122	http://www.bellracing.com/Shop/Helmets	0	0.0	0.0	0.0	0	0.0	0	0	0	0	101	0.0	0.16	0.14285714285714285	0.0975609756097561
123	http://www.bellracing.com/Shop/Helmets	0	0.0	0.0	0.0	0	0.0	0	0	0	0	101	0.0	0.16	0.14285714285714285	0.0975609756097561
124	http://www.bellcountyhealth.org/	0.1111111111111111	0.0	0.0	0.0	0.0	0	0	0	0	0.1111111111111111	6	0.16	0.2	0.0	0.1111111111111111
125	http://letstalk.bell.ca/en/	0.026490066225165563	0.046511627906976744	0.14066193853427894	0.0	0.0	0.0	0	0	0	0	42	0.19712260650739288	0.2222222222222222	0.0975609756097561	0.24242424242424243
126	http://www.revzilla.com/bell-helmets-closeouts	0.043010752688172046	0.0	0.19047619047619047	0	0.0	0.0	0	0	0	0	35	0.03590664272890485	0.11764705882352941	0.3076923076923077	0.12121212121212122
127	http://www.revzilla.com/sportbike-gear	0.0	0.0	0.0	0	0.0	0	0	0	0	0	95	0.0	0.0	0.0	0.0
128	http://www.revzilla.com/all-motorcycle-gear-brands	0.0	0.0	0.0	0	0	0.0	0	0	0	0	35	0.0	0.0	0.0	0.0
129	http://www.revzilla.com/bell-helmets	0.057971014492753624	0.0	0.3333333333333333	0	0.0	0.0	0	0	0	0	57	0.25267536341361846	0.16666666666666666	3.6821785493289068	0.14545454545454545
130	http://bellmitsubishi.com/	0.028368794326241134	0.0	0	0	0	0	0	0	0	0.015748031496062992	8	0	0.2222222222222222	1.6533801399318835	0.032520325203252036
131	http://bell-realty.com/	0.03773584905660377	0.0	0.0	0.0	0.0	0	0.0	0	0	0.0	15	0.24958416427360047	0.26666666666666666	0.0	0.0
132	https://www.linkedin.com/company/bell	0.05925925925925926	0.0	0	0.0	0	0	0	0	0	0	33	0	0.17391304347826086	0.0	0.26666666666666666
133	http://www.bell.com/history.htm	0	0	0	0	0	0	0	0	0	0	0	0	0.21052631578947367	0	0.21052631578947367
134	http://bell2lodge.com/	0.0	0.08163265306122448	0.0	0.056338028169014086	0	0.0	0	0	0	0	14	0.19107176983653618	0.2857142857142857	0.0196078431372549	0.09523809523809523
135	http://www.bell-inc.com/careers/	0.025806451612903226	0.0	0.0	0.15384615384615385	0	0	0	0	0	0	39	0.3064935064935065	0.21052631578947367	0.0	0.14814814814814814
136	http://bellwitchcave.com/	0.07766990291262135	0	0.0	0	0	0	0	0	0	0.05970149253731343	7	0	0.23529411764705882	0.48863636363636365	0.06896551724137931
137	http://www.bellcampersales.com/	0.023952095808383235	0.0	0.13793103448275862	0.0	0	0.0	0	0	0	0.07017543859649122	11	0.22126436781609193	0.21052631578947367	0.0	0.08888888888888889
138	http://bellschool.org/	0.011461318051575931	0.0	0.0	0.07272727272727272	0.125	0	0	0	0	0.007079646017699115	5	0.026685002373819232	0.2857142857142857	0.13793103448275862	0.0
139	http://www.bellgardens.org/	0	0.0	0.0	0	0	0	0	0	0	0	6	0	0.26666666666666666	0.2201754385964912	0.125
140	http://www.bellandmccoy.com/	0	0.15384615384615385	0.8	0.0	0	0	0	0	0	0	0	4.111484593837535	0.25	0	0.8
141	http://jimbell.sese.asu.edu/	0	0.0	0	0	0	0.25	0	0	0	0	13	0.32556848479536005	0.2	0.0	0.26666666666666666
142	http://rattler.tamucc.edu/	0.0	0.0	0.15384615384615385	0	0.0	0.0	0	0	0	0.0	193	0.0	0.0	0.0	0.1111111111111111
143	http://bellprophoto.com/	0.0	0.0	0.13793103448275862	0.0	0.0	0	0	0	0	0.0	4	0.2222222222222222	0.25	0.0	0.441025641025641
144	http://zatchbell.wikia.com/wiki/Zatch_Bell_and_Kiyo_Takamine	0.0425531914893617	0.057971014492753624	0.14285714285714285	0.18181818181818182	0.0	0	0	0	0	0.10810810810810811	72	0.2742437400492112	0.1568627450980392	0.5052631578947369	0.11764705882352941
145	http://www.rockstargames.com/cluckinbell/	0	0.0	0	0	0	0	0	0	0	0	0	0	0.14285714285714285	0	0.3076923076923077
146	http://www.bell-horn.com/	0.035555555555555556	0.13333333333333333	0	0	0	0	0	0	0	0.0299625468164794	1	0	0.3076923076923077	0	0.06451612903225806
147	http://www.trulia.com/FL/Bell/	0.032	16.047223563495898	0.16666666666666666	0.0975609756097561	0	0	0.0	0	0	0	4	0.0	0.25	0.0	0.19047619047619047
148	http://www.freshpreserving.com/	0.0	0.0	0	0	0	0.0	0	0	0	0.0	52	0.0	0.0	0.0	0.0
149	http://bellcountydetention.com/	0.07272727272727272	0	0	0	0	0	0	0	0	0.05194805194805195	4	0	0.17391304347826086	0	0.09302325581395349
150	http://webmail.en.bellnet.ca/	0	0.0	0.0	0	0	0	0	0	0	0	0	0	0.19047619047619047	0.0	0.0
151	http://nooma.com/	0	0.0	0	0	0	0	0	0	0	0	8	0.0	0.0	0.0	0.0
152	http://schoolctr.hebisd.edu/education/school/school.php?sectiondetailid=10	0.06986899563318777	0.0	0	0	0	0	0	0	0	0.06666666666666667	21	0.0	0.0	0.14909638554216867	0.24242424242424243
153	https://www.cosanti.com/	0.032	0.0	0	0	0.0	0	0	0	0	0	5	0	0.0	0.0	0.0
154	http://bell-electrical.com/	0	0.0	0	0	0.0	0.0	0	0	0	0	9	0.42786239931771547	0.21052631578947367	0.11764705882352941	0.11428571428571428
155	http://bell-electrical.com/	0	0.0	0	0	0.0	0.0	0	0	0	0	9	0.42786239931771547	0.21052631578947367	0.11764705882352941	0.11428571428571428
156	https://www.tacobell.com/food/	0	0.0	0	0	0	0.0	0	0	0	0	13	0.0975609756097561	0.25	0.19573869098798083	0.12121212121212122
157	http://www.cbhonig-bell.com/	0.0	0.0	0.0	0.14814814814814814	0	0	0	0	0	0.0	17	0.0975609756097561	0.25	0.0	0.1
158	http://www.youtube.com/watch?v=vTMaGkoCHgg	0.075	0.0	0.0	0.0	0.0	0.0	0	0	0	0.075	9	0.13793103448275862	0.0	0.7889681921204456	0.07407407407407407
159	http://bellharbor.com/	0.015384615384615385	0.0	0	0.0	0.0	0	0	0	0	0.003988035892323031	9	0.12305787425404649	0.2857142857142857	0	0.05333333333333334
160	http://www.bell.co.uk/	0.02702702702702703	0.0	0.0	0.0	0	0	0	0	0	0.014492753623188406	3	0.0	0.4	0.8	0.06896551724137931
161	http://bellcab.com/	0	0	0	0	0	0	0	0	0	0	0	0	0.36363636363636365	0	0.36363636363636365
162	http://bell.tylerisd.org/	0	0.0	1.5264957264957264	0	0.0	0	0	0	0	0	49	0.15363790186125212	0.23529411764705882	0.8743589743589744	0.09302325581395349
163	http://www.cellphones.ca/cell-plans/carriers/bell/	0	0.12403681445520398	1.0	0.2857142857142857	0.0	1.0814814814814815	0	0	0	0	9	0.5589600333749056	0.11428571428571428	0.0	0.3333333333333333
164	http://bellcustomer.com/	0	0.0	0.10256410256410256	0	0	0	0	0	0	0	9	0.058823529411764705	0.25	0.0	0.20512820512820512
165	http://bellcustomer.com/	0	0.0	0.10256410256410256	0	0	0	0	0	0	0	9	0.058823529411764705	0.25	0.0	0.20512820512820512
166	https://www.cincinnatibell.com/shop-cincinnati-bell/internet	0.05263157894736842	0.05365118317265556	0.0	0.0	0.23985890652557318	0.11764705882352941	0.0	0	0	0.1702127659574468	23	0.35099284928492847	0.17391304347826086	0.22875816993464052	0.12903225806451613
167	https://business.bell.ca/shop/small-business	0.03361344537815126	0.0	0.0	0.45586793069630593	0	0	0	0	0	0	40	0.23587839720903514	0.11764705882352941	0.06896551724137931	0.0975609756097561
168	http://www.wkamaubell.com/	0	0.0	0	0	0.05405405405405406	0	0	0	0	0	4	0	0.2857142857142857	0.0	0.3076923076923077
169	https://www.linkedin.com/company/bell/careers	0	0.0	0.0	0.3878787878787879	0.23529411764705882	0	0.0	0	0	0	48	0.035285112897053196	0.13333333333333333	0.8095238095238095	0.26666666666666666
170	http://www.bellmed.com/	0	0.1781296387926769	0	0	0	0	0	0	0	0	0	0.05331115682584146	0.36363636363636365	0.0	0.18181818181818182
171	http://www.lucidcafe.com/library/96mar/bell.html	0.09090909090909091	0.0	0	0	0	0	0	0	0	0.0380952380952381	28	0.022988505747126436	0.11764705882352941	0	0.125
173	http://www.cchem.berkeley.edu/atbgrp/	0	0	0	0	0	0	0	0	0	0	0	0	0.0	0	0.15384615384615385
174	http://www.bobbell.com/	0.025974025974025976	0.0	0	0.13333333333333333	1.0465811965811964	0	0	0	0	0	30	0.0	0.36363636363636365	0.0	0.06451612903225806
175	http://www.jamesscottbell.com/	0	0.0	0.25	0.0	0	0	0	0	0	0	4	0	0.2222222222222222	0.0	0.25
176	http://www.belletire.com/	0.0	0.0	0	0.2474747474747475	0.0	0.0	0	0	0	0.011627906976744186	8	0.14737195422553678	0.3076923076923077	0.0	0.05714285714285714
177	https://robbell.com/portfolio/robcast/	0.02531645569620253	0.0	0.0	0	0	0	0	0	0	0	132	0.0784313725490196	0.14814814814814814	0.0	0.18181818181818182
178	http://www.packardbell.co.uk/pb/en/GB/content/support	0	0.0784313725490196	0.0	0.0	0	0	0	0	0	0	13	0.0	0.10810810810810811	0.1883062955213867	0.0
179	http://www.canada411.ca/	0.0	0.0	0.0	0.0	0	0	0	0	0	0.0	56	0.0	0.0	0.0	0.0
180	http://www.bellengineering.net/	0.0	0.0	0	0	0	0	0	0	0	0.0	0	0.1111111111111111	0.21052631578947367	0	0.12903225806451613
182	http://tacobellhawaii.com/	0	0.0	0.0	0	0	0	0	0	0	0	0	0	0.2222222222222222	0.0	0.19047619047619047
183	http://www.bellplantation.com/	0	0.0	0	0	0.0	0.0	0	0	0	0	4	0.1568627450980392	0.2222222222222222	0.0	0.26666666666666666
184	http://www.drakebell.com/	0	0.0	0.4	0	0	0	0	0	0	0	10	0.0	0.3076923076923077	0.0	0.19047619047619047
185	http://stevebell.com/	0.02702702702702703	0.0	0	0	0.34782608695652173	0	0	0	0	0	10	0.19336562495720344	0.3076923076923077	0.0	0.09090909090909091
186	http://www.bellanaija.com/	0.0	0.0	0	0.0	0	0.0	0	0	0	0	21	0.08888888888888889	0.2857142857142857	0.0	0.18181818181818182
187	http://www.belllifestyleproducts.com/aboutus.htm	0.02877697841726619	0.0	0.28095238095238095	0.0	0	0.0	0	0	0	0.0	9	0.34377209773266104	0.1111111111111111	0.0	0.09090909090909091
189	http://www.bellbajao.org/	0.07017543859649122	0.0	0	0.015151515151515152	0.9299145299145299	0	0	0	0	0.09090909090909091	52	0.8486225216918595	0.3076923076923077	0.0	0.08163265306122448
190	http://bell-environmental.com/	0.028985507246376812	0.22527472527472528	0.14285714285714285	0	0	0	0	0	0	0	2	0	0.18181818181818182	0.0	0.11764705882352941
191	http://sanpedro.com/sp_point/korenbel.htm	0	0.0	0	0	0	0	0	0	0	0	7	0.05972943946134295	0.0	0	0.13559322033898305
192	http://bellcarie.insdotpf.com/	0.02857142857142857	0.0	0.2222222222222222	0.18181818181818182	0.2222222222222222	0	0	0	0	0.2222222222222222	6	0.030623341598155638	0.18181818181818182	0.0	0.08
193	https://www.thebellcenter.org/	0.024390243902439025	0.0	0	0.0	0	0	0	0	0	0	1	0.26826830828269904	0.23529411764705882	1.0542622179068109	0.26666666666666666
194	https://www.theguardian.com/cartoons/archive	0.0	1.035294117647059	0	0.0	0.0	0	0	0	0	0	226	0	0.0	0.5603636332324873	0.0
195	https://www.theguardian.com/cartoons/archive	0.0	1.035294117647059	0	0.0	0.0	0	0	0	0	0	226	0	0.0	0.5603636332324873	0.0
196	http://willbell.com/	0.044444444444444446	0.0	0	0	0	0	0	0	0	0.0761904761904762	0	0	0.3333333333333333	0.0	0.07017543859649122
197	https://plus.google.com/+bellcanada	0.19047619047619047	0.7272727272727273	0	0.0	0	0	0	0	0	0	39	0	0.15384615384615385	1.2518342163503453	0.19047619047619047
198	http://www.brassbellmusic.com/	0.0	0.0	0.14285714285714285	0	0	0.0	0	0	0	0.0	10	0.08511932213323675	0.2222222222222222	0.0	0.07142857142857142
199	http://www.bellleadership.com/	0.0	0.16	0	0.9714285714285714	0.9963369963369964	0	0	0	0	0	2	0.2571428571428571	0.2222222222222222	0.35374960814368767	0.16
200	http://www.lauriebell.com/	0	0.03278688524590164	0	0.0	0	0	0	0	0	0	3	0	0.2857142857142857	0.0	0.07272727272727272
201	http://www.mtv.com/artists/drake-bell/	0.07017543859649122	1.8821177326133274	0.4	0.25	0.0	0	0	0	0	0.07272727272727272	26	0.0	0.16666666666666666	0.36363636363636365	0.11428571428571428
202	http://www.trade-a-plane.com/search?category_level1=Turbine+Helicopters&make=BELL&s-type=aircraft&s-lvl=2	0.022727272727272728	0.0	0.0851063829787234	0.08695652173913043	0	0	0	0	0	0.10256410256410256	13	0.0471976401179941	0.043010752688172046	1.0	0.08
203	http://www.trade-a-plane.com/search?s-type=aircraft&s-lvl=0	0.0	0.0	0.0	0	0	0	0	0	0	0.0	13	0.0	0.0	0.0	0.0
204	http://www.trade-a-plane.com/search?category_level1=Turbine+Helicopters&s-type=aircraft&s-lvl=1	0.0	0.0	0.0	0.0	0	0	0	0	0	0.0	13	0.0	0.0	0.0	0.0
205	http://thedigitalbell.com/	0	0.0	0	0.11764705882352941	0.0	0	0	0	0	0.0	5	0.0	0.2222222222222222	0.04395604395604396	0.25
206	http://www.trade-a-plane.com/search?category_level1=Turbine+Helicopters&make=BELL&s-type=aircraft&s-lvl=2	0.022727272727272728	0.0	0.0851063829787234	0.08695652173913043	0	0	0	0	0	0.10256410256410256	13	0.0471976401179941	0.043010752688172046	1.0	0.08
207	http://www.trade-a-plane.com/search?s-type=aircraft&s-lvl=0	0.0	0.0	0.0	0	0	0	0	0	0	0.0	13	0.0	0.0	0.0	0.0
208	http://www.trade-a-plane.com/search?category_level1=Turbine+Helicopters&s-type=aircraft&s-lvl=1	0.0	0.0	0.0	0.0	0	0	0	0	0	0.0	13	0.0	0.0	0.0	0.0
209	http://thedigitalbell.com/	0	0.0	0	0.11764705882352941	0.0	0	0	0	0	0.0	5	0.0	0.2222222222222222	0.04395604395604396	0.25
210	http://mathworld.wolfram.com/BellPolynomial.html	0	0.0	0.26666666666666666	0	0	0	0	0	0	0	29	1.6315031022292283	0.1	0.0	0.0975609756097561
211	http://mathworld.wolfram.com/topics/GeneralCombinatorics.html	0	0.0	0.0	0	0	0	0	0	0	0	14	0.0	0.0	0	0.0
212	http://gardenofpraise.com/ibdbell.htm	0	0.22055137844611528	0	0.19047619047619047	0.0	0	0	0	0	0	78	0.0	0.13793103448275862	0.06015037593984962	0.08163265306122448
213	http://www.bluebell.com/locator	0	0.0	0	0	0	0	0	0	0	0	28	0.12867325156481785	0.21052631578947367	0.0	0.18181818181818182
214	https://blackbox.mightybell.com/	0.0	0.0	0	0	0	0	0	0	0	0	4	0	0.17391304347826086	0	0.0
215	http://www.bellpartners.com/	0.03946628084559119	0.05	0.03418803418803419	0.7658019729630983	0.1676890150836893	0	0	0	0	0.0	2	0.1371224042797422	0.25	0.3076923076923077	0.0365296803652968
216	http://www.mindfulnessbell.org/	0	0.0	0.2	0.0	0.0	0	0	0	0	0	18	0.0	0.21052631578947367	0.2120051085568327	0.2
217	http://www.bellaliant.ca/bundles/fibreop-bundles	0.0	0.0	0.0	0.0	0.0	0.0	0	0	0	0.0	29	0.2222222222222222	0.11428571428571428	0.0	0.05970149253731343
218	http://www.bellaliant.ca/bundles/fibreop-bundles	0.0	0.0	0.0	0.0	0.0	0.0	0	0	0	0.0	29	0.2222222222222222	0.11428571428571428	0.0	0.05970149253731343
219	http://www.bellschool.com/	0.041237113402061855	0	0	0	0	0	0	0	0	0.06153846153846154	0	0	0.2857142857142857	0	0.15384615384615385
220	http://www.bellnunnally.com/	0	0.0	0	0	0.0	0.0	0	0	0	0	13	0.031007751937984496	0.25	0.0	0.2857142857142857
221	http://www.bellsbeer.com/beer	0	0.0	0	0.0	0.3076923076923077	0	0	0	0	0	3	0.18181818181818182	0.23529411764705882	0.0	0.17391304347826086
222	http://libertybellbank.com/	0	0.0	0	0	0	0	0	0	0	0	8	0.0	0.21052631578947367	0.18181818181818182	0.19047619047619047
223	http://www.danamariebell.com/#!	0	0	0	0	0	0	0	0	0	0	0	0	0.21052631578947367	0	0.3076923076923077
224	https://my.cincinnatibell.com/selfcare/	0	0.0	0	0.0	0	0.0	0.0	0	0	0	68	0.27718040621266427	0.13793103448275862	0.48	0.07547169811320754
225	http://www.theschoolbell.com/Links/Dolch/Contents.html	0	0.0	0	0	0	0	0	0	0	0	31	0.0	0.1	0	0.0
226	http://www.bellstreetburritos.com/	0.0	0.0	0.0	0	0	0	0	0	0	0	5	0.0	0.18181818181818182	0	0.2
229	http://www.facebook.com/bell.drake	0.02962962962962963	0.8360643450518103	0	0	0	0	0	0	0	0	106	0.0	0.18181818181818182	0.4	0.19047619047619047
230	http://mini-babybel.com/	0.0	0.0	0.0	0.0	0	0	0	0	0	0	13	0.0	0.0	0.0	0.0
231	http://store.bluebell.com/store/	0	0.0	0	0	0	0	0	0	0	0	21	0	0.17391304347826086	0	0.09090909090909091
233	https://www.nyse.com/bell/calendar	0	1.1904761904761905	0.0	0	0	0.0	0	0	0	0	55	0.23312518584597086	0.2	0	0.21052631578947367
234	http://bellshoals.com/	0	0.0	0	0	0.36363636363636365	0	0	0.0	0	0	8	0.7835263835263835	0.2857142857142857	0.3317384370015949	0.15384615384615385
235	http://bellshoals.com/	0	0.0	0	0	0.36363636363636365	0	0	0.0	0	0	8	0.7835263835263835	0.2857142857142857	0.3317384370015949	0.15384615384615385
236	http://www.austinandbell.com/	0.023391812865497075	0.0	0.0	0	0.0	0.0	0	0	0	0	1	0.07692307692307693	0.23529411764705882	0.17337514825117223	0.1111111111111111
237	http://www.bellalimento.com/	0.02666666666666667	0.0	0	0	0	0.0	0	0	0	0.0	18	0.0	0.25	0.0	0.8
238	http://www.midbellmusic.com/	0.0	0.0	0.16	0.3076923076923077	0	0	0	0	0	0.0	5	0.0	0.25	0.0	0.0975609756097561
239	http://bellfund.ca/	0.03305785123966942	0.03457675217504948	0.0	0	0	0	0.0	0	0	0.18181818181818182	14	0.06349206349206349	0.36363636363636365	0.0	0.4444444444444444
240	http://www.arthritis.org/	0.0	0.0	0	0.0	0	0	0	0	0	0.0	10	0.0	0.0	0.0	0.0
241	http://belldatasystems.com/	0.07272727272727272	0.0	0	0	0	0	0	0	0	0.0	0	0	0.21052631578947367	0.6928104575163399	0.13333333333333333
242	http://belldatasystems.com/	0.07272727272727272	0.0	0	0	0	0	0	0	0	0.0	0	0	0.21052631578947367	0.6928104575163399	0.13333333333333333
243	http://www.bellcountyexpo.com/	0	0.0	0	0	0	0	0	0	0	0	7	0	0.2222222222222222	0.0	0.0
244	https://commons.wikimedia.org/wiki/Category:Joshua_Bell	0	0.0	0.2	0.12903225806451613	0.0	0	0	0	0	0	50	0.0	0.09090909090909091	0.0	0.1
247	http://pbcare2.packardbell.com/	0	0.0	0	0	0	0	0	0	0	0	0	0	0.17391304347826086	0.0	0.13793103448275862
248	http://www.bellpublishing.com/	0.0	0	0	0	0	0	0	0	0	0	0	0	0.2222222222222222	0	0.26666666666666666
249	http://www.bellsoto.com/	0	0	0	0	0	0	0	0	0	0	0	0	0.3333333333333333	0	0
250	http://www.bellpublishing.com/	0.0	0	0	0	0	0	0	0	0	0	0	0	0.2222222222222222	0	0.26666666666666666
251	http://www.bellsoto.com/	0	0	0	0	0	0	0	0	0	0	0	0	0.3333333333333333	0	0
252	http://www.butterbell.com/	0.01735357917570499	0.0	0.16666666666666666	0.2222222222222222	0.0	0	0	0.0	0	0	7	0.22592215200910853	0.2857142857142857	0.034482758620689655	0.14545454545454545
253	http://www.prairieghosts.com/b-cave.html	0	0.0	0	0	0	0	0	0	0	0	12	0.0	0.0	0.15384615384615385	0.2857142857142857
254	https://commons.wikimedia.org/wiki/Category:Bell_(typeface)	0	0.0	0.16666666666666666	0.11428571428571428	0.0	0	0	0	0	0	6	0.0	0.08333333333333333	0.0	0.09090909090909091
255	http://www.popsugar.com/Kristen-Bell	0.043478260869565216	2.2793551671854235	0.2857142857142857	0	0	0	0	0	0	0	164	0.0	0.16666666666666666	0.0	0.12121212121212122
256	http://drrobbell.com/	0	0.0	0	0	0	0	0	0	0	0	0	0.0	0.3076923076923077	0.0	0.0
257	http://bellsupplystores.com/	0.0	0.0	0	0.0	0.0	0	0	0	0	0	5	0.0	0.2	0.14814814814814814	0.16666666666666666
258	http://bellandbartertheatre.org/?p=1212	0	0.0	0	0.13793103448275862	0.0	0	0	0	0	0	22	0.16345671697939498	0.12903225806451613	0.0	0.0
260	http://www.silverbell-apartments.com/	0.013289036544850499	0.019417475728155338	0.06451612903225806	0.057971014492753624	0.1651063829787234	0.08	0	0	0	0.11764705882352941	3	0.5703412469357623	0.16	0.0	0.18181818181818182
261	http://www.bellcurves.com/	0	0	0	0	0	0	0	0	0	0	0	0	0.2857142857142857	0	0
262	http://test.newbellmusic.org/galleries/	0	0.125	0.0	0	0.0	0.07547169811320754	0	0	0	0	22	0.0	0.13333333333333333	0	0.26666666666666666
263	http://iudlawsuits.com/?essay=bell-jar-essay&079=91	0	0.0	0.0	0.0	0	0	0	0	0	0	6	0.0	0.09302325581395349	0	0.0
264	http://m.abellsolutions.net/en/	0	0.0	0	0	0	0	0	0	0	0	2	0	0.18181818181818182	0.0	0.0
265	http://www.trwelling.org/NAZI%20Bell.htm	0	0.0	0	0	0	0	0	0	0	0	0	0.0	0.14285714285714285	0.49095607235142114	0
266	http://www.lwluk.com/twitnow?q=from%3Ajoe_w_bell	0.0	1.9999999999999998	0	0	0	0	0	0	0	0	2	0	0.1111111111111111	0.0	0.0
267	http://www.lwluk.com/twitnow?q=from%3Ajoe_w_bell	0.0	1.9999999999999998	0	0	0	0	0	0	0	0	2	0	0.1111111111111111	0.0	0.0
268	http://1en9z.mj12labs.com/ZPR	0	0	0	0	0	0	0	0	0	0	0	0.0	0.0	0	0.0
269	http://www.tampamustangsbell.com/hp.asp?yaie/cexe.html	0.0	0	0	0	0	0	0	0	0	0.0	0	0	0.0975609756097561	0	0.0
270	http://etjof.100celsius.net/KYE	0	0	0	0	0	0	0	0	0	0	0	0.0	0.0	0	0.0
271	http://www.indiewire.com/t/ella-brennan/	0	0.0	0.0	0	0	0.0	0.0	0	0	0	102	0.0	0.0	0.0	0.0
272	http://qf0tt.angrygreek.org/VL	0	0	0	0	0	0	0	0	0	0	0	0.0	0.0	0	0.0
273	http://u7ha2.mj12lab.com/957	0	0.0	0	0	0	0	0	0	0	0	6	0	0.0	0.0	0.0
274	http://pli.exagift.com/Com	0	0	0	0	0	0	0	0	0	0	0	0.0	0.0	0	0.0
275	http://bkn.persuasivearts.com/ER	0	0	0	0	0	0	0	0	0	0	0	0.0	0.0	0	0.0
276	http://gruto.link/golden/golden-bell	0	0.0	0	0.36363636363636365	0	0	0	0	0	0	3	0.0	0.14814814814814814	0.0	0.16
277	http://www.lwluk.com/twitnow?q=from%3AWilliamBellSr	0.0	0.0	0	0	0	0	0	0	0	0	0	0	0.10256410256410256	0.0	0.0
278	http://pli.exagift.com/Com	0	0	0	0	0	0	0	0	0	0	0	0.0	0.0	0	0.0
279	http://bkn.persuasivearts.com/ER	0	0	0	0	0	0	0	0	0	0	0	0.0	0.0	0	0.0
281	http://gruto.link/golden/golden-bell	0	0.0	0	0.36363636363636365	0	0	0	0	0	0	3	0.0	0.14814814814814814	0.0	0.16
282	http://z9c9.mpri2u.com/lHZ	0.0	0.0	0.10256410256410256	0.0	0	0	0	0	0	0.0	13	0.0	0.0	0.0	0.12121212121212122
283	http://shorttermcare.org/dessay-250-bell-song	0	0.0	0.25	0.0	0.0	0	0	0	0	0	19	0.0	0.10810810810810811	0.25	0.25
284	http://qka.fideliscareer.org/0b	0	0.0	0	0.0	0	0	0	0	0	0	9	0.0	0.0	0.0	0.0
285	http://p3o6.smartmobileapp.co/cw	0	0.0	0	0	0	0	0	0	0	0	5	0	0.0	0	0.0
286	http://w0k5j.comezinmutfagi.com/5a	0	0.0	0	0	0	0	0	0	0	0	5	0	0.0	0	0.0
287	http://wt3.wfacapital.com/95	0	0	0	0	0	0	0	0	0	0	7	0.0	0.0	0.0	0.0
288	http://9qe5.angrygreek.eu/jtm	0	0.0	0	0	0	0	0	0	0	0	5	0	0.0	0	0.0
