index	url	description	div	h1	h2	h3	h4	h5	h6	inbound_links	keywords	outbound_links	p	root	span	title
1	http://www.belmont.edu/	0.025454545454545455	0.061946902654867256	0	0.0	0.0	0	0	0	0	0.0457516339869281	18	0.3443012211668928	0.6363636363636364	2.173517555416869	0.051094890510948905
2	https://www.nyra.com/belmont/	0.15217391304347827	0.0	0	0.0	0	0	0	0	0	0	32	0.04093567251461988	0.4666666666666667	0.28	0.3684210526315789
3	http://www.belmontstakes.com/	0.07954545454545454	0.0	0	0.0	0	0	0	0	0	0.245	18	0.0	0.4117647058823529	0.8357010609905149	0.18181818181818182
4	http://www.belmont.gov/	0	0.0	0.4666666666666667	0.28	0.48417798528579514	0	0	0	0	0	10	0.8250374812593704	0.6363636363636364	0.0	0.2
5	http://www.belmont.edu/academics/index.html	0	0.0	0	0.0	0	0	0	0	0	0.08641975308641975	19	0.1008553100498931	0.23333333333333334	2.01442664632596	0.15217391304347827
6	https://my.belmont.edu/group/mycampus/home	0	0.15711009174311927	0	0	0	0	0	0	0	0	6	0	0.22580645161290322	0.0	0.4117647058823529
7	http://belmontdallas.com/	0	0	0	0	0	0	0	0	0	0	0	0	0.4117647058823529	0	0
8	http://www.belmontbruins.com/landing/index	0	0.0	0	0.0	0.0	0	0	0	0	0	103	0.30161415125370394	0.2413793103448276	6.85	0.4666666666666667
9	http://www.belmont-ma.gov/	0	0.0	0	0.0	0.0	0	0	0	0	0	7	0.0	0.5	0.35	0.5833333333333334
10	https://en.wikipedia.org/wiki/Belmont,_Victoria	0	0.35	0.4117647058823529	0.0	0.0	0	0	0	0	0	30	1.687262910604258	0.1891891891891892	2.0	0.1346153846153846
11	https://en.wikipedia.org/wiki/Belmont,_Victoria	0	0.35	0.4117647058823529	0.0	0.0	0	0	0	0	0	30	1.687262910604258	0.1891891891891892	2.0	0.1346153846153846
12	http://www.belmontstakes.com/racing/	0.11290322580645161	0.0	0	0	0	0	0	0	0	0.11570247933884298	19	0.0	0.30434782608695654	0.0	0.2692307692307692
14	http://www.cityofbelmont.org/	0	0.060331576635924464	0.0	0	0.0	0.0	0	0	0	0.0	2	0	0.4117647058823529	0.0	0.23333333333333334
15	https://en.wikipedia.org/wiki/Belmont,_California	0	0.0	0.3684210526315789	0.0	0.0	0	0	0	0	0	65	0.8875209660068172	0.1794871794871795	0.9333333333333333	0.12962962962962962
16	http://www.belmond.com/	0.0	0.0	0.0	0.0	0	0	0	0	0	0	9	0.0	0.0	0.0	0.0
17	http://www.thebelmontaustin.com/	0.0	0.0	0	0.0	0	0	0	0	0	0.0	6	0.0958904109589041	0.35	0.0	0.3888888888888889
18	http://www.courier-journal.com/story/sports/horses/triple/belmont/2015/06/05/belmont-stakes-2015--updated-odds--american-pharoah-chases-triple-crown/28554177/	0	0.6377412866391454	0.20588235294117646	0	0	0.20588235294117646	0	0.0	0	0	40	0.3863372987094127	0.10294117647058823	2.756952507166447	0.0945945945945946
19	http://www.belmont.k12.ma.us/	0	0.1891891891891892	0	0	0	0.0	0	0	0	0	29	0.18932748538011696	0.4117647058823529	0.5535005371070945	0.13725490196078433
20	http://www.belmont.k12.wi.us/	0	0.0	0	0.0	0.28	0	0	0	0	0	9	0.2548322815326587	0.4117647058823529	0.0	0.1590909090909091
21	http://www.courier-journal.com/story/sports/horses/triple/belmont/2015/06/05/belmont-stakes-2015--updated-odds--american-pharoah-chases-triple-crown/28554177/	0	0.6377412866391454	0.20588235294117646	0	0	0.20588235294117646	0	0.0	0	0	40	0.3863372987094127	0.10294117647058823	2.756952507166447	0.0945945945945946
22	http://www.belmont.k12.ma.us/	0	0.1891891891891892	0	0	0	0.0	0	0	0	0	29	0.18932748538011696	0.4117647058823529	0.5535005371070945	0.13725490196078433
23	http://www.belmont.k12.wi.us/	0	0.0	0	0.0	0.28	0	0	0	0	0	9	0.2548322815326587	0.4117647058823529	0.0	0.1590909090909091
24	http://www.usatoday.com/story/sports/horseracing/2015/06/05/belmont-stakes-time-tv-schedule-american-pharoah/28531915/	0	2.186897169990729	0.16279069767441862	0	0.0	0.16279069767441862	0	0.0	0	0	40	0.75218873406214	0.07142857142857142	0.17721518987341772	0.16279069767441862
27	http://www.belmont.org/	0	0.0	0	0.0	0	0.0	0	0.0	0	0	9	0.30434782608695654	0.6363636363636364	0.0	0.4666666666666667
28	http://www.belmontcollege.edu/	0	0.35	0	0	0	0	0	0	0	0	3	0.29366680112948773	0.3888888888888889	0	0.4666666666666667
29	http://www.belmontpark.com/	0	0.0	0.21875	0.49353701527614574	0	0	0	0	0	0	10	0.7825791462403517	0.4666666666666667	0.17073170731707318	0.5384615384615384
30	http://www.mass.gov/portal/cities-towns/belmont.html	0.04861111111111111	0.0	0.4666666666666667	0.0	1.0215892972275953	0	0	0	0	0	32	0.0	0.18421052631578946	0.5833333333333334	0.28
31	http://www.mass.gov/portal	0.0	0.0	0.0	0.0	0.0	0.0	0	0	0	0	36	0.0	0.0	0.0	0.0
32	http://www.sbnation.com/2015/6/6/8741581/belmont-stakes-2015-results-live-coverage-triple-crown	0.04895104895104895	0.0	0.10294117647058823	0	0	0	0	0	0	0	280	0.9267462690561852	0.08860759493670886	0.0	0.08433734939759036
33	http://www.belmontmarket.com/	0.04895104895104895	0.0	0.8166666666666667	0.35	0.0	0	0	0.0	0	0.0	10	0.10294674236280076	0.4117647058823529	0.16279069767441862	0.25
34	http://www.belmonthousingwny.org/	0	0.0	0	0	0	0	0	0	0	0	9	0.0	0.3333333333333333	1.3804304304304305	0.0
36	http://belmontabbeycollege.edu/	0	0.3015633327411618	0	0.0	0.0	0.3333333333333333	0	0	0	0	420	8.844782472485559	0.30434782608695654	2.5704864666895233	0.125
37	http://www.michaels.com/shop-by-collection/belmont/840875760	0.875	0.0	1.0	0.0	0.0	0.0	0	0	0	0.875	660	0.0	0.15217391304347827	1.0	1.0
38	http://www.michaels.com/shop/frames/809188411	0.0	0.0	0.0	0.0	0.0	0.0	0	0	0	0.0	652	0.0	0.0	1.0	0.0
39	http://www.michaels.com/frames/shop-by-collection/840874491	0.0	0.0	0.0	0.0	0.0	0.0	0	0	0	0.0	814	0.0	0.0	1.0	0.0
40	http://www.zillow.com/belmont-ma/	0.045454545454545456	0.021639623110295665	0.3181818181818182	0	0	0.7801857585139318	0.0	0.0	0	0	102	0.0	0.35	31.318253938183194	0.24561403508771928
41	http://www.belmontvillage.com/	0.04929577464788732	0.3747426218256692	0	0.25925925925925924	1.5135135135135138	0	0	0	0	0	5	0.01928374655647383	0.3888888888888889	0.8555555555555556	0.25925925925925924
43	http://www.livebelmont.com/	0.041916167664670656	0.0	0.125	0	0	0	0	0	0	0	11	0	0.4666666666666667	0.6363636363636364	0.12727272727272726
44	http://www.zillow.com/belmont-nc/	0.04516129032258064	0.020680596285434994	0.3181818181818182	0	0	0.7801857585139318	0.0	0.0	0	0	102	0.0	0.35	33.83009344905518	0.24561403508771928
45	http://www.forbes.com/sites/teresagenaro/2015/06/05/betting-the-belmont-stakes-2015/	0.0	0	0	0	0	0	0	0	0	0.0	0	0	0.10606060606060606	0.0	0.0
46	http://www.belmontcountyohio.org/	0.21212121212121213	0.0	0	0	0	0	0	0	0	0.3333333333333333	1	0.0	0.3333333333333333	0	0.35
47	http://belmont.wickedlocal.com/	0.07954545454545454	0.0275049115913556	0.0	0.0	0.0	0.0	0.0	0	0	0	48	0.0	0.30434782608695654	0.7752792669811699	0.32558139534883723
48	http://www.belmont.k12.ma.us/bps/bhs/	0	0.24752252252252255	0	0	0.0	0.0	0	0	0	0	292	0.06073304863436665	0.30434782608695654	0.175	0.0
49	http://www.charlottesville.org/?navid=2048	0	0.0	0	0.0	0	0	0	0	0	0	29	0.24339217379957506	0.0	1.0	0.15217391304347827
50	http://www.belmontmansion.com/	0.06542056074766354	0	0	0	0	0	0	0	0	0.05263157894736842	0	0	0.3888888888888889	0	0.1346153846153846
51	http://www.trulia.com/CA/Belmont/	0.05511811023622047	20.346590909090914	0.25925925925925924	0.1590909090909091	0	0	0.0	0	0	0	4	0.3181818181818182	0.3684210526315789	0.0	0.2916666666666667
53	http://www.chicagoharbors.info/harbors/belmont/	0	0.0	1.0	1.7000000000000002	0.0	0	0	0	0	0	75	0.09548878059982638	0.21212121212121213	1.0	0.5058064516129033
54	http://www.belmontcountyohio.org/auditor/	0.14583333333333334	0.0	0.0	0.0	0	0	0	0	0	0	60	1.0865700948518286	0.25	0.3181818181818182	0.3181818181818182
55	http://www.equibase.com/	0.0	0.0	0.0	0.0	0.0	0.0	0.0	0	0	0.0	29	0.0	0.0	0.0	0.0
56	http://ghosttowns.com/states/nv/belmont.html	0	0	0	0	0	0	0	0	0	0	5	0.7173112079166947	0.20588235294117646	0	0.25925925925925924
57	http://castlevania.wikia.com/wiki/Belmont_Clan	0.07142857142857142	0.0	0.5833333333333334	0.0	0.0	0	0	0	0	0.11475409836065574	64	1.0566647046221231	0.1891891891891892	2.6466200466200465	0.12280701754385964
58	http://bookstore.belmont.edu/home.aspx	0	0.4688620071684588	0	0	0	0	0	0	0	0	49	0	0.23333333333333334	0	0.0
59	http://www.kmart.com/search=belmont	0	0.0	0	0	0	0	0	0	0	0	1	0.0	0.30434782608695654	0.0	0.0
60	https://bellmontcabinets.com/	0.0	0.0	0.0	0	0	0	0	0.0	0	0	3	0	0.0	0.0	0.0
61	http://castlevania.wikia.com/wiki/Simon_Belmont	0.07216494845360824	0.0	0.5384615384615384	0.0	0.0	0	0	0	0	0.10606060606060606	69	0.3601171202652027	0.18421052631578946	0.0	0.1206896551724138
62	http://www.belmontla.com/	0	0.0	0	0.6363636363636364	0.0	0.7709790209790209	0	0	0	0	12	0.0	0.5384615384615384	0.5057067384370015	0.30434782608695654
63	http://www.belmont.wa.gov.au/Pages/CityOfBelmont.aspx	0	0.0	0	0.0	0	0	0	0	0	0	32	0.5998550401427297	0.35	6.8230002830366105	0.28
64	http://www.belmonthill.org/page/home--may-2016	0.1346153846153846	0.024822695035460994	0	0.0	0.0	0.0	0	0	0	0	50	0	0.21212121212121213	0.1076923076923077	0.23863636363636365
65	https://www.travelportland.com/collection/belmont/	0.047619047619047616	0.0	0.875	0.0	0.0	0.0	0.0	0	0	0	242	0.7861356824549667	0.2	0.1206896551724138	0.28
66	https://www.travelportland.com/things-to-do/neighborhoods-regions/	0.0	0.0	0.0	0	0.0	0.0	0.0	0	0	0	169	0.04487179487179487	0.0	0.0	0.0
67	http://www.takarabelmont.com/	0.03888888888888889	0.0	0.2692307692307692	0	0	0	0	0	0	0.5	13	0.12133333333333333	0.4117647058823529	0	0.5
68	http://www.topix.com/city/belmont-nc	0.09333333333333334	1.2245179063360883	0.5833333333333334	0	0	0.0	0.0	0	0	0	31	1.0746392033298324	0.30434782608695654	1.5833333333333335	0.3888888888888889
69	http://www.topix.com/state/nc	0.0	0.0	0.0	0	0	0.0	0.0	0	0	0	28	0.0	0.0	0.0	0.0
70	http://www.topix.com/county/gaston-nc	0.0	0.0	0.0	0	0	0.0	0.0	0	0	0	28	0.0	0.0	0.0	0.0
71	http://www.belmontcountryclub.com/	0.0	0.0	0.22580645161290322	0	0.0	0.0	0	0.6416666666666666	0	0.12727272727272726	5	0.024263431542461005	0.3181818181818182	0.0	0.17721518987341772
72	http://www.belmontapartmenthomes.com/	0.0	0.14	0	0	0	0	0	0	0	0.1346153846153846	2	0.04061895551257253	0.28	0	0.14285714285714285
73	http://belmonthouseofsmoke.com/	0	0.0	0.0	0	0.07526881720430108	0	0.0	0	0	0	7	0.0	0.30434782608695654	0.0	0.07291666666666667
74	http://www.whereis.com/wa/belmont-6104	0.07216494845360824	0.0	0.30434782608695654	0.8181126331811264	0.7	0	0	0	0	0.33793103448275863	10	0.0	0.28	1.0	0.21212121212121213
75	http://www.whereis.com/wa	0.0	0.0	0.0	0.0	1.0	0	0	0	0	0.0	10	0.0	0.0	0.0	0.0
76	http://www.realtor.com/realestateandhomes-search/Belmont_MA	0.0	0.0	0	0.0	0	0	0	0	0	0	92	0.0	0.15217391304347827	0.0	0.0
77	http://www.realtor.com/realestateandhomes-search/Massachusetts	0.0	0.0	0	0.0	0	0	0	0	0	0	92	0.0	0.0	0.0	0.0
78	http://www.realtor.com/realestateandhomes-search/Middlesex-County_MA	0.0	0.0	0	0.0	0	0	0	0	0	0	92	0.0	0.0	0.0	0.0
79	http://www.belmontapts.com/	0.04081632653061224	0.0	0.18421052631578946	0.0	0.0	0.0	0	0	0	0.06363636363636363	8	0.04746253562563207	0.4666666666666667	0.0	0.10294117647058823
80	http://www.belmontapts.com/	0.04081632653061224	0.0	0.18421052631578946	0.0	0.0	0.0	0	0	0	0.06363636363636363	8	0.04746253562563207	0.4666666666666667	0.0	0.10294117647058823
81	http://www.secretariat.com/past-performances/belmont/	0.05303030303030303	0.0	0	1.0	0	0.25925925925925924	0.0	0	0	0.0	89	0.5710464337277672	0.1794871794871795	0.0	0.28
82	http://belmont.web.sd62.bc.ca/	0	6.0	0.30434782608695654	0	0.0	0	0.5250243525618923	0	0	0	11	0.9962812711291413	0.3181818181818182	0.0	0.2692307692307692
83	http://www.cbssports.com/collegebasketball/teams/page/BELMONT/belmont-bruins	0.10606060606060606	0.0	0	0	0	0	0	0.0	0	0.19811320754716982	105	0.21212121212121213	0.23333333333333334	1.0	0.14583333333333334
84	http://www.belmontmansion.com/#!	0.06542056074766354	0	0	0	0	0	0	0	0	0.05263157894736842	0	0	0.35	0	0.1346153846153846
85	http://www.dps.k12.oh.us/belmont/	0	0.0	0.3333333333333333	0.0	0.5942275042444821	0.0	0	0	0	0	11	1.1546317426709278	0.35	0.0	0.1346153846153846
86	http://garimelchers.umw.edu/	0	0.0	0	0	0	0.0	0	0	0	0	15	0.04375	0.0	0	0.16666666666666666
87	http://www.thebelmontpt.com/	0.050724637681159424	0.0	0	0	0.1891891891891892	0	0	0	0	0.08045977011494253	3	0	0.4375	0	0.11864406779661017
88	http://belmontsoccer.com/	0	0.0	0	0	0.0	0	0	0	0	0.08092485549132948	12	0.0	0.4117647058823529	0.0	0.2692307692307692
89	http://www.hhs.gov/ohrp/regulations-and-policy/belmont-report/index.html	0.5	0.0	0.3888888888888889	0.0	0.0	0	0	0	0	0	6	0.049977956508787606	0.12280701754385964	0.0	0.25
90	http://www.hhs.gov/ohrp	0.0	0.0	0.0	0.0	0.0	0	0	0	0	0	12	0.0	0.0	0.0	0.0
91	http://www.hhs.gov/ohrp/regulations-and-policy	0.0	0.1346153846153846	0.0	0.28	0	0	0	0	0	0	6	0.0	0.0	0.0	0.0
92	http://colleges.usnews.rankingsandreviews.com/best-colleges/belmont-3479	0.05303030303030303	0.0	0.08045977011494253	0.0	0.0	0.0	0.0	0	0	0.1111111111111111	148	1.0451636917813194	0.1111111111111111	0.0	0.20588235294117646
93	http://www.belmontvillage.com/locations/geneva-road/	0.045454545454545456	0.14893617021276595	0	0.0875	0.0	0.15217391304347827	0	0	0	0	69	0.45106589147286824	0.18421052631578946	0.8555555555555556	0.1320754716981132
94	https://www.belmont-group.co.uk/	0.06862745098039216	0.22874113478090502	0.5384615384615384	0.0	0	0.0	0	0	0	0.06666666666666667	3	0.0	0.3684210526315789	0.0	0.21212121212121213
95	http://www.daysinn.com/hotels/ohio/belmont/days-inn-and-suites-belmont/hotel-overview	0	0.10108376088084395	0.4666666666666667	0.6156028368794326	0.2413793103448276	0.0	0.0	0	0	0	54	0.0	0.2028985507246377	2.2	0.3333333333333333
96	http://www.stubhub.com/belmont-stakes-tickets/grouping/12247/	0.0	0.0	0	0	0	0	0	0	0	0	0	0	0.15217391304347827	0	0.0
97	http://www.rent-belmont.com/	0.09859154929577464	0.0	0.25925925925925924	0	0	0	0	0	0	0.04827586206896552	3	0.0	0.4375	0.7056705670567056	0.16666666666666666
98	http://www.horseracingnation.com/race/2015_Belmont_Stakes	0.058333333333333334	0.0	0.14583333333333334	0.0	0.0	0.0	0	0	0	0.10606060606060606	462	0.0	0.1590909090909091	0.15217391304347827	0.12727272727272726
99	http://www.belmontinstrument.com/	0.04375	0.1206896551724138	0	0	0.0	0	0	0	0	0.027559055118110236	8	0.07692307692307693	0.3333333333333333	0.0	0.12962962962962962
100	http://belmontdallas.com/eat-drink/	0	0	0	0	0	0	0	0	0	0	0	0	0.2692307692307692	0	0
101	https://belmont-il.bandcamp.com/	0.03153153153153153	0.13725490196078433	0	0.0	0.0	0.0	0	0	0	0	19	0.0	0.30434782608695654	1.0	1.0
102	https://belmont-il.bandcamp.com/	0.03153153153153153	0.13725490196078433	0	0.0	0.0	0.0	0	0	0	0	19	0.0	0.30434782608695654	1.0	1.0
103	http://www.mybelmontbets.com/	0.14383561643835616	0.0	0	0	0.4258064516129032	0	0	0	0	0.23728813559322035	13	0.3166913451864924	0.4117647058823529	0.26027785568551565	0.3111111111111111
104	http://www.drf.com/news/track_reports/belmont-park	0	0.290230525564438	0.5833333333333334	0.0	0	0	0	0	0	0	188	0	0.19444444444444445	0.5833333333333334	0.21875
107	http://www.belmont-school.org/	0.0	0.0	0.0	0	0	0	0	0	0	0.0	5	0.0	0.3888888888888889	6.608541311761303	0.0
108	http://www.espn.com/mens-college-basketball/team/_/id/2057/belmont-bruins	0.07865168539325842	0.0	2.0153508771929824	0.0	0	0.18421052631578946	0	0	0	0.09090909090909091	151	0.4992713515783164	0.125	5.545454545454546	0.19444444444444445
109	http://www.belmontsheriff.com/	0.125	0.0	0.3181818181818182	0	0.0	0.0	0	0	0	0	8	0.6969720704809091	0.3888888888888889	0.0	0.3181818181818182
110	http://www.smcl.org/en/content/belmont	0.30434782608695654	0.0	1.0	0.0	0.3333333333333333	0.0	0	0.0	0	0	85	0.0	0.2916666666666667	2.0	0.19444444444444445
111	http://library.belmont.edu/	0.14583333333333334	0.0	0	0.0	0.0	0	0	0	0	0.11864406779661017	64	0.2222222222222222	0.3684210526315789	0	0.12280701754385964
112	http://www.kids.pmc.org/belmont.aspx	0	0.0	1.0	0.0	0	0	0	0	0	0	15	0.0	0.2916666666666667	3.0700038754561976	0.6363636363636364
113	http://www.cityofbelmont.org/Jobs.aspx	0	0.0	0.0	0.0	0.0	0.0	0	0	0	0	2	0.17142857142857143	0.2692307692307692	0.0	0.6363636363636364
114	http://belmontyouthhockey.org/	0.03910614525139665	0.03910614525139665	0	0	0.0	0	0	0	0	0.07291666666666667	15	0.0	0.3181818181818182	0.06086956521739131	0.18421052631578946
115	http://www.chicago-l.org/stations/belmont.html	0	0	0	0	0	0	0	0	0	0	17	1.1908236131337613	0.21212121212121213	0	0.1891891891891892
116	http://www.belmontday.org/	0.022950819672131147	0.0	0	0.0	0	0	0	0	0	0	2	0.0	0.5	1.5732904561912238	0.6363636363636364
117	http://belmont.pueblocityschools.us/	0	0.30434782608695654	0	0	0.0	0.30434782608695654	0	0	0	0	47	0	0.25	0.30715763322511674	0.28
118	http://www.belmonthoa.org/	0	0.2692307692307692	0	0	0	0	0	0	0	0	4	0	0.5	0.6846435921565027	0.35
119	http://www.ncaa.com/schools/belmont	0.14	0.0	0.3888888888888889	0.0	0.0	0.0	0	0	0	0	94	0.0	0.3181818181818182	2.114640522875817	0.3888888888888889
120	http://beauty.takarabelmont.com/	0.050724637681159424	0.0	0.28	0	0	0	0	0	0	0.0	11	0.3924731182795699	0.2916666666666667	0.3333333333333333	0.18666666666666668
121	http://belmontny.org/	0	0	0	0	0	0	0	0	0	0	2	0.0	0.5384615384615384	0.08105756358768407	0.3181818181818182
122	http://www.opentable.com/ca/belmont-restaurants	0.04242424242424243	0.22580645161290322	0.3684210526315789	0.0	0.47058823529411764	0.6017543859649123	0.0945945945945946	0.0	0	0.0	64	0	0.20588235294117646	3.711601307189542	0.22580645161290322
123	http://lirr42.mta.info/stationInfo.php?id=32	0	0.0	1.0	0.0	0	0	0	0	0	0	28	0	0.0	0.0	0.3684210526315789
124	http://www.greatschools.org/north-carolina/belmont/	0.09655172413793103	2.8787878787878793	0.4666666666666667	0.0	0.0	0.0	0	0	0	0.30246913580246915	17	0.0	0.1891891891891892	3.0	0.18421052631578946
125	http://www.greatschools.org/north-carolina/	0.0	0.0	0.0	0.0	0	0.0	0	0	0	0.0	13	0.0	0.0	0.0	0.0
126	http://www.drf.com/news/belmont-stakes	0	0.3555445319447724	0.5	0.0	0	0	0	0	0	0	188	0	0.28	0.5	0.20588235294117646
127	http://www.drf.com/news	0	0.10248357170467723	0.0	0.0	0	0	0	0	0	0	188	0	0.0	0.0	0.0
128	http://alumni.belmont.edu/?page=hotels	0	0.0	0	0.0	0	0	0	0	0	0	19	0.08333333333333333	0.23333333333333334	0.8235302683586436	0.30434782608695654
130	http://www.transitchicago.com/travel_information/station.aspx?StopId=25	0	0.0	0.0	0.0	0.0	0.0	0.0	0	0	0.0	259	0.058823529411764705	0.0	0.0	0.35
131	http://www.transitchicago.com/riding_cta/systemguide/default.aspx	0.0	0.0	0.0	0.0	0.0	0.0	0	0	0	0.0	258	0.0	0.0	0.0	0.0
132	http://www.raymourflanigan.com/search.aspx?keyword=Belmont	0	0.0	0.3888888888888889	0.0	0.0	0.0	0	0	0	0	9	0.0	0.15217391304347827	0.8002858163629868	0.5833333333333334
133	http://www.transitchicago.com/travel_information/station.aspx?StopId=26	0	0.0	0.0	0.0	0.0	0.0	0.0	0	0	0.0	259	0.0	0.0	0.0	0.09859154929577464
134	http://www.transitchicago.com/riding_cta/systemguide/default.aspx	0.0	0.0	0.0	0.0	0.0	0.0	0	0	0	0.0	258	0.0	0.0	0.0	0.0
135	http://belmontmedia.org/	0	0.0	0	0.0	0	0	0	0	0	0	15	0.07865168539325842	0.4375	0.14973690231068404	0.35
136	https://www.belmontsavings.com/	0.056451612903225805	3.707747066321749	0.18421052631578946	0	0	0	0	0	0	0	26	0.15217391304347827	0.3888888888888889	0.0	0.175
137	http://www.belmontlight.com/	0.11965811965811966	0.043209876543209874	0	0	0.0	0	0.30128205128205127	0	0	0	7	0.656809029163639	0.4375	0.3684210526315789	0.35
138	http://www.belmontcountyconnections.com/	0	0.41028357235984353	0	0	0	0	0	0	0	0	3	0	0.25	0.11475409836065574	0.0
139	http://www.belmontottawa.com/	0.07777777777777778	0.0	0	0.18421052631578946	0.0	0	0	0	0	0	3	0.175	0.4117647058823529	0.12962962962962962	1.0
140	http://www.nh.gov/municipal/belmont.html	0	0.0	0	0	0	0	0	0	0	0	8	0.3684210526315789	0.25925925925925924	0.0	0.18421052631578946
141	https://www.nyra.com/belmont/news/	0.0	0.0	0	2.654369105287988	0	0	0	0	0	0	30	2.0107515732661696	0.3684210526315789	0.28	0.0
142	http://www.dictionary.com/browse/belmont	0.04430379746835443	0.0	0	0	0.2916666666666667	0	0	0	0	0.2978723404255319	68	0.0	0.25925925925925924	4.0	0.3333333333333333
143	http://www.belmontdental.com/	0.09090909090909091	0.25	0.35	0.5479082321187584	0.7666666666666666	0	0	0	0	0.0	11	0.5591341714610413	0.4117647058823529	0.0	0.11475409836065574
144	http://www.belmontschool.com/about/index.html	0.4666666666666667	0.35	0.5384615384615384	0	0	0	0	0	0	0.4666666666666667	1	1.0522213886805034	0.21875	0	0.4666666666666667
145	https://www.belmontdepot.com/	0.01881720430107527	0.0	0	1.0769230769230769	0.0	0	0	0	0	0.0	9	0.2413793103448276	0.4375	1.0528063077082686	0.30434782608695654
146	http://www.sbnation.com/belmont-stakes	0.0	0.0	0	0.25925925925925924	0	0	0	0.109375	0	0	162	0.8555536197113759	0.2692307692307692	0.0	0.20588235294117646
147	http://wp.lps.org/belmont/	0	0.059322033898305086	0	0	0.0	0.0	0	0	0	0	59	0.05534118600624213	0.4117647058823529	0.0	0.33589743589743587
148	http://wp.lps.org/belmont/	0	0.059322033898305086	0	0	0.0	0.0	0	0	0	0	59	0.05534118600624213	0.4117647058823529	0.0	0.33589743589743587
149	http://www.legacy.com/obituaries/wickedlocal-Belmont/	0.09722222222222222	0.0	0	0	0	0	0	0	0	0.07865168539325842	126	0	0.1794871794871795	15.824468085106389	0.24705882352941178
150	http://www.belmontbanktrust.com/	0.037037037037037035	0.0	0	0	0	0	0	0	0	0.0670926517571885	8	0.25	0.35	0.4375	0.5384615384615384
151	https://pjmedia.com/richardfernandez/	0	0.0	0	0.5833333333333334	0	0	0	0	0	0	5	0	0.0	0.0	0.30434782608695654
152	http://www.citytowninfo.com/places/massachusetts/belmont	0.08235294117647059	0.0	0.3181818181818182	0	4.249344105789119	0	0	0	0	0.08860759493670886	108	0.585056588171884	0.16666666666666666	0.875	0.08536585365853659
153	http://www.citytowninfo.com/places	0.0	0.0	0.0	0	0.0	0	0	0	0	0.0	114	0.0	0.0	0.0	0.0
154	http://www.wctc.net/~belmont/	0	0	0	0	0	0	0	0	0	0	12	0.0	0.4375	0.0	0.4666666666666667
155	http://belmontpubliclibrary.net/	0	0.0	0	0.0	0.0	0.0	0.0	0	0	0	33	0.46248934356351235	0.2916666666666667	0.3181818181818182	0.3181818181818182
156	http://www.belmontstakes.org/	0.17177914110429449	0.0	1.75	0.6633064516129032	0	0.3684210526315789	0	0.4827586206896552	0	0.2916666666666667	0	0.34642331034049334	0.4117647058823529	0.0	0.3111111111111111
157	http://www.rootsweb.ancestry.com/%7Eohbelmon/index.html	0	0.0	0	0	1.158602415983674	0.050724637681159424	0	0	0	0	15	0.17646765175718848	0.0	0	0.1794871794871795
158	http://bookstore.belmont.edu/MerchList.aspx?ID=68	0	0.4688620071684588	0	0	0	0	0	0	0	0	45	0.0	0.17073170731707318	0.7031642536106053	0.14
159	http://www.bhs.vic.edu.au/	0	0.0	0.0	0.2413793103448276	0	0.0	0	0	0	0	26	1.355263157894737	0.0	0.4128205128205128	0.1590909090909091
160	http://www.russianschool.com/location/belmont	0.04794520547945205	0.0	1.0	0.0	0	0.0	0	0	0	0.08860759493670886	33	0.43408378400588893	0.21875	1.6917647058823528	0.28
161	http://www.ndnu.edu/	0.0	0.0	0.0	0.0	0.0	0	0.0	0	0	0	22	0.2775438596491228	0.0	0	0.0
162	http://www.lennar.com/New-Homes/Florida/Tampa/Ruskin/Belmont/Belmont-Manors	0.0	0.0	3.4	7.0	0.2692307692307692	0	0	0	0	0.0	52	0.8095475774281587	0.2413793103448276	0.0	0.16470588235294117
163	http://www.life.illinois.edu/belmont/	0	0.0	0	0	0	0	0	0	0	0	4	0.0	0.2916666666666667	1.106837606837607	0.35
165	http://www.belmont-station.com/	0	0.0	0	0.0	0.0	0.0	0.0	0	0	0	3	0.0603448275862069	0.3684210526315789	0.0	0.6617647058823529
166	http://www.apartmentguide.com/apartments/California/Belmont/	0.03664921465968586	0.1044776119402985	0	0.6363636363636364	1.804942856261258	0.0	0.0	0	0	0	19	0.0	0.15555555555555556	7.712962962962963	0.14583333333333334
167	http://www.apartmentguide.com/apartments/California/	0.0	0.0	0.0	0.0	0.0	0.0	0.0	0	0	0	17	0.0	0.0	0.0	0.0
168	http://www.belmontcountycoc.com/	0	0.07608695652173914	0.0	0.0	0	0	0	0	0	0	30	0.3629342431761787	0.35	0.0	0.1794871794871795
169	http://www.belmontcountyfair.org/	0.04375	0.0	0.0	0	0	0	0	0	0	0	3	0.20647261265044176	0.3333333333333333	0.0	0.2
170	http://www.belmont-trading.com/Home.aspx	0.05982905982905983	0.02413793103448276	0.0	0.11475409836065574	0.0	0	0	0	0	0	21	0.15926535087719298	0.25	0.0	0.061946902654867256
171	http://www.belmontbarbershop.com/	0.0	0.25925925925925924	0.0	0.0	0.0	0	0	0	0	0	18	0.30348335803800025	0.3333333333333333	0.25925925925925924	0.3684210526315789
172	http://www.thebelmontcharleston.com/	0.04375	0.14583333333333334	0	0.0	0.0	0	0	0	0	0	3	0.5329545454545455	0.2916666666666667	0.0	0.23333333333333334
174	http://www.belmontbrewing.com/	0.03932584269662921	0.0	0.30434782608695654	0	0.0	0	0	0	0	0	10	0.0	0.3888888888888889	0.0	0.2
175	http://belmontinn.net/	0	0.25925925925925924	0.0	0.0	0.3333333333333333	0	0	0	0	0	6	0.4056736290152279	0.5	0.0	0.1590909090909091
176	http://www.eteamz.com/baystateflagfootballbelmont/index.cfm	0.2079207920792079	0.0	0.3181818181818182	0	0	0	0	0	0	0.1320754716981132	11	0.5209643605870021	0.15217391304347827	0.26026901975316263	0.4
177	http://belmontabbeycollege.edu/about/	0	0.3015633327411618	0.0	0	0.03070175438596491	0.3333333333333333	0	0	0	0	221	0.13196676966613607	0.25	0.8257271364317842	0.1076923076923077
178	http://abbeyathletics.com/	0	0.0	0.0	0.0	0	0	0	0	0	0	47	0.0	0.0	8.293673355629876	0.5
179	http://abbeyathletics.com/	0	0.0	0.0	0.0	0	0	0	0	0	0	47	0.0	0.0	8.293673355629876	0.5
180	http://www.belmonthotel.co.uk/	0.04487179487179487	0.15217391304347827	0.25925925925925924	0.0	0.0	0	0	0	0	0	4	0.02364864864864865	0.3888888888888889	0.0	0.1590909090909091
182	http://wheelworks.com/	0.02413793103448276	0.0	0	0	0	0	0	0	0	0.06796116504854369	6	0.0	0.0	0.0	0.0
183	http://www.belmontpark.com/amusementpark/rides/	0	0.0	0	0.49353701527614574	1.05	0	0	0	0	0	67	0.26306306306306304	0.21212121212121213	0.5	0.35
184	http://www.foxnews.com/recipe/belmont-breeze	0.11229946524064172	0.0	0.4666666666666667	0.0	0.0	0	0	0	0	0	94	0.09210526315789473	0.22580645161290322	0.0	0.2
185	http://www.belmontme.org/	0	0.0	0	0	0	0	0	0	0	0	2	1.7415650406504064	0.5384615384615384	0	0.18421052631578946
186	http://www.docsports.com/belmont-stakes.html	0.1875	0.0	0	0.0	0	0.0	0	0	0	0.40229885057471265	273	0.5508268614785251	0.21875	0.0	0.2857142857142857
187	https://www.facebook.com/BelmontUniversity	0.0945945945945946	3.6961876258005564	0	0	0	0	0	0	0	0	115	0.5077093432770793	0.2413793103448276	2.2925727866904335	0.2413793103448276
188	http://www.belmontfirearms.com/	0.04827586206896552	0.0	0	0	0	0	0	0	0	0.065625	3	0.0	0.3684210526315789	0.0	0.4117647058823529
189	https://belmont-hotel.co.uk/	0.0	0.0	0.0	0.0	0.0	0	0	0.0	0	0.0	6	0.056063057062200654	0.3684210526315789	0.3181818181818182	0.0
190	http://uubelmont.org/	0	0.01217391304347826	0	0	0.0	0.0	0	0	0	0	21	0.1119591838826037	0.5384615384615384	0.0	0.13725490196078433
191	http://www.montgomeryschoolsmd.org/schools/belmontes/	0	0.0945945945945946	0.28	0.0	0.3333333333333333	0	0.0	0	0	0	12	0.0	0.1794871794871795	0.0	0.23333333333333334
192	http://www.belmonthomedecor.com/	0.07291666666666667	0.0	0	0	0	0	0	0	0	0.0	4	0	0.35	0	0.21212121212121213
193	http://www.belmonttv.com/	0	0.0	0	0.0	0.0	0	0	0	0	0	4	0.1590909090909091	0.5384615384615384	0	0.07954545454545454
194	http://www.youtube.com/user/BelmontU	0.04375	0.07526881720430108	0.0	0.3333333333333333	0.0	0.0	0	0	0	0.17073170731707318	11	0.0	0.30434782608695654	0.15217391304347827	0.3181818181818182
195	http://www.a1storage.com/self_storage/Belmont_CA/zip_94002/a-1_self_storage/424	0.05185185185185185	0.0	0.25925925925925924	0.0	0	0.0	0	0	0	0	93	0.11386557355716052	0.1111111111111111	1.2058823529411764	0.14583333333333334
196	http://www.thebelmontplaceapartments.com/	0.05555555555555555	0.04229607250755287	0.0	0.0	0	0	0.0	0	0	0.0	11	0.0	0.2413793103448276	0.2916666666666667	0.2916666666666667
197	http://www.lcps.org/bmrms	0	0.0	0.0	0	0	0	0	0	0	0	53	0.0	0.0	0.20588235294117646	0.14583333333333334
198	http://belmontabbey.org/	0	0.0	0.5384615384615384	0.0	0.0	0.0	0	0	0	0	5	0.26198372485797633	0.4375	0.0	0.12280701754385964
199	http://belmontabbey.org/	0	0.0	0.5384615384615384	0.0	0.0	0.0	0	0	0	0	5	0.30087261374686525	0.4375	0.0	0.12280701754385964
200	http://forum.belmont.edu/fyi/	0	0.02456140350877193	0.5833333333333334	0	0	0	0	0	0	0	36	0.4990180879908479	0.35	0.0	0.0
201	http://www.longbeach.gov/park/recreation-programs/aquatics/pools/belmont-pool/	0	0.0	0.0	0	0.22580645161290322	0.0	0.07216494845360824	0	0	0	67	0.020771513353115726	0.11475409836065574	0.0	0.4117647058823529
202	https://twitter.com/BelmontPD	0.1278538812785388	0.0	0.0	0.3333333333333333	0.11290322580645161	0.0	0	0	0	0	30	2.221260997536552	0.35	4.129416725167766	0.34146341463414637
203	http://www.belmontatgreenbrier.com/	0.0	0.0	0.1891891891891892	0	0	0	0	0	0	0	3	0	0.30434782608695654	0.3333333333333333	0.14285714285714285
204	http://www.belmontsheriff.com/jail/	0	0.0	0.3684210526315789	0	0.0	0	0	0	0	0	57	0.2688794476898566	0.3181818181818182	0.0	0.3181818181818182
205	http://www.belmontanimalhospital.com/	0.05737704918032787	0	0	0	0	0	0	0	0	0.0546875	0	0	0.28	0	1.0
206	http://belmontforum.com.au/	0	0.0	0	0	0.4375	0	0	0	0	0	7	0.33812535940195515	0.3684210526315789	0.0	0.19444444444444445
207	http://news.belmont.edu/	0	0.04861111111111111	0	0.0	0	0.0	0	0.0	0	0	18	0.31913978494623657	0.4375	0.0	0.2916666666666667
208	http://belmontbay.com/	0.6363636363636364	0.0	0	0	0	0	0	0	0	0.6086956521739131	9	0.24392985611510792	0.5	0.0	0.0
210	http://www.belmontmgmt.com/	0	0.0	0	0.2413793103448276	0	0	0	0	0	0	1	0.014198782961460446	0.4666666666666667	0	0.23333333333333334
211	http://www.facebook.com/BelmontUniversity	0.0945945945945946	3.6961876258005564	0	0	0	0	0	0	0	0	115	0.5077093432770793	0.2413793103448276	2.2925727866904335	0.2413793103448276
212	http://racingdudes.com/belmont-park-picks/	0.044585987261146494	0.0	0.3888888888888889	0.11864406779661017	0.0	0	0	0	0	0	109	0.10606060606060606	0.21212121212121213	0.0	0.15217391304347827
213	http://www.collegeview.com/schools/belmont-university/tuition	0.06930693069306931	0.3888888888888889	0	0	0.0	0	0	0	0	0	45	0	0.14893617021276595	0.0	0.21875
214	http://www.belmontswcd.org/	0	0.0	0	0	0	0	0	0	0	0	0	0	0.4666666666666667	0.5181088976004676	0
215	http://www.drc.state.oh.us/Public/BECI.htm	0	0.0	0.0	0.0	0.0	0.0	0.0	0	0	0	3	0.06287581699346405	0.0	0.21875	0.21875
216	http://belmontunited.net/	0	0.0	0	0.0	0	0	0	0	0	0	4	0.0	0.4117647058823529	0.5094454096687902	0.2692307692307692
217	http://belmontmadison.com/	0	0.0	0.17073170731707318	0	0	0	0	0	0	0	5	0.016666666666666666	0.3888888888888889	0.12962962962962962	0.14285714285714285
218	http://www.belmontmedical.com/	0.10606060606060606	0.0	0.3181818181818182	0	0	0.0	0	0	0	0.07692307692307693	4	0.3671215976559488	0.3888888888888889	0	0.3181818181818182
219	https://belmontarmy.wordpress.com/	0.16279069767441862	0.358974358974359	0	0	0.0	0	0	0	0	0	12	0.06541481134286384	0.28	0.0	0.3888888888888889
220	http://www.fordofbelmont.com/	0.03111111111111111	0.0	0	0.041176470588235294	0.0	0	0	0	0	0.08860759493670886	6	0.019178082191780823	0.4117647058823529	2.9625	0.11864406779661017
221	http://www.belmontwellness.com/	0.4375	0.22580645161290322	0.25925925925925924	0	0.0	0	0	0	0	0	8	0.2916666666666667	0.3684210526315789	0.0	0.5
223	http://www.bxtimes.com/stories/2016/40/40-seniorassaults_2016_09_30_bx.html	0.05511811023622047	0.05185185185185185	0.14893617021276595	0	0	0	0	0	0	0.13725490196078433	67	0.1266994266994267	0.0	0.875	0.14583333333333334
224	http://belmontdentalcentre.com/	0.04375	0.0	0.11290322580645161	0.0	0.3333333333333333	0.0	0.03684210526315789	0	0	0.08235294117647059	7	0	0.30434782608695654	0.040229885057471264	0.10606060606060606
225	https://chai-itsaboutyou.org/Washington/Belmont	0.15384615384615385	0.0	0	0.39184782608695656	1.0541664640232318	0	0	0	0	0.14583333333333334	322	0.1739336786592817	0.1891891891891892	0.3684210526315789	0.11666666666666667
226	http://belmontcountycrrds.brecordsnk.com/	0.046052631578947366	0.0	0	0.45161290322580644	0.22580645161290322	0	0	0	0	0.22580645161290322	9	0.05982905982905983	0.21212121212121213	0.0	0.09090909090909091
227	https://commons.wikimedia.org/wiki/Category:Belmont_(Metra_station)	0	0.0	0.21875	0.16279069767441862	0.0	0	0	0	0	0	6	0.0	0.125	0.0	0.1346153846153846
228	http://floristbelmontca.flowerspnk.com/	0.041666666666666664	0.0	0.3888888888888889	0.3888888888888889	0.3888888888888889	0	0	0	0	0.3888888888888889	11	0.021739130434782608	0.22580645161290322	0.0	0.16666666666666666
229	https://commons.wikimedia.org/wiki/Category:Belmont_Pastures	0	0.0	0.28	0.19444444444444445	0.0	0	0	0	0	0	6	0.0	0.14285714285714285	0.0	0.15555555555555556
232	http://floristbelmontnc.flowerslpf.com/	0.051094890510948905	0.0	0.3888888888888889	0.3888888888888889	0.3888888888888889	0	0	0	0	0.3888888888888889	11	0.02631578947368421	0.22580645161290322	0.0	0.16279069767441862
233	http://www.cgbelmont.com.au/	0	0.0	0.0	0.0	0	0	0.0	0	0	0	0	0.07965733282188978	0.4375	0.0	0.4117647058823529
234	http://theexoduschurch.org/sexuality/	0	0.0	0.0	0	0	0.0	0	0	0	0	35	0.30343511450381677	0.0	0.0	0.2692307692307692
235	http://www.complete-pest-control.com/	0.0	0.0	0.0	0	0.0	0	0	0	0	0	2	0.0	0.0	0.0	0.0
236	http://payday-kid.trade/cash-advance-belmont-ms.html	0.0	0.0	0.0	0.0	0.0	0.0	0.0	0	0	0.0	1	0.0	0.1590909090909091	0.0	0.0
237	http://www.itservicesthatworkforyou.com/news/belmont-insurance/	0	0.0	0	5.291372108483902	0	0	0	0	0	0.4117647058823529	0	3.829967370984221	0.14285714285714285	0.4117647058823529	0.4117647058823529
238	http://www.itservicesthatworkforyou.com/news/belmont-insurance/	0	0.0	0	5.291372108483902	0	0	0	0	0	0.4117647058823529	0	3.829967370984221	0.14285714285714285	0.4117647058823529	0.4117647058823529
239	https://www.shakcinema.com/portfolio-posts/11-belmont/	0	0.0	0	0	0	0	0	0	0	0	19	0	0.1794871794871795	0.0	0.35
240	http://www.belmontbaptistchurch.org/?lightbox=dataItem-itom72wq	0	0	0	0	0	0	0	0	0	0	0	0	0.13725490196078433	0	0.5
241	http://tweettunnel.com/belmontxctf	0	0.0	0	0	0	0	0	0	0	0	247	0.0457516339869281	0.2692307692307692	0.0	0.34146341463414637
242	http://fuvxl.click/nqcerwx	0	0.0	0.25	0	0	0	0	0	0	0	11	0	0.0	0.0	0.25
243	http://www.lwluk.com/twitnow?q=from%3Aahayesbelmont	0.0	4.772727272727273	0	0	0	0	0	0	0	0	3	0	0.1794871794871795	0.0	0.0
244	http://2jjh.snipvault.com/YGo	0	0.0	0	0	0	0	0	0	0	0	7	0	0.0	0.0	0.0
245	http://www.belmonthighschool.org/apps/news/article/616479	0	0.0	0.0	0	0	0	0	0	0	0	6	0	0.16666666666666666	0.3684210526315789	0.3684210526315789
246	http://physicians.umassmemorial.org/Results?Specialties=122,184	0.0	1.9444444444444444	0	0.0	0.0	0.0	0	0	0	0	85	0.0	0.0	0.0	0.0
247	http://belmontcomplex.net/rentals	0.30434782608695654	0.0	0	0	0	0.0	0	0	0	0	3	0.2556263269639066	0.28	0.0	0.0
248	http://www.lwluk.com/twitnow?q=from%3Aahayesbelmont	0.0	4.772727272727273	0	0	0	0	0	0	0	0	3	0	0.1794871794871795	0.0	0.0
249	http://www.lwluk.com/twitnow?q=%23belmontnc	0.0	1.2906712630876567	0	0	0	0	0	0	0	0	8	0	0.22580645161290322	0.0	0.0
250	http://2jjh.snipvault.com/YGo	0	0.0	0	0	0	0	0	0	0	0	7	0	0.0	0.0	0.0
251	http://www.belmonthighschool.org/apps/news/article/616479	0	0.0	0.0	0	0	0	0	0	0	0	6	0	0.16666666666666666	0.3684210526315789	0.3684210526315789
252	http://physicians.umassmemorial.org/Results?Specialties=122,184	0.0	1.9444444444444444	0	0.0	0.0	0.0	0	0	0	0	85	0.0	0.0	0.0	0.0
253	http://belmontcomplex.net/rentals	0.30434782608695654	0.0	0	0	0	0.0	0	0	0	0	3	0.2556263269639066	0.28	0.0	0.0
254	http://hl7qk.youngsterskitchen.com/lNp	0	0.0	0	0	0	0	0	0	0	0	5	0	0.0	0	0.0
255	http://2fpe3.wiltonhindumandir.org/3g	0	0.0	0	0	0	0	0	0	0	0	5	0	0.0	0	0.0
