index	url	description	div	h1	h2	h3	h4	h5	h6	inbound_links	keywords	outbound_links	p	root	span	title
1	https://en.wikipedia.org/wiki/Bishop	0	0.0	1.0	0.0	0.0	0	0	0	0	0	157	2.167357783911263	0.23076923076923078	1.058832676757205	0.14634146341463414
2	http://www.bishop.edu/	0.03821656050955414	0.0	0.0	0.1111111111111111	0	0	0	0	0	0.08955223880597014	13	0.3813178381547855	0.6	0.4368556701030928	0.125
3	http://www.dictionary.com/browse/bishop	0.02926829268292683	0.12244897959183673	0	0	0.2608695652173913	0	0	0	0	0.26666666666666666	75	0.04419889502762431	0.23076923076923078	18.20699300699301	0.3
4	http://www.thefreedictionary.com/bishop	0.11235955056179775	0.15384615384615385	1.0	9.0	0	0	0	0	0	0.10227272727272728	178	0.0	0.2222222222222222	14.208521912869738	0.23076923076923078
5	http://www.merriam-webster.com/dictionary/bishop	0.08275862068965517	0.0	1.0	3.260869565217391	0	0.0	0	0	0	0.08163265306122448	30	0.045454545454545456	0.17142857142857143	0.0	0.25
6	http://www.bishops.com/page/home	0.02727272727272727	0.46153846153846156	0	0	0	0	0	0	0	0	16	0	0.3157894736842105	0.0	0.8857142857142857
7	http://www.bishopvisitor.com/	0.0392156862745098	0.0	0.6569734613212874	1.3333333333333333	0.0	0.2857142857142857	0	0	0	0	23	0.9239280536232558	0.35294117647058826	0.8857142857142857	0.1276595744680851
8	http://www.newadvent.org/cathen/02581b.htm	0.0	0.0	1.0	0.4335483870967742	0.0	0	0	0	0	0	1	3.2985382674661192	0.0	1.5238095238095237	0.20689655172413793
9	http://www.newadvent.org/cathen	0.0	0.0	0.0	0	0	0	0	0	0	0	1	0.25	0.0	0	0.0
10	http://www.newadvent.org/cathen/b.htm	0.0	0.0	0.0	0	0	0	0	0	0	0	1	0.0	0.0	0	0.0
11	http://bishopairport.org/	0	0.0	0	0	0	0	0	0	0	0	17	0	0.35294117647058826	0.17647058823529413	0.10344827586206896
12	http://www.bishop.k12.ok.us/	0.017699115044247787	0.0	0.1935483870967742	0.0	0.0	0.0	0	0	0	0.0	0	0.8737987322688954	0.375	0.0	0.1935483870967742
13	http://www.bishopit.com/	0.03870967741935484	0.25774536535172665	0.0	0.0	0	0.631578947368421	0	0	0	0	5	0.06844751728472659	0.5	0.06404586404586404	0.14634146341463414
14	http://bishopairport.org/	0	0.0	0	0	0	0	0	0	0	0	17	0	0.35294117647058826	0.17647058823529413	0.10344827586206896
15	http://www.bishop.k12.ok.us/	0.017699115044247787	0.0	0.1935483870967742	0.0	0.0	0.0	0	0	0	0.0	0	0.8737987322688954	0.375	0.0	0.1935483870967742
16	http://www.zillow.com/bishop-ca/	0.03896103896103896	0.01780513416591268	0.2857142857142857	0	0	1.0083333333333333	0.0	0.0	0	0	101	0.0	0.3157894736842105	29.495807465750577	0.21818181818181817
17	http://diometuchen.org/bishop/	0	1.1080046778041281	0.35294117647058826	0	0.0	0	0	0	0	0	22	0.18039368544710097	0.2857142857142857	0.11764705882352941	0.8571428571428571
18	http://www.catholic.org/encyclopedia/view.php?id=1918	0.0	0.0	1.0	0.0	0.15789473684210525	0.0	0.0	0	0	0.0	471	0.0	0.0	0.0	0.125
19	http://www.catholic.org/encyclopedia/	0.0	0.0	0.0	0.0	0	0.0	0.0	0	0	0.0	70	0.0	0.0	0.0	0.0
20	https://orthodoxwiki.org/Bishop	0	0.0	1.0	0.0	0.0	0	0	0	0	0	11	1.93603037985513	0.2727272727272727	4.140997993501464	0.2857142857142857
21	https://www.tripadvisor.com/Tourism-g32083-Bishop_California-Vacations.html	0.13846153846153847	0.6428571428571428	0.7333333333333334	0	0.5790770028519574	0	0	0	0	0.15	2	0.0	0.0967741935483871	1.7525083612040135	0.2033898305084746
22	https://www.tripadvisor.com/Tourism-g191-United_States-Vacations.html	0.0	0.0	0.0	0	0.0	0.0	0	0	0	0.0	2	0.0	0.0	0.0	0.0
23	https://www.tripadvisor.com/Tourism-g28926-California-Vacations.html	0.0	0.0	0.0	0	0.0	0.0	0	0	0	0.0	2	0.0	0.0	0.0	0.0
24	http://www.ubishops.ca/	0.044444444444444446	0.32637639438004384	0	0.25098039215686274	0	0	0	0	0	0	16	0.5454545454545454	0.5454545454545454	0.0	1.0
25	http://www.bishopcisd.net/	0	0.0	0.0	0.0	0.0	0.0	0	0	0	0	20	0.0	0.42857142857142855	2.5586962057550293	0.5454545454545454
26	http://www.thebishopbar.com/	0	0.0	0	0.0	0.0	0	0	0	0	0	19	0.3343347991150684	0.375	0.0	0.2857142857142857
27	http://marvel.com/universe/Bishop_(Lucas_Bishop)	0	0.12678937631499948	1.1428571428571428	0	0	0.0	0	0	0	0.08053691275167785	72	0.5063564221750744	0.3076923076923077	0.0	0.11764705882352941
28	http://www.poets.org/poetsorg/poet/elizabeth-bishop	0.058823529411764705	0.0	0.0	0.0	0	0	0	0	0	0.1935483870967742	18	0.23347926590081255	0.16216216216216217	0.375	0.11764705882352941
29	http://www.bishco.com/webapp/wcs/stores/servlet/en/bishop	0.06451612903225806	0.10010327594672483	0.0	0.0	0	0	0	0	0	0	34	0	0.15	0.0	0.24
30	http://diometuchen.org/offices-and-ministries/bishop/	0	0.0	0.35294117647058826	0	0.0	0	0	0	0	0	22	0.20634920634920634	0.13953488372093023	0.0	0.8571428571428571
31	http://www.cogic.org/	0	0.0	0.0	0.0	0.15789473684210525	0.0	0.0	0.3495311167945439	0	0	11	0.15502662073285312	0.0	1.251659038901602	0.0
32	http://www.bishopvisitor.com/places/lodging/	0	0.0	0.2608695652173913	0	0.3157894736842105	0.2857142857142857	0	0	0	0	205	0.836320030007012	0.2	18.6	0.11538461538461539
33	http://www.topix.com/city/bishop-ca	0.09230769230769231	1.146341463414634	0.5454545454545454	0	0	0.0	0.0	0	0	0	23	0.9844513187886682	0.2727272727272727	1.5454545454545454	0.35294117647058826
34	http://www.topix.com/state/ca	0.0	0.0	0.0	0	0	0.0	0.0	0	0	0	28	0.0	0.0	0.0	0.0
35	http://www.topix.com/county/inyo-ca	0.0	0.0	0.0	0	0	0.0	0.0	0	0	0	17	0.0	0.0	0.0	0.0
36	http://www.yourdictionary.com/bishop	0.047244094488188976	0.0392156862745098	0	4.111111111111111	1.0	0.17142857142857143	0	0	0	0.16759776536312848	80	0.75	0.25	1.2307692307692308	0.26666666666666666
39	http://www.mormonwiki.com/Bishop	0	0.0	1.0	0.0	0.0	0	0	0	0	0	13	0.5445406858899585	0.3	1.9999999999999998	0.125
40	http://www.bishop.edu/about-us.html	0.03821656050955414	0.0	0.1875	0	0	0	0	0	0	0.08955223880597014	7	0.1638888888888889	0.2608695652173913	0.625	0.3333333333333333
41	http://nameberry.com/babyname/Bishop	0.11688311688311688	0.0	1.0	0.0	0.557804114490161	1.4930313872174337	0	0	0	0.0	19	0.12442396313364056	0.2222222222222222	7.540229885057471	0.2608695652173913
42	http://marvel.wikia.com/wiki/Lucas_Bishop_(Earth-1191)	0.06666666666666667	1.2307692307692308	0.24	0.0	0.0	0	0	0	0	0.1476923076923077	77	5.867682143356446	0.13333333333333333	0.05454545454545454	0.08695652173913043
43	http://bishoprealestate.com/	0.020761245674740483	0	0.0967741935483871	0	0	0	0	0	0	0.048582995951417005	19	0.0	0.3	0.5151661227503403	0.037267080745341616
44	http://xmenmovies.wikia.com/wiki/Bishop	0.12371134020618557	0.0	1.0	0.0	0.0	0	0	0	0	0.04081632653061224	59	0.05309734513274336	0.2	0.0	0.11538461538461539
45	http://www.tdjakes.org/	0.030456852791878174	0.0	0	0	0	0	0	0	0	0.06818181818181818	4	0	0.0	0	0.0
46	http://www.gotquestions.org/what-is-a-bishop.html	0	0.0	0	0	0	0	0	0	0	0	43	0	0.16216216216216217	0.15789473684210525	0.15789473684210525
47	http://www.ancestry.com/name-origin?surname=bishop	0	0.0	0.2857142857142857	0.0	0.0	0.6671301816463107	0.0	0	0	0	56	0.14272474097917776	0.15789473684210525	0.0	0.45789473684210524
48	https://robbishop.house.gov/	0	0.0	0.0	0.0	0	0	0	0	0	0	17	0.18120820970520635	0.3157894736842105	0.0	0.2727272727272727
49	http://www.diocesepb.org/bishop	0	0.0	0	0.0	0.0	0.0	0	0	0	0.375	46	0.21770106354384033	0.3157894736842105	5.987228955521899	0.2
50	http://www.bishopcreeksideinn.com/	0.0	0.0	0.0	0.0	0.0	0	0	0	0	0	17	0.19230013754886266	0.2727272727272727	0.16216216216216217	0.21428571428571427
51	http://www.bmhs-la.org/	0	0.03278688524590164	0.0	0.0	0	0	0	0	0	0	16	0.0	0.0	0.4	0.20689655172413793
52	http://www.bishopweather.com/	0.07692307692307693	0.0	0	0	0	0	0	0	0	0	13	0.11181117171337221	0.35294117647058826	0.05825242718446602	0.35294117647058826
53	http://www.bishopmuseum.org/	0	0.0	0.0	0.0	0.0	0.7272727272727273	0	0	0	0	15	1.1804085513091664	0.375	0.9315789473684211	0.42857142857142855
54	http://www.flumc.org/bishopscorner	0	0.0	1.0	0	0	0.4	1.0	0	0	0	8	0.0	0.2727272727272727	1.0	0.46153846153846156
55	http://acronyms.thefreedictionary.com/Bishop	0.1005586592178771	0.13636363636363635	0.0	0	0	0	0	0	0	0.10227272727272728	97	0.0	0.16666666666666666	13.0	0.21428571428571427
56	http://www.bishopdwenger.com/	0	0.23076923076923078	0	0	0	0	0	0	0	0	13	0.0	0.35294117647058826	0.2863636363636364	0.42857142857142855
57	http://bishopsmeat3.com/	0.04225352112676056	0.0	0	0.0	0.0	0.0	0	0	0	0	11	0.08450704225352113	0.375	0	0.13953488372093023
58	http://georgia.gov/cities-counties/bishop	0	0.0	1.0	0.0	0	0	0	0	0	0.0	17	0	0.1875	0.6	0.3
59	http://bishopschools.org/	0	0	0	0	0	0	0	0	0	0	5	0	0.35294117647058826	0	0.2
60	http://bishoprealtors.com/	0	0.11538461538461539	0.0	0.0	0.0	0	0	0	0	0	15	0.4751505199781062	0.3333333333333333	0.0	0.2857142857142857
61	http://wikitravel.org/en/Bishop	0.02830188679245283	1.0	1.0	0.0	0.0	0	0	0	0	0.06521739130434782	28	0.0913505641616944	0.2727272727272727	1.4282140131270529	0.1875
62	http://www.cnumc.org/bishop	0	0.0	0	0.2608695652173913	0	0	0	0	0	0	1	0.8849052932018682	0.4	0	1.0
63	http://www.annebishop.com/	0	0.0	0	0	0	0	0	0	0	0	1	0.0	0.42857142857142855	0	0.17142857142857143
64	http://www.blmhs.org/	0.16666666666666666	0.0	0	0	0	0	0	0	0	0.16666666666666666	8	0.13043478260869565	0.0	0.0	0.16666666666666666
65	http://www.bishoptx.com/	0	0.13727242951146384	0.0	0.0	0.0	0	0	0	0	0	6	0.0	0.5	0.0	0.16216216216216217
66	http://bishopsonline.com/	0	0.0	0.0	1.0	0	0	0.0	0	0	0	5	0.17910313234798808	0.35294117647058826	0.0	1.6
67	http://kamenrider.wikia.com/wiki/Bishop	0.12371134020618557	0.0	1.0	0.0	0.0	0	0	0	0	0.08633093525179857	53	0.2675829069118024	0.2	1.75	0.11764705882352941
68	http://kamenrider.wikia.com/wiki/Bishop	0.12371134020618557	0.0	1.0	0.0	0.0	0	0	0	0	0.08633093525179857	53	0.2675829069118024	0.2	1.75	0.11764705882352941
69	http://www.bishopmac.com/	0.15789473684210525	1.652173913043478	0	0.0	0.1935483870967742	0	0	0	0	0.16216216216216217	17	0.0	0.46153846153846156	0.0	0.15789473684210525
70	http://bishopdistributing.com/	0.043795620437956206	1.0121212121212122	0	0	1.006993006993007	0	0	0	0	0	43	0.0	0.2727272727272727	0	0.23529411764705882
71	http://www.imdb.com/character/ch0032563/	0.1016949152542373	0.6066790352504637	0.8571428571428571	0	0.0	0	0.0	0.0	0	0.0	29	0.0	0.0	0.0	0.3157894736842105
72	http://www.catholic-hierarchy.org/	0.05504587155963303	0.0	0.0	0.09230769230769231	0	0	0	0	0	0.1323529411764706	7	0.0	0.0	1.2464285714285714	0.0967741935483871
73	http://www.mormonnewsroom.org/article/bishop	0.046153846153846156	0.09230769230769231	1.0	0.0	0.0	0	0	0	0	0	96	0.3761514369933677	0.1935483870967742	0.0	0.46153846153846156
74	http://bishopsorchards.com/	0.0425531914893617	0.0	0	0.5	0	0.0	0	0	0	0	12	0.3048269928092926	0.3157894736842105	0.0	1.0
75	http://www.usccb.org/about/bishops-and-dioceses/all-dioceses.cfm	0	0.2376470588235294	0.21428571428571427	0	0	0	0	0	0	0	213	0	0.12	0.0	0.21428571428571427
76	http://www.bmchs.com/	0	0.0	0.0273972602739726	0.0	0.15384615384615385	0.6610389610389611	0	0	0	0	15	0.5836504700462031	0.0	0.0	0.13636363636363635
77	https://www.facebook.com/thatgirlbishop/	0.03896103896103896	0.41647058823529415	0	0	0	0	0	0	0	0	43	0.0	0.23076923076923078	0.0	0.25
78	http://www.urbandictionary.com/define.php?term=bishop	0	2.9364045749063172	0	0	0.0	0.0	0	0	0	0	140	0.0	0.14634146341463414	0.0	0.25
79	http://www.thesaurus.com/browse/bishop	0.04878048780487805	0.375	1.0	0.0	0	0	0	0	0	0.43636363636363634	212	0.012048192771084338	0.24	2.8000000000000003	0.25
81	https://www.facebook.com/bishopAC	0.11320754716981132	0.3829787234042553	0	0	0	0	0	0	0	0	119	0.0	0.3	0.6	0.2857142857142857
82	http://www.bishopmiege.com/	0	0.09090909090909091	0	0.0	0.0	0	0	0	0	0.09523809523809523	9	0.131845088979198	0.4	0.11538461538461539	0.21818181818181817
83	http://bishopco.net/	0	0.0	0	0	0.0	0	0	0	0	0	7	0.0	0.5	0.6987179487179487	0.0
84	http://www.bmhs.org/	0.2222222222222222	0.9271574955086832	0	0	0	0	0	0	0	0.16666666666666666	12	0.0	0.0	0.75	0.2222222222222222
85	http://www.imdb.com/character/ch0001186/	0.1016949152542373	0.631974921630094	0.8571428571428571	0	0.0	0	0.0	0.0	0	0.0	29	0.0	0.0	0.0	0.3157894736842105
86	http://www.catholic-hierarchy.org/bishop/	0.42857142857142855	0.0	0.8571428571428571	0.46153846153846156	0	0	0	0	0	0.061855670103092786	3	0.0	0.21428571428571427	1.2464285714285714	0.21428571428571427
87	http://www.bishopspca.org/	0.0	0.0	0	0	0	0	0	0	0	0	2	0.0	0.42857142857142855	0.6923076923076923	0.0
88	http://www.bishopspca.org/	0.0	0.0	0	0	0	0	0	0	0	0	2	0.0	0.42857142857142855	0.6923076923076923	0.0
89	http://www.microsoft.com/en-us/research/people/cmbishop/	0	0.0	0.3333333333333333	0.0	0.0	0.0	0.0	0	0	0	510	0.5898084401876525	0.15	16.98866248727742	0.15
91	https://www.tripadvisor.com/Hotels-g32083-Bishop_California-Hotels.html	0.07692307692307693	4.764835164835166	0.6307692307692307	0.0	0	0	0	0	0	0.075	1	0	0.10344827586206896	3.3146392983028585	0.09230769230769231
92	https://www.tripadvisor.com/Tourism-g28926-California-Vacations.html	0.0	0.0	0.0	0	0.0	0.0	0	0	0	0.0	2	0.0	0.0	0.0	0.0
93	https://www.tripadvisor.com/Tourism-g32083-Bishop_California-Vacations.html	0.13846153846153847	0.6428571428571428	0.7333333333333334	0	0.5790770028519574	0	0	0	0	0.15	1	0	0.0967741935483871	1.7525083612040135	0.2033898305084746
94	http://bishop.house.gov/	0	0.0	0	0.0	0.0	0	0	0.0	0	0	7	0.0	0.375	0.0	0.08695652173913043
95	http://www.bishopwear.com/	0	0.021739130434782608	0	0.0	0	0.5	0	0	0	0	6	0.3126463700234192	0.42857142857142855	0	0.5
96	http://bishopinc.com/	0.03529411764705882	0	0	0	0	0	0	0	0	0	0	0	0.46153846153846156	0	0.11650485436893204
97	http://www.poemhunter.com/elizabeth-bishop	0.06923076923076923	0.36074270557029176	0.375	0.4662756598240469	0.0	0	0	0	0	0.1839080459770115	53	0.14980306535912424	0.2	0.75	0.21818181818181817
98	http://www.poemhunter.com/poets/	0.0	0.0	0.0	0.0	0	0	0	0	0	0.0	35	0.0	0.0	0.0	0.0
99	http://www.poemhunter.com/elizabeth-bishop/	0.06923076923076923	0.36074270557029176	0.375	0.4662756598240469	0.0	0	0	0	0	0.1839080459770115	53	0.14980306535912424	0.2	0.75	0.21818181818181817
100	http://www.ngumc.org/bishop/	0	0.0	0	1.0	0	0	0	0	0	0	8	2.2052064736700854	0.4	0.0	0.46153846153846156
101	http://www.bishopphoto.com/	0	0.0	0.0	0.0	0.0	0	0.3333333333333333	0	0	0	12	0.03225806451612903	0.4	0.0	0.1875
102	http://www.bishop-gmbh.com/	0	0.0594059405940594	0	0	0.0967741935483871	0.0	0	0	0	0	24	0.5376175548589341	0.4	0.10493273338890619	0.13043478260869565
103	http://www.bishopslodge.com/	0	0.0	0.0	0.0	0.23076923076923078	0	0	0	0	0	1	0.0821917808219178	0.375	0.851603155950982	0.42857142857142855
104	http://bishopcanevin.org/	0	0.1404709748083242	0	0.0	0.0	0.0	0	0	0	0	11	0.10689164294587969	0.35294117647058826	0.23076923076923078	0.23076923076923078
106	http://buhs-bishop-ca.schoolloop.com/	0.25	0.12	0	0.0	0	0	0	0	0	0.14173228346456693	36	0.0	0.20689655172413793	0.625668449197861	0.17142857142857143
107	http://www.thebishopsschool.org/	0.0	0.2222222222222222	0	0	0.3157894736842105	0.13333333333333333	0	0.10909090909090909	0	0	6	0.0	0.3	0.1	0.17142857142857143
108	http://www.bishopengine.com/	0.0	0.15	0	0.0	0.0	0	0	0	0	0.0	2	0.0	0.375	0.0	0.08955223880597014
109	http://www.bishopluers.org/	0	0.3519017322253426	0	0	0	0	0	0	0	0	8	0.4680952380952381	0.4	0.5	0.25
110	http://www.bishopodowd.org/	0.040268456375838924	0.0	0.0	0.0	0.0	0.0	0	0	0	0	16	0.4447761194029851	0.4	0.12	0.3157894736842105
111	http://www.dioslc.org/biography	0	0.0	0.0	0	0.0	0	0	0	0	0	4	1.390710445303724	0.0	0.0	0.10909090909090909
112	http://www.bishopgadsden.org/	0	0.42857142857142855	0	0.0	0.12244897959183673	0	0	0	0	0	4	0.07693402013314042	0.35294117647058826	0	0.42857142857142855
113	http://www.bishopsbs.com/	0	0.0	0	0.0	0	0	0	0	0	0	4	0.13043478260869565	0.46153846153846156	0.3333333333333333	0.0594059405940594
114	http://www.bishopamat.org/	0	0.0	0.0	0	0	0	0	0	0	0	8	0.0	0.42857142857142855	0.0	0.1875
115	http://www.definitions.net/definition/Bishop	0.11650485436893204	0.0	0.0	0.0	0.0	0.0	0.0	0	0	0.3076923076923077	69	19.97634076598527	0.1935483870967742	0.25	0.2727272727272727
116	http://www.bishopcabinets.com/	0	0.0	0.0	0.0	0	0.0	0	0	0	0	0	0.0	0.3333333333333333	0.0	0.4
117	https://www.bishoplynch.org/	0	0.0	0.0	0	0.23076923076923078	0.0	0	0	0	0	12	0.0	0.4	0.0	0.125
118	http://www.bishoponbedford.com/	0.0	0.0	0	0	0	0	0	0	0	0.057971014492753624	7	0	0.3157894736842105	0.0	0.35294117647058826
119	http://www.sccatholic.org/bishop	0	0.0	0.21428571428571427	1.0	0	0	0	0	0	0	22	0	0.3	0.0375	0.1276595744680851
120	http://www.bishopdiego.org/	0.1935483870967742	1.096	0	0	0	0	0	0	0	0.1935483870967742	1	0	0.4	0.0	0.1935483870967742
121	http://www.babymed.com/tools/bishop-score-induction-calculator	0.041666666666666664	0.0	0.2608695652173913	0.0	0	0	0	0	0	0.0	52	0.1549159795428452	0.12244897959183673	0.0	0.16216216216216217
122	http://www.babymed.com/tools	0.0	0.07058823529411765	0.0	0.0	0.0	0	0	0	0	0.0	38	0.0	0.0	0.0	0.0
123	http://www.bishopvictorian.com/	0.0	0.0	0.23076923076923078	0	0	0	0	0	0	0.2	11	0.011385199240986717	0.3157894736842105	0.23076923076923078	0.09523809523809523
124	http://www.bishopkearneyhs.org/	0	0.0	0	0.0	0.0	0	0	0	0	0	19	0.34842989946846636	0.3157894736842105	0.0	0.21818181818181817
125	https://bishoptattoosupply.com/	0.0375	0.0	0.0	0.0	0.0	0	0	0	0	0	14	0.0	0.2727272727272727	0.07317073170731707	0.3
126	http://bishopspizza.com/	0	0	0	0	0	0	0	0	0	0	0	0	0.375	0	0.375
127	http://www.inyocountycamping.com/	0.05309734513274336	0.0	0	0	0	0	0	0	0	0.05357142857142857	2	0.0	0.0	0.07058823529411765	0.07894736842105263
129	http://www.wordreference.com/es/translation.asp?tranword=bishop	0.08695652173913043	0.0	0.0	0	1.0	0	0	0	0	0	24	0.10526315789473684	0.12	0.11538461538461539	0.10909090909090909
130	http://turtlepedia.wikia.com/wiki/Bishop	0.12631578947368421	0.0	1.0	0.0	0.0	0	0	0	0	0.05642633228840126	46	0	0.1935483870967742	0.0	0.13636363636363635
131	http://www.rvparkreviews.com/regions/california/bishop	0.08955223880597014	0.0	0.5333333333333333	0	0	0.2	0.10526315789473684	0	0	0.2529274004683841	159	0.1875	0.15	10.696388612538636	0.15789473684210525
132	http://www.rvparkreviews.com/regions/california	0.0	0.0	0.0	0	0	0.0	0	0	0	0.0	1327	0.0	0.0	0.6	0.0
133	http://www.alemany.org/	0	0.0	0.0	0.32688172043010755	0	0	0	0	0	0	14	0.11964617041505832	0.0	0.23076923076923078	0.23076923076923078
134	http://www.bishopoconnell.org/	0.21428571428571427	0.0	0	0.0	0.0	0	0	0.0	0	0.17647058823529413	8	0.028169014084507043	0.3333333333333333	0.0	0.75
135	http://www.bishopfoley.org/	0	0.05217391304347826	0.0	0.0	0	0	0	0	0	0	12	0	0.4	0.6875	0.18181818181818182
136	http://bes-bishop-ca.schoolloop.com/	0	0.14634146341463414	0	0.0	0	0	0	0	0	0	14	0	0.21428571428571427	0.4252303330970943	0.17142857142857143
137	http://bishopgrimes.org/	0.047244094488188976	0.0	0.3157894736842105	0.0	0.0	0.0	0.0	0	0	0.0	20	0.38569914855370424	0.375	0.0	0.16
138	http://www.bishopfeehan.com/	0.0379746835443038	0.1449982572324852	0	0	0.0	0	0	0.0	0	0	21	0.09010797975168681	0.375	0.0	0.14634146341463414
139	http://diopitt.org/departments-offices/office-diocesan-bishop	0	0.21978021978021978	0.20689655172413793	0.0	0.0	0	0	0	0	0	27	0.653638450839023	0.11538461538461539	0.0	0.08823529411764706
140	http://projects.vassar.edu/bishop/	0.07659574468085106	0.0	0.375	0.0	0.0	0	0	0	0	0.1791044776119403	0	0.7781624602928583	0.24	0.0	0.17647058823529413
141	https://www.bishopkelley.org/	0	0.17142857142857143	0.0	0.07692307692307693	0	0	0	0	0	0.0	41	0.3333333333333333	0.375	1.6765873015873014	0.46153846153846156
142	https://mikebishop.house.gov/	0	0.20072975055816686	0	0.0	0	0	0	0.0	0	0	6	0.0	0.3	0.0	0.08955223880597014
143	http://www.bishopfixtures.com/	0.06976744186046512	0.0	0	0	0	0	0	0	0	0.11538461538461539	4	0.2695356259643635	0.3333333333333333	0	0.0625
144	https://www.bmchs.org/	0.08333333333333333	0.028985507246376812	0.0	0.0	0.0	0.0	0	0	0	0.016498625114573784	7	0.0	0.0	0.0	0.15789473684210525
145	http://www.dioceseofprovidence.org/	0.0	0.03314917127071823	0	0	0	0	0	0	0	0	82	0	0.0	3.737142857142857	0.0
146	http://www.wordonfire.org/about/bishop-robert-barron/	0	0.0	0.3	0	0	0.0	0	0	0	0	117	1.5332424173796915	0.15384615384615385	1.6632075471698111	0.17142857142857143
147	http://www.bishopkenny.org/	0.03508771929824561	0.0	0.2608695652173913	0.0	0	0	0	0	0	0.02586206896551724	12	0.25440630797773656	0.4	0.25	0.06976744186046512
148	http://www.bishopcider.com/	0	0.0	0.0	0.2222222222222222	0	0.0	0.0	0	0	0	5	0.8944382815651473	0.4	0.0	0.375
149	http://www.bishopkelley.org/	0	0.17142857142857143	0.0	0.07692307692307693	0	0	0	0	0	0.0	41	0.3333333333333333	0.375	1.6765873015873014	0.46153846153846156
150	http://bishop-ca.schoolloop.com/	0.2857142857142857	0.08108108108108109	0.0	0.0	0	0	0	0	0	0.2857142857142857	22	0	0.25	2.0132177308222325	0.14634146341463414
151	http://www.bishopbrady.edu/	0.25	0.0	0	0	0.0	0	0	0	0	0.25	13	0.35294117647058826	0.4	0.74	0.25
152	http://www.trulia.com/TX/Bishop/	0.047619047619047616	17.996911196911192	0.23076923076923078	0.13953488372093023	0	0	0.0	0	0	0	4	0.0	0.3333333333333333	0.0	0.2608695652173913
153	http://www.bishophill.com/	0	0.0	0.1875	0	0	0.2608695652173913	0	0	0	0	12	0.27424985562383514	0.42857142857142855	0.7814803439803439	0.21818181818181817
154	http://www.youtube.com/user/wordonfirevideo	0.0	0.1935483870967742	0.0	0.1875	0.0	0.0	0	0	0	0.0	11	0.0	0.0	0.0	0.18181818181818182
155	http://www.bmhs.us/	0	0.09045404053660444	0.0	0	0	0	0	0	0	0	8	0.11896551724137931	0.0	0.20689655172413793	0.20689655172413793
156	http://www.catholic.com/tracts/bishop-priest-and-deacon	0	0.0	0.23076923076923078	0.0	0.0	0	0	0	0	0	17	0.854619594372813	0.14285714285714285	0.05	0.13333333333333333
157	http://elvinbishopmusic.com/	0.06896551724137931	0.0	0	0.20689655172413793	0.0	0	0	0	0	0.12949640287769784	3	0.0	0.3	0.0	0.1935483870967742
158	http://www.bishopdubourg.org/	0	0.0	0.0	0	0	0	0	0	0	0	26	0.0	0.35294117647058826	0.8571428571428571	0.23076923076923078
159	http://www.dioceseofjuneau.org/about-the-bishop	0	0.0	0.3157894736842105	0	0	0	0	0	0	0	43	0.8088356261652868	0.17142857142857143	0	0.17647058823529413
160	http://bishopcollective.com/	0.0	0.0	0	0	0	0	0	0	0	0	4	0.0	0.3	0.0	0.35294117647058826
161	http://www.hockeydb.com/ihdb/stats/pdisplay.php?pid=87909	0.05555555555555555	0.0942157885051831	0.6	0	0.0	0.0	0	0	0	0	2	0	0.0	0.0	0.10714285714285714
162	http://www.bishopgorman.net/	0.09375	0.020338983050847456	0	0	0	0	0	0	0	0.0	3	0.0	0.375	0.46153846153846156	0.08571428571428572
163	http://www.youtube.com/watch?v=OpX3XdU-V9o	0.16216216216216217	0.0	0.0	0	0.0	0.0	0	0	0	0.14285714285714285	8	0.16216216216216217	0.0	1.9083333333333332	0.3
164	http://www.youtube.com/watch?v=OpX3XdU-V9o	0.16216216216216217	0.0	0.0	0	0.0	0.0	0	0	0	0.14285714285714285	8	0.16216216216216217	0.0	1.071969696969697	0.3
165	http://www.super8.com/hotels/california/bishop/super-8-bishop/hotel-overview	0	0.06367995205274199	0.42857142857142855	0.5269320843091334	0.16216216216216217	0.0	0.0	0	0	0	51	0.0	0.2	1.89010989010989	0.3
166	http://bishopgorman.org/	0	0.0	0	0	0	0	0	0	0	0	10	0.0	0.375	0.24	0.2
167	http://www.airnav.com/airport/KBIH	0.05286343612334802	0.0	0	0	0.5625	0.0	0	0	0	1.0	21	0.0	0.0	0	0.20689655172413793
168	http://www.fenwick.org/	0.18181818181818182	0.0	0	0.0	0	0	0	0	0	0.1875	8	0	0.0	0.0	0.18181818181818182
169	http://www.bishopcreekresort.com/	0.0	0.16666666666666666	0	0	0	0.3333333333333333	0	0.0	0	0	2	0.13437293373847536	0.2857142857142857	0.24	0.21052631578947367
170	http://fendonsfurniture.com/	0.0	0.0	0	0.0	0.0	0	0.0	0	0	0.008356545961002786	6	0.0	0.0	0.0	0.25
171	http://www.bwc.com/	0.010771992818671455	0.0	0	0	0.0	0	0	0.0	0	0.04918032786885246	22	0.38675734257781946	0.0	0.2608695652173913	0.16216216216216217
172	http://bishop.rochester.k12.mn.us/	0	0.0	1.0	0.0	0	0	0	0	0	0	42	0	0.23076923076923078	0.75	0.16666666666666666
173	http://www.dot.ca.gov/dist9/	0.0	0.0	0	0.0	0	0.0	0	0	0	0.0	84	0.45	0.0	1.0	0.3157894736842105
174	http://www.dot.ca.gov/dist9/	0.0	0.0	0	0.0	0	0.0	0	0	0	0.0	84	0.45	0.0	1.0	0.3157894736842105
175	http://www.bishop-hill.net/	0.0	0.0	0	0.0	0	0	0	0	0	0	151	0.0	0.4	0.0	0.3157894736842105
176	http://www.eustace.org/	0	0.0	0	0.0	0.675392761653919	0	0	0	0	0	15	0.11379280455984195	0.0	0.0	0.15789473684210525
177	http://bishopsevents.com/	0.03870967741935484	0.0	0	0.0	0.0	0.46153846153846156	0.0	0	0	0	4	0.4603708082417367	0.35294117647058826	0.0	0.10526315789473684
178	http://www.bishopludden.org/	0	0.0	0.0	0	0	0	0	0	0	0	17	0.29575862733757474	0.375	0.0	0.2
179	http://www.oakdiocese.org/diocese/bishop	0	0.0	0.10909090909090909	0.21428571428571427	0	0	0.0	0	0	0	272	0.2268694094929475	0.2222222222222222	2.4451610499002547	0.3333333333333333
180	https://www.bishopmanogue.org/	0.04054054054054054	0.3589073969508752	0	0.0	0	0	0	0	0	0	20	0.09692620890720821	0.35294117647058826	0.07792207792207792	0.11764705882352941
181	http://www.ghc.edu/bishop	0	0.0	0.0	0.0	0.0	0	0	0	0	0	23	0.0	0.46153846153846156	0.028169014084507043	0.0
182	http://www.bishopspumpkinfarm.com/	0.07058823529411765	0.08695652173913043	0.0	0	0.0	0	0	0	0	0	8	0.18181818181818182	0.2727272727272727	0.0	0.07058823529411765
183	http://www.bishopplumbing.com/	0.04054054054054054	0.0	0.1276595744680851	0.0	0.3333333333333333	0.0	0	0.0	0	0	15	0.06268057784911718	0.3333333333333333	0.4	0.24
184	http://www.bishopplumbing.com/	0.04054054054054054	0.0	0.1276595744680851	0.0	0.3333333333333333	0.0	0	0.0	0	0	15	0.06268057784911718	0.3333333333333333	0.4	0.24
185	http://www.bishopjordan.com/	0.02666666666666667	0.06741573033707865	0	0	0	0	0	0	0	0.11320754716981132	44	0.10563229084663278	0.375	0.0	0.1016949152542373
186	http://bishoppaiutetribe.com/	0.05333333333333334	0.10714285714285714	0	0	0.0	0.0	0	0	0	0.2033898305084746	11	0	0.2857142857142857	0.25	0.12244897959183673
187	http://www.josephwalker3.org/	0.04285714285714286	0.0	0	0	0.6131410256410257	0.6017857142857143	0	0.0	0	0.06	17	0.2963059532234267	0.0	0.0	0.2222222222222222
189	http://www.rockforddiocese.org/	0.0	0.0	0	0	0	0	0	0	0	0	12	0	0.0	0.12	0.0
190	http://www.poemhunter.com/elizabeth-bishop/biography/	0.05581395348837209	0.14634146341463414	0.375	0.4796238244514106	0	0	0	0	0	0.1839080459770115	49	0.028503562945368172	0.15384615384615385	0.75	0.2033898305084746
191	http://www.poemhunter.com/elizabeth-bishop/	0.06923076923076923	0.36074270557029176	0.375	0.4662756598240469	0.0	0	0	0	0	0.1839080459770115	53	0.14980306535912424	0.2	0.75	0.21818181818181817
192	http://bishopalan.blogspot.com/	0	0.2875	0	0.0	0.0	0	0	0	0	0	624	0	0.2608695652173913	1.3379881553794597	0.5454545454545454
193	http://www.sgaumc.org/bishop	0	0.0	0.2727272727272727	0	0	0.0	0	0	0	0	14	0.0	0.375	0	1.0
194	http://www.sandhurst.catholic.org.au/index.php/bishop/item/379-the-responsibilities-and-role-of-a-bishop	0.0784313725490196	0.0	0	0.1016949152542373	0.375	0	0	0	0	1.0	10	0.13953488372093023	0.1348314606741573	2.545454545454545	0.14634146341463414
195	http://fwdioc.org/bishop-biography	0.14634146341463414	0.0	0	0.15789473684210525	0.0	0	0.10526315789473684	0.3	0	0.2857142857142857	27	0.1965356959381569	0.23076923076923078	0.07563025210084033	0.17142857142857143
196	http://www.bishopnoll.org/	0	0.0	0.0	0	0.15384615384615385	0	0	0	0	0	14	0.15789473684210525	0.42857142857142855	0.0	0.18181818181818182
197	http://www.springer.com/us/book/9780387310732	0.0	0.0	0.0	0.0	0.0	0	0	0.0	0	0	80	0.08680953324838962	0.0	0.3333333333333333	0.08333333333333333
198	http://www.springer.com/computer?SGWID=0-146-0-0-0	0.0	0.0	0.0	0.0	0.0	0	0	0.0	0	0	102	0.0	0.0	0.0	0.0
199	http://www.springer.com/computer/image+processing?SGWID=0-149-0-0-0	0.0	0.0	0.0	0.0	0.0	0	0	0.0	0	0	100	0.0	0.0	0.0	0.0
200	https://bishop.house.gov/about	0.0	0.0	0.0	0.0	0	0	0	0.0	0	0	4	0.15010129405722705	0.2857142857142857	0.0	0.17647058823529413
201	http://bishopsaves.com/	0.0375	0.0	0	1.3	0	0	0	0	0	0.023715415019762844	13	0.1276595744680851	0.4	0.0	0.1
202	http://www.topix.com/city/bishop-ga	0.17142857142857143	1.146341463414634	0.5454545454545454	0	0	0.5454545454545454	0.0	0	0	0	15	0.9844513187886682	0.2727272727272727	1.5454545454545454	0.35294117647058826
203	http://www.topix.com/state/ga	0.0	0.0	0.0	0	0	0.0	0.0	0	0	0	28	0.0	0.0	0.0	0.0
204	http://www.topix.com/county/oconee-ga	0.0	0.0	0.0	0	0	0.0	0.0	0	0	0	28	0.0	0.0	0.0	0.0
205	http://www.math.stonybrook.edu/~bishop/	0	0	0.3	0.0	0	0	0	0	0	0	21	0.0	0.23076923076923078	0	0.2608695652173913
206	http://fringe.wikia.com/wiki/Walter_Bishop	0.06060606060606061	0.2857142857142857	0.46153846153846156	0.46153846153846156	0.0	0.0	0	0	0	0.16981132075471697	80	0.5417789757412399	0.18181818181818182	0.0	0.11538461538461539
207	http://www.inyocounty.us/Airport/	0	0	0.2727272727272727	0.6	0.0	0	0	0	0	0	7	0.05405405405405406	0.0	0	0.2608695652173913
208	http://www.bghs.org/page/Home	0	0.11542333817282135	0	0.0	0.0	0.4134523809523809	0	0	0	0	20	0	0.0	0.06821533923303835	0.0
209	http://www.bishoplawoffice.com/	0.03896103896103896	0.0	0	0.0	0.0	0	0	0	0	0	29	0.0	0.3157894736842105	0.5029411764705882	0.0
210	http://www.bishop-hartley.org/	0	0.3722943722943723	0	0.0	0.0	0	0	0	0	0	5	0	0.3333333333333333	0	0.4
212	http://www.indeed.com/l-Bishop,-CA-jobs.html	0.08450704225352113	0.21428571428571427	0	0.0	0	0	0	0	0	0.25149700598802394	3	0.0	0.1875	6.118165467625898	0.13953488372093023
213	http://dol-in.org/bishop	0	0.0	0.13333333333333333	0	0	0	0	0	0	0	4	0.0	0.375	3.1376660341555977	0.09375
214	http://www.bishopins.com/	0	0.0	0	0	0	0	0	0	0	0	12	0	0.46153846153846156	0.0	0.2608695652173913
215	http://bvhs.org/	0.03377110694183865	0.0	0.17142857142857143	0.0	0.0	0.0	0	0	0	0	5	0.06623117401560516	0.0	0.3	0.23076923076923078
217	http://www.bishopmcdevitt.org/	0	0.13043478260869565	0.0	0.0	0.0	0	0	0	0	0	16	0.01694915254237288	0.3333333333333333	0.0	0.11764705882352941
218	https://www.cathdal.org/	0.0	0.0	0.061855670103092786	0	0.24	0	0	0	0	0.0	20	0.1756084350847319	0.0	0.0	0.0
219	http://wnccumc.org/our-bishop/	0	0.0	0.4	0	0	0.0	0	0	0	0	93	0.11999517099594659	0.2857142857142857	0.0	0.5454545454545454
220	https://bishopsblog.dioceseofcheyenne.org/	0	0.0	0.0	0	0	0	0.0	0	0	0	6	0.4084466697520439	0.18181818181818182	0.0	0.2608695652173913
221	http://bkhs.org/	0.020202020202020204	0.0	0.09375	0.0	0.0	0.0	0.0	0	0	0	7	0.36062065501390816	0.0	0	0.09375
222	http://www.etymonline.com/index.php?term=bishop	0	0.0	0	0	0	0	0	0	0	0	30	0	0.17142857142857143	1.0	0.0
223	http://www.antiochian.org/BishopJohn	0.06976744186046512	0.0	0.35294117647058826	0.0	0	0	0	0	0	0	6	0.29661788337300676	0.25	0.0	0.09836065573770492
224	http://robbishop.house.gov/contact/zipauth.htm	0	0.0	0	0.0	0	0	0	0	0	0	17	0.0	0.16216216216216217	0.0	0.125
225	http://www.dmdiocese.org/bishop-pates.cfm	0.23376623376623376	0.0	0.5	0	0.5	0	0	0	0	0	28	0.5772532188841202	0.20689655172413793	0.5	0.16216216216216217
226	http://www.blm.gov/ca/st/en/fo/bishop/camping/index.html	0.08955223880597014	0.0	0	0	0.0	0.0	0	0	0	0.026200873362445413	13	0.10714285714285714	0.15789473684210525	0.0	0.08823529411764706
227	http://www.shanahan.org/	0	0.1875	0	0.0	0	0	0	0	0	0	9	0.4843043437426279	0.0	0.25	0.17647058823529413
228	http://www.bishopshow.com/	0	0	0	0	0	0	0	0	0	0	0	0	0.42857142857142855	0	0.6
229	http://fenwickfalcons.org/	0.23076923076923078	0.20689655172413793	0	0.0	0	0.13953488372093023	0	0	0	0.23076923076923078	2	0.0	0.0	0	0.46153846153846156
230	http://www.bishop-hoffman.net/	0.10526315789473684	0.2	0	0	0.0	0.2	0	0	0	0	8	0	0.3333333333333333	0.0	0.2
232	http://www.opentable.com/bishops	0.025	0.0	0.75	0	0.9957983193277311	0.9545454545454545	0.0	0.0	0	0	55	0.8051200211671485	0.3	0.5454545454545454	0.1276595744680851
233	http://www.dow.org/bishopquinn	0.18181818181818182	0.3	0.42857142857142855	0.0	0	0	0	0	0	0	2	0.4905503831721668	0.3333333333333333	0.0	0.3
234	http://nob.cs.ucdavis.edu/bishop/	0	0.0	0.5454545454545454	0	0	0	0	0	0	0	15	0.0	0.25	0	0.5454545454545454
235	http://www.bishopmoore.org/	0.04477611940298507	0.0	0.0	0.0	0.0	0.0	0	0	0	0.06382978723404255	46	0.11070768662232078	0.4	0.18181818181818182	0.18181818181818182
236	https://www.bss.on.ca/	0.0	0.0	0	0	0	0.0	0	0.0	0	0	8	0.0	0.0	0.0	0.0
237	http://bishopcoyne.org/	0	0.15	0.0	0.20689655172413793	0	0.20689655172413793	0	0	0	0	6	0.5480234077936657	0.4	0.959873708381171	0.0
238	http://www.bishoppearson.com/	0.0	0	0	0	0	0	0	0	0	0.08	0	0	0.35294117647058826	0	0.2727272727272727
239	http://www.bishoporthodontics.com/	0.0821917808219178	0.0	0	0	0	0	0	0	0	0	15	0.0803594351732991	0.2727272727272727	0.0	0.1
240	http://sanfordbishop.com/	0.0	0.0	0	0	0.3157894736842105	0	0	0	0	0	19	0.15384615384615385	0.35294117647058826	0	0.09230769230769231
241	http://www.bishopchatard.org/	0.057692307692307696	0.0	0	0	0	0	0	0	0	0	27	0.0	0.35294117647058826	0.0	0.23076923076923078
242	http://www.roadsideamerica.com/story/2047	0.0	0.0	0.46153846153846156	0.46153846153846156	0.0	0.0	0	0.0	0	0	2	0.24270115032085832	0.0	0.23076923076923078	0.1875
243	http://www.buffalodiocese.org/bishop-malone	0.06451612903225806	0.0	0.0	0.0	0.0	0	0	0	0	0.12857142857142856	60	0.6278208506640951	0.1935483870967742	0.0	0.1276595744680851
244	http://www.bishopmuseum.org/exhibits/	0	0.0	0.0	0.24	0.0	0.36363636363636365	0	0	0	0	142	0.652537148750429	0.25	0.9851503759398497	0.42857142857142855
245	http://johnshelbyspong.com/	0	0.0	0.0	0	0.0	0.0	0	0	0	0	5	0.2	0.0	0	0.0
246	http://www.daysinn.com/hotels/texas/bishop/days-inn-kingsville-bishop/hotel-overview	0	0.01791044776119403	0.23076923076923078	0.23076923076923078	0.25	0.0	0.0	0	0	0	54	0.0	0.17647058823529413	1.6923076923076923	0.23076923076923078
247	http://www.bfw.cdeducation.org/	0.03225806451612903	0.2857142857142857	0	1.7142857142857142	0.2857142857142857	0.0	0.04285714285714286	0.0	0	0.0449438202247191	20	0.09836484414920796	0.0	0.0	0.08450704225352113
248	http://bishopwalsh.org/	0	0.1509433962264151	0.0	0.17142857142857143	0.25	0.13636363636363635	0	0	0	0	16	0.25197180523254437	0.4	0.5380116959064327	0.3157894736842105
249	http://www.bishopboutique.com/	0	0.0	0	0	0	0	0	0	0	0	1	0	0.3333333333333333	0	0.2222222222222222
250	http://www.bishopg.ac.uk/	0	0.0	0	0	0	0	0	0	0	0	12	0.3901753446771342	0.46153846153846156	0.02843601895734597	0.09375
251	http://www.dor.org/index.cfm/bishop-clark/	0	0.0	0	0.5	0	0.0	0	0	0	0	1	0	0.21428571428571427	0.9325637678034853	0.17142857142857143
252	https://kingbishop.com/	0.07947019867549669	0.0	0.8571428571428571	0	0	0	0	0	0	0	13	0.04054054054054054	0.42857142857142855	0.0	0.21428571428571427
253	http://www.yellowpages.com/bishop-ca	0.09302325581395349	2.588054153497806	0.3333333333333333	0.0	0.21428571428571427	0.2727272727272727	0	0	0	0	16	0.0	0.25	0.7726860254083484	0.3157894736842105
254	http://www.northtexasumc.org/Bishop-McKee/	0.04195804195804196	1.0431654676258992	0.14285714285714285	0.4	0.0	0	0	0	0	0	56	0.017391304347826087	0.20689655172413793	0.7948717948717949	0.06741573033707865
255	http://www.unyumc.org/about/bishop	0	0.0	0.3157894736842105	0.0	0.0	0	0	0	0	0	137	0.32818984280325647	0.2857142857142857	0	0.13333333333333333
256	http://www.galvestonhistory.org/attractions/architectural-heritage/bishops-palace	0.0	0.0	0.5454545454545454	0.0	1.0	0	0	0	0	0	196	0.2884097694364357	0.08955223880597014	0.23076923076923078	0.5454545454545454
257	http://www.bishopwatterson.com/	0	0.09836065573770492	0	0.0	0.0	0.0	0.0	0	0	0	8	0.0	0.3157894736842105	0	0.1276595744680851
258	https://www.bk.org/	0	0.0	0	0.07228915662650602	0.0	0	0.0	0	0	0	24	0.3333333333333333	0.0	0.0	0.06741573033707865
259	https://www.bk.org/	0	0.0	0	0.07228915662650602	0.0	0	0.0	0	0	0	24	0.3333333333333333	0.0	0.0	0.06741573033707865
260	http://www.bishophill.com/cal.php	0	0.0	0.2222222222222222	0	0	0.0	0	0	0	0	4	0.2244343891402715	0.2857142857142857	0.0	0.15
261	http://www.bishopartsdistrict.com/home	0.047244094488188976	0.0	0	0.06580188679245283	0	0	0	0	0	0.11162790697674418	7	0.0	0.23076923076923078	0	0.2222222222222222
262	http://bishopelectronics.com/	0	0.0	0.0	0.0	0	0	0	0	0	0.027149321266968326	1	0.12573522135469775	0.2857142857142857	0.0	0.24
263	http://www.zillow.com/bishop-ga/	0.039473684210526314	0.00881057268722467	0.2857142857142857	0	0	0.3333333333333333	0.0	0.0	0	0	102	0.0	0.3157894736842105	12.522897935397934	0.21818181818181817
264	http://bishopauto.com/	0.038461538461538464	0.0	0.2222222222222222	0.0	1.152327935222672	0.24	0.0	0	0	0	9	0.4322981366459627	0.42857142857142855	2.0	0.13793103448275862
265	http://bishopkevinfarrell.org/	0.0	0.11320754716981132	0	0.1411764705882353	0.0	0.8008695652173914	0	0	0	0	25	0.4228318380360583	0.2727272727272727	2.0869565217391304	0.08
266	http://bishopcreek.org/	0.0	0.0	0	0.0	0.0	0	0	0	0	0	4	0.22385180487289255	0.4	0.0	0.20689655172413793
267	http://bishopallen.com/	0	0.2608695652173913	0	0	0	0	0.0	0	0	0	34	0.11009174311926606	0.4	0.0	0.5
268	http://bishopcountryclub.com/	0	0.0	0.631578947368421	0.0	0.0	0	0	0	0	0	4	0.0	0.2857142857142857	0.0	0.08955223880597014
269	http://bishopcountryclub.com/	0	0.0	0.631578947368421	0.0	0.0	0	0	0	0	0	4	0.0	0.2857142857142857	0.0	0.08955223880597014
271	http://www.okumc.org/bishop	0	0.05150214592274678	0	0	0	0	0	0	0	0.0	32	0.08823529411764706	0.4	0.0	0.4
272	http://www.oxygen.com/people/bishop-corletta-vaughn	0.012396694214876033	0.0	0.2727272727272727	0.2727272727272727	0.0	0.0	0	0	0	0	26	0.026481201257129557	0.15789473684210525	0.974025974025974	0.13333333333333333
273	http://www.bishoplyons.com/	0	0	0	0	0	0	0	0	0	0	0	0	0.4	0	0.5454545454545454
274	http://www.thefinertimes.com/Middle-Ages/bishops-in-the-middle-ages.html	0.021897810218978103	0.0	0.1875	0	0.0	0.0	0	0	0	0	3	0.4082653923139764	0.1016949152542373	0.0	0.15
275	http://www.cityofbryant.com/index.aspx?NID=890	0.0	0.0	0.0	0	0.0	0	0	0	0	0	11	0.0	0.0	0.3175033921302578	0.0
276	http://nicbishop.com/	0	0.0	0	0	0	0	0	0	0	0	0	1.3578947368421053	0.46153846153846156	0	0.0
277	http://www.lightsource.com/ministry/the-potters-house/	0.08275862068965517	0.22012560625601904	0.0	0.2608695652173913	0.0	0.2	0	0	0	0.0273972602739726	102	0.0	0.0	0.0	0.11764705882352941
278	http://www.bishopwalkerschool.org/	0.0	0.0	0	0	0	0	0	0	0	0.045454545454545456	5	0	0.2727272727272727	0.0	0.15584415584415584
279	http://www.dolr.org/bishop	0	0.0	0.3	0.0	0.0	0	0	0	0	0	33	0.22137894954284995	0.42857142857142855	0.3271449620310552	0.1935483870967742
281	http://www.bishopair.com/	0	0.16666666666666666	0.0	0.0	0.0	0	0	0	0	0	7	0.1770513164613078	0.46153846153846156	0.0	0.1111111111111111
282	http://www.amazingpregnancy.com/pregnancy-articles/173-html.html	0.09523809523809523	0.0	0	0.375	0.0	0	0	0	0	0	29	1.8977083204386802	0.0	0.0	0.375
283	http://www.bishopplumbing247.com/	0.0	0.0	0.0	0	0	0	0	0	0	0	5	0.4333028919330289	0.2857142857142857	0.0	0.16666666666666666
284	http://www.lysibishop.com/	0	0.0	0.0	0	0	0	0	0	0	0	5	0.0	0.42857142857142855	2.0	0.10909090909090909
285	http://www.baseball-reference.com/players/b/bishoma01.shtml	0.0	0.0	0	0.0	0.0	0	0	0	0	0	40	0.0	0.0	0.7818181818181817	0.1016949152542373
286	http://www.baseball-reference.com/players/b/	0	0.0	0	0.0	0	0	0	0	0	0	17	0	0.0	0.0	0.0
287	http://marvel.wikia.com/wiki/Katherine_Bishop_(Earth-616)	0.061224489795918366	0.0	0.21428571428571427	0.0	0.0	0	0	0	0	0.10344827586206896	80	1.064563983488132	0.125	0.0	0.08333333333333333
288	http://bishopangaelos.org/	0	0.6460117428771188	0	0.0	0	0	0	0	0	0	12	0.0	0.3333333333333333	0.6728110599078341	0.3157894736842105
289	http://www.paulsmorton.org/	0.08571428571428572	0.2738095238095238	0	0.17142857142857143	0	0	0	0	0	0	15	1.1096594559862925	0.0	0.0	0.2857142857142857
290	http://madisondiocese.org/	0	0.0	0	0	0	0	0	0	0	0	5	0.0	0.0	0.46153846153846156	0.0
291	http://ncis.wikia.com/wiki/Eleanor_Bishop	0.05660377358490566	0.42857142857142855	0.42857142857142855	0.0	0.0	0	0	0	0	0.03	50	0.9295644619863384	0.1875	0.0	0.10714285714285714
292	http://www.bishopspizza.co/	0	0.0	0	0	0	0	0	0	0	0	2	0	0.4	1.2203504043126685	0.0
293	http://www.galveston.com/bishopspalace/	0.047619047619047616	0.0	0	0	0	0	0	0	0	0	18	0.25809435707678074	0.23076923076923078	1.7000000000000002	0.15
294	http://www.thediocese.net/	0.0	0.0	0.0	0	0	0	0	0	0	0.0	10	0.0	0.0	1.3257142857142856	0.0
295	http://www.antiochian.org/BishopAlexander	0.052941176470588235	0.0	0.2727272727272727	0.0	0	0	0	0	0	0	4	0.0950931291470519	0.20689655172413793	0.13793103448275862	0.09090909090909091
296	http://www.sarahbishop.org/	0.0	0.056074766355140186	0.0	0.0	0	0.0	0	0	0	0	11	0.0	0.4	0.0	0.09230769230769231
297	https://twitter.com/BishopEdinburgh	0.07563025210084033	0.0	0.0	0.2222222222222222	0.09836065573770492	0.0	0	0	0	0	21	0.9445887445887446	0.23076923076923078	1.5282787661859143	0.2608695652173913
298	http://sierratroutmagnet.com/	0.041379310344827586	0.2	0.0	0.0	0.0	0.0	0	0	0	0	4	0.13613479992067004	0.0	0.15	0.1
299	http://willardbishop.com/	0	0.4885402889621805	0.0	0.42857142857142855	0.0	0	0	0	0	0	7	0.7037883882386969	0.35294117647058826	0.0	0.2857142857142857
300	https://twitter.com/mandibpro	0.028985507246376812	0.0	0.0	0.0	0.10714285714285714	0.0	0	0	0	0	30	0.9332759932515134	0.0	0.0	0.17142857142857143
301	http://www.bishopramseyschool.org/	0	0.0	0.0	0.8571428571428571	0.23076923076923078	0	0	0	0	0	26	0.5447361411193654	0.2727272727272727	1.485068399011523	0.2
302	http://www.bishopleblond.com/	0.05405405405405406	0.0	0	0	0	0	0	0	0	0	17	0.0	0.35294117647058826	0.29818496110630943	0.4
303	http://www.bishopservices.com/	0	0.0	0	0	0	0	0	0	0	0	0	0	0.3333333333333333	0.5465838509316769	0.3
304	http://www.bishopranch.com/about/	0	0.0	0.3333333333333333	0.375	0	0	0	0	0	0	70	0.6286515438950293	0.3	0.3333333333333333	0.36363636363636365
305	http://cal-catholic.com/?p=25648	0	0.0	0.07692307692307693	0	0.0	0.0	0	0	0	0	90	0.8036684752833039	0.0	0.0	0.07692307692307693
306	https://commons.wikimedia.org/wiki/Category:John_Bishop	0	0.0	0.3	0.1935483870967742	0.0	0	0	0	0	0	7	0.0	0.13636363636363635	0.0	0.15
307	https://form.jotform.com/62703979478271	0	0.0	0.10526315789473684	0	0	0	0	0	0	0	0	0.016666666666666666	0.0	0.0	0.20689655172413793
308	http://palmspringseventstaff.com/590-essays-bishop-spong	0	0.0	0.3157894736842105	0.0	0.0	0	0	0	0	0	21	0.0	0.125	0.3157894736842105	0.3157894736842105
309	https://commons.wikimedia.org/wiki/Category:Scott_Bishop	0	0.0	0.2857142857142857	0.1875	0.0	0	0	0	0	0	6	0.0	0.13333333333333333	0.0	0.14634146341463414
310	http://palmspringseventstaff.com/590-essays-bishop-spong	0	0.0	0.3157894736842105	0.0	0.0	0	0	0	0	0	21	0.0	0.125	0.3157894736842105	0.3157894736842105
311	http://iiier.click/cbzeo	0	0.0	0.4	0	0	0	0	0	0	0	11	0	0.0	0.0	0.4
312	http://deafsportsaccess.caylanmcmullan.com/essays-sponge-219-bishop	0	0.0	0	0	0	0	0	0	0	0	16	0.0	0.1016949152542373	0.3	0.3
313	http://www.danerimortuary.com/home/index.cfm?action=public%3Aobituaries.view&o_id=3902745&fh_id=12575	0.06741573033707865	0.2857142857142857	0.1016949152542373	0	0	0	0	0	0	0.08695652173913043	7	0.015915119363395226	0.0	0.0	0.1276595744680851
314	http://skmgu.click/tbluteq	0	0.0	0.1935483870967742	0	0	0	0	0	0	0	9	0	0.0	0.0	0.1935483870967742
315	http://lhked.click/kbfdefh	0	0.0	0.3	0	0	0	0	0	0	0	9	0	0.0	0.0	0.3
317	http://www.lantzfh.com/obits/obituary.php?id=620741	0	0.0	0	0	0	0	0	0	0	0.0	1	0.0	0.0	0.0	0.13953488372093023
318	http://rzrib.click/gekt	0	0	0.0	0	0	0	0	0	0	0	17	0.0	0.0	0.0	0.35294117647058826
319	http://www.lantzfh.com/obits/obituary.php?id=620741	0	0.0	0	0	0	0	0	0	0	0.0	1	0.0	0.0	0.0	0.13953488372093023
320	http://rzrib.click/gekt	0	0	0.0	0	0	0	0	0	0	0	17	0.0	0.0	0.0	0.35294117647058826
321	https://www.periscope.tv/bishopbrown3	0	0.9230769230769231	0	0	0	0	0	0	0	0	3	0.0	0.25	0.3	0.0
322	https://www.periscope.tv/bishopbrown3	0	0.9230769230769231	0	0	0	0	0	0	0	0	3	0.0	0.25	0.3	0.0
323	http://www.pixgram.me/tag/bishopspca	0.17647058823529413	0.0	0	0	0	0	0	0	0	0.6	0	0.17142857142857143	0.2608695652173913	2.5	0.6
324	http://www.lwluk.com/twitnow?q=from%3AJeffBishop	0.0	6.430767327498223	0	0	0	0	0	0	0	0	4	0	0.16666666666666666	0.0	0.0
325	http://www.lwluk.com/twitnow?q=from%3AJeffBishop	0.0	6.430767327498223	0	0	0	0	0	0	0	0	4	0	0.16666666666666666	0.0	0.0
326	http://gvr.forevergreater.net/IGO	0	0.0	0	0.452991452991453	0	0	0	0	0	0	9	0.0	0.0	0.2222222222222222	0.23076923076923078
327	http://5ogfq.snipvault.com/YQ	0	0	0	0	0	0	0	0	0	0	1	0.0	0.0	0	0.0
328	http://gvr.forevergreater.net/IGO	0	0.0	0	0.452991452991453	0	0	0	0	0	0	9	0.0	0.0	0.2222222222222222	0.23076923076923078
329	http://5ogfq.snipvault.com/YQ	0	0	0	0	0	0	0	0	0	0	1	0.0	0.0	0	0.0
330	http://www.thenews-messenger.com/story/sports/high-school/2016/09/30/football-clyde-rolls-oak-harbor/91356878/	0	0.0	0.0	0	0	0.0	0	0.0	0	0	31	0.0	0.0	0.0	0.0
331	http://0bt7k.unternehmerwelten.com/3nv	0	0	0	0	0	0	0	0	0	0	2	0.0	0.0	0	0.0
332	http://d5ad.isavedabundle.com/Rdk	0	0.0	0.0	0	0	0	0	0	0	0	9	0	0.0	0.0	0.0
333	http://9l3zg.mpri2u.com/pDW	0.0	0.0	0.16666666666666666	0.0	0	0	0	0	0	0.0	14	0.0	0.0	0.0	0.2
334	http://www.somersetheritage.org.uk/record/11482	0	0.0	0.0	0.0	0.0	0	0.0	0.0	0	0	4	0.0	0.0	0.0	0.0
335	http://www.elizabeth.bishop.wrinkles.skin-fan.online/elizabeth-bishop-wrinkles.html	0	0.0	0.0	0.0	0.0	0.0	0	0	0	0	55	0.0	0.16901408450704225	0.0	0.0
336	http://2o9nw.taneeshshop.com/dIT	0	0.0	0	0	0	0	0	0	0	0	6	0	0.0	0.24	0.2857142857142857
337	http://psoriasis-dig.trade/psoriasistreatment/medicine-to-psoriasis	0	0.0	0.0	0	0	0	0	0	0	0	15	0.0	0.0	0.0	0.0
338	http://psoriasis-dig.trade/psoriasistreatment/medicine-to-psoriasis	0	0.0	0.0	0	0	0	0	0	0	0	15	0.0	0.0	0.0	0.0
339	http://hxqne.click/sbjkhnn	0	0.0	0.0	0	0	0	0	0	0	0	10	0	0.0	0.0	0.0
340	http://wcx.wiltonhindumandir.org/QhH	0	0.0	0	0	0	0	0	0	0	0	8	0	0.0	0.0	0.0
341	http://qbb0.bhagavatulas.com/zy9	0	0	0	0	0	0	0	0	0	0	7	0.0	0.0	0.0	0.0
