index	url	description	div	h1	h2	h3	h4	h5	h6	inbound_links	keywords	outbound_links	p	root	span	title
1	http://www.brentwoodca.gov/	0	0.1836734693877551	0	0.15	0	0	0	0	0	0	0	0.0	0.6	0.42857142857142855	0.32142857142857145
2	https://en.wikipedia.org/wiki/Brentwood,_Essex	0	0.0	0.5625	0.0	0.0	0	0	0	0	0	86	2.881025203316021	0.25	3.7954306722689077	0.17647058823529413
3	https://en.wikipedia.org/wiki/Brentwood,_Los_Angeles	0	0.42857142857142855	0.4090909090909091	0.0	0.0	0	0	0	0	0	71	2.3558757489672004	0.21428571428571427	2.666666666666667	0.15789473684210525
4	http://www.brentwood.com/	0	0.0	0	0.0	0.45	0	0	0	0	0	0	0.3103448275862069	0.6923076923076923	0.0	0.3333333333333333
5	https://www.brentwoodhome.com/	0.06923076923076923	0.05421686746987952	0	0.0	0.0	0	0	0	0	0	7	0.047619047619047616	0.5294117647058824	0.5549999999999999	0.45
6	https://brentwood-tn.org/	0	0.675	0	0	0	0	0	0	0	0	4	0	0.5625	0.0	0.32142857142857145
7	http://www.brentwoodmo.org/	0.0	0.25285997725495857	0.0	0	0.0	0	0	0	0	0	8	0.0	0.6	0.0	0.24324324324324326
8	http://www.brentwoodnh.gov/	0.024	0.02406417112299465	0.5	0.0	0.45	0.0	0	0	0	0.24324324324324326	6	0.1828589108910891	0.6	0.47368421052631576	0.16666666666666666
9	http://brentwoodboro.com/	0.017892644135188866	0.0	0	0	0.0	0	0	0	0	0.2727272727272727	9	0.5016991347222893	0.5294117647058824	0.13432835820895522	0.20454545454545456
10	http://www.brentwood.k12.ny.us/	0	0.20689655172413793	0.25	0	0	0	0	0	0	0	51	0	0.47368421052631576	0.8127155087568271	0.25
11	http://www.brentwoodindustries.com/	0.0743801652892562	0.0	0.0	0	0.0	0.0	0	0	0	0.0	1	0.43535262206148284	0.391304347826087	0.73125	0.19148936170212766
12	http://www.brentwoodjackson.com/	0	0.0	0.11688311688311688	0	0	0	0	0	0	0	1	0.0	0.45	0.0	0.3495331069609508
13	http://www.bwscampus.com/	0.391304347826087	0.0	0	0.375	0	0	0	0	0	0.5625	7	0.0	0.0	0.0	0.391304347826087
14	http://brentwoodschool.org/	0	0	0	0	0	0	0	0	0	0	0	0.0	0.47368421052631576	0.0	0.5625
15	http://www.thebrentwoodrestaurant.com/low_country_french_cuisine/	0	0.0	0	0	0.0	0	0	0	0	0	36	0.0	0.17307692307692307	0.0	0.34615384615384615
16	http://www.zillow.com/brentwood-los-angeles-ca/	0.05421686746987952	0.025497029559941493	0.2727272727272727	0	0	1.2935599869238312	0.0	0.0	0	0	115	0.0	0.2647058823529412	1.141656662665066	0.2571428571428571
17	http://harvest4you.com/	0.4090909090909091	0.0	0.4090909090909091	0.0	0	0	0.2	0	0	0	5	0.551948051948052	0.0	0.04986149584487535	0.3829787234042553
18	https://www.brentwoodbank.com/	0	1.049025974025974	0.0	0.0	0	0	0	0	0	0	2	0	0.5294117647058824	0.0	0.6428571428571429
19	http://brentwoodbehavioral.com/	0	0.0728744939271255	0	0.6428571428571429	0.0	0	0	0	0	0	0	0.23931606217616577	0.391304347826087	0.375	0.7714285714285715
20	http://brentwood.org/	0	0	0	0	0	0	0	0	0	0	0	0	0.6923076923076923	0	0.3333333333333333
21	http://brentwoodchurch.org/	0	0.0	0	0.0	0	0.0	0	0	0	0.1875	6	0.16666666666666666	0.47368421052631576	0.34615384615384615	0.6
22	http://brentwoodbehavioral.com/contact-us/careers/	0	0.0728744939271255	0	0.0	0.0	0	0	0	0	0	40	0.10112359550561797	0.225	0.375	0.6428571428571429
23	http://maps.latimes.com/neighborhoods/neighborhood/brentwood/	0.041666666666666664	0.14285714285714285	1.0	1.0	0	0.0	0	0	0	0.04591836734693878	156	0.0	0.18	0.0	0.17307692307692307
24	http://brentwoodbaptist.org/	0	0.310427807486631	0.0	0.0	0.0	0.0	0	0	0	0	22	0.9011946650873282	0.45	0.6407563025210085	0.21428571428571427
25	http://www.brentwoodcorp.com/	0	0.0	0.0	0	0.0	0	0	0	0	0	0	0.030612244897959183	0.5294117647058824	0	0.6
26	http://www.brentwoodhcc.com/	0.05625	0	0	0	0	0	0	0	0	0	0	0	0.5625	0	0.1956521739130435
27	http://www.brentwoodca.gov/about/default.asp	0	0.1836734693877551	0.0	0.15	0	0	0	0	0	0	4	0.0	0.2903225806451613	0.42857142857142855	0.3103448275862069
28	http://www.zillow.com/brentwood-tn/	0.05732484076433121	0.026355731632023052	0.375	0	0	0.42857142857142855	0.0	0.0	0	0	102	0.0	0.4090909090909091	35.44992420448282	0.29508196721311475
29	http://www.realtor.com/realestateandhomes-search/Brentwood_CA	0.0	0.0	0	0.0	0	0	0	0	0	0	92	0.0	0.1875	0.0	0.0
30	http://www.realtor.com/realestateandhomes-search/California	0.0	0.0	0	0.0	0	0	0	0	0	0	92	0.0	0.0	0.0	0.0
31	http://www.trulia.com/CA/Brentwood/	0.06923076923076923	15.467035907995909	0.3103448275862069	0.1956521739130435	0	0	0.0	0	0	0	4	0.0	0.42857142857142855	0.0	0.34615384615384615
32	http://www.sarasotacountyschools.net/schools/brentwood/	0.0	0.0	0.0	0	0	0.0	0.0	0	0	0	36	0.0	0.21951219512195122	0.0	0.17647058823529413
33	http://www.brentwoodstpete.com/	0.05921052631578947	0.0	0.0	0.25	0	0.8571428571428571	0	0	0	0	12	0.11216693781791903	0.47368421052631576	0.0	0.15517241379310345
34	http://www.brentwoodgc.com/	0.05806451612903226	0.0	0	0.0	0.0	0	0	0	0	0	3	0.4771457778102296	0.6	0	0.45
35	http://bems-ecsd-fl.schoolloop.com/	0	0.12857142857142856	0	0.0	0	0	0	0	0	0	28	0.14285714285714285	0.0	1.0365169356794481	0.11688311688311688
36	http://www.brentwoodchristian.org/	0.0	0.0	0	0.0	0.0	0	0	0	0	0.0	16	0.140625	0.4090909090909091	0.09375	0.3
37	http://www.realtor.com/realestateandhomes-search/Brentwood_TN	0.0	0.0	0	0.0	0	0	0	0	0	0	92	0.0	0.1875	0.0	0.0
38	http://www.realtor.com/realestateandhomes-search/Tennessee	0.0	0.0	0	0.0	0	0	0	0	0	0	92	0.0	0.0	0.0	0.0
39	http://brentwood.greeleyschools.org/	0	0.0	0.0	0	0	0	0	0	0	0	29	0.39150272324683405	0.32142857142857145	0.5765765765765766	0.20454545454545456
40	http://www.whereis.com/wa/brentwood-6153	0.09090909090909091	0.0	0.36	0.961304347826087	0.75	0	0	0	0	0.39622641509433965	10	0.0	0.3333333333333333	1.0	0.2571428571428571
41	http://www.whereis.com/wa	0.0	0.0	0.0	0.0	0.0	0	0	0	0	0.0	10	0.0	0.0	0.0	0.0
42	http://www.brentwoodindustries.com/segments/water/	0.075	0.0	0.0	1.0	0.21428571428571427	0.0	0	0	0	0.0	6	0.9122336318568876	0.25	0.73125	0.14285714285714285
43	http://www.brentwood.bc.ca/	0.0	0.0	0.375	1.009090909090909	0.0	0	0	0	0	0.0	38	0.8495277450809263	0.6	0.6428571428571429	0.34615384615384615
44	http://www.brentwoodacademy.com/	0.1111111111111111	0.08035714285714286	0.0	0	0.0	0	0	0	0	0.0	8	0.47163272862656214	0.45	0.024725274725274724	0.14285714285714285
45	http://brentwoodanimalhospitalwi.com/	0.04265402843601896	0.0	0.25	0.0	0	0.0	0	0	0	0	8	0.13153395212506108	0.3103448275862069	1.0	0.125
47	https://www.trulia.com/CA/Brentwood/	0.06923076923076923	15.467035907995909	0.3103448275862069	0.1956521739130435	0	0	0.0	0	0	0	4	0.0	0.42857142857142855	0.0	0.34615384615384615
48	http://www.everythingbrentwood.com/	0.1005586592178771	0.0	0	0	0.14285714285714285	0	0	0	0	0.3103448275862069	42	1.018821228613863	0.391304347826087	0	0.45
49	http://brentwoodbaptist.com/	0.1267605633802817	0.0	0	0	0.0	0	0	0	0	0	32	0.12161055505004549	0.45	1.0	1.002857142857143
50	http://www.liu.edu/brentwood/	0.043689320388349516	0.0	0	0.3333333333333333	0.0	0	0	0	0	0.1	7	0.0	0.5625	0.1323529411764706	0.23076923076923078
51	http://www.brentwoodrestaurant.com/	0.06	0.0	0.0	0	0.0	0	0	0	0	0.10227272727272728	4	0.07627118644067797	0.391304347826087	0	0.42857142857142855
52	http://brentwood.ccsd59.org/	0.0	0.0	0	0.0	0.0	0	0	0	0	0	116	0.0	0.45	0.0	0.3333333333333333
53	http://www.brentwoodhomepage.com/	0.08108108108108109	0.18	0.0	0.0	0.0	0.0	0	0	0	0	21	0.29431840418062316	0.42857142857142855	0.22307692307692306	0.34615384615384615
54	http://www.brentwoodforeranch.com/	0.056962025316455694	0.0	0.0	0.25	0	0.782608695652174	0	0	0	0	6	0.11205247455247455	0.4090909090909091	0.0	0.17307692307692307
55	http://www.homes.com/for-sale/brentwood-ca/	0.10505836575875487	1.0222845712762956	0.2903225806451613	0.0	0.47368421052631576	0	0	0	0	0.09782608695652174	7	0.0	0.3103448275862069	15.0	0.551948051948052
56	http://www.explorebrentwood.com/	0	0.8260943931291792	0	1.2599697338127636	0.0	0	0	0	0	0	12	1.4797846311773069	0.45	0.42857142857142855	0.3
57	http://regatta.brentwood.bc.ca/	0	0.0	0.5294117647058824	0	0.3103448275862069	0	0	0	0	0	9	0.0	0.391304347826087	0.32142857142857145	0.34615384615384615
58	http://www.apartmentguide.com/apartments/Tennessee/Brentwood/	0.046875	0.0	0	0.6923076923076923	2.1446961152882205	0.0	0.0	0	0	0	18	0.06948051948051948	0.1956521739130435	11.319743323826806	0.18
59	http://www.apartmentguide.com/apartments/Tennessee/	0.0	0.0	0.0	0.0	0.0	0.0	0.0	0	0	0	17	0.0	0.0	0.0	0.0
60	https://www.redfin.com/city/2112/CA/Brentwood	0.13333333333333333	17.160189810189813	0.42857142857142855	1.5569892473118279	0.0	0	0	0	0	0	18	0	0.3103448275862069	13.045288876554118	0.34615384615384615
61	https://www.redfin.com/states/CA	0.0	0.0	0.0	0	0.0	0	0	0	0	0	84	0.0	0.0	0.0	0.0
62	https://www.redfin.com/county/309/CA/Contra-Costa-County	0.0	2.0	0.0	0.0	0.0	0	0	0	0	0	17	0	0.0	0.0	0.0
63	http://www.brentwoodmoschools.org/	0	0.08534539175812769	0.0	0	0	0	0	0	0	0	8	0.03765690376569038	0.4090909090909091	1.8211257763975155	0.36
64	https://www.tripadvisor.co.uk/Attractions-g503773-Activities-Brentwood_Essex_England.html	0.08823529411764706	7.358108108108106	0.6333333333333333	0.3	0	0	0	0	0	0.16917293233082706	3	0.0	0.11842105263157894	2.656498673740053	0.16363636363636364
65	https://www.tripadvisor.co.uk/Tourism-g186217-England-Vacations.html	0.0	0.0	0.0	0	0.0	0.0	0	0	0	0.0	3	0.0	0.0	0.0	0.0
66	https://www.tripadvisor.co.uk/Tourism-g186278-Essex_England-Vacations.html	0.0	0.0	0.0	0	0.0	0	0	0	0	0.0	4	0.0	0.0	0.0	0.0
67	https://www.tripadvisor.co.uk/Tourism-g503773-Brentwood_Essex_England-Vacations.html	0.19424460431654678	0.8653225806451612	1.5	0	0.7910847757671124	0	0	0	0	0.1974921630094044	4	0.0	0.1267605633802817	1.656498673740053	0.28125
68	http://www.brentwoodrotary.org/	0.033707865168539325	0.0	0	0.1836734693877551	0.0	0	0	0	0	0.27835051546391754	12	0	0.47368421052631576	0.0	0.3
69	http://www.brentwoodus.com/	0	0.0	0.2903225806451613	0	0	0.0	0	0	0	0	0	0.0	0.6	0.0	0.45
70	http://www.brentwood.bc.ca/admissions/	0	0.0	0.0	0.0	0	0	0	0	0	0	35	0.03180212014134275	0.36	0.42731092436974794	0.34615384615384615
71	http://www.longisland.com/brentwood/	0.024509803921568627	0.0	0.42857142857142855	0	0.3103448275862069	1.2617382617382618	0.75	0	0	0.024509803921568627	314	0.5588358117425652	0.391304347826087	0.0	0.4
72	http://www.apartments.com/brentwood-tn/	0.05357142857142857	10.371182764603814	0.3103448275862069	0.23684210526315788	0.0	0.0	0.0	0	0	0.13846153846153847	94	0.054	0.34615384615384615	0.0	0.16666666666666666
73	http://www.greatschools.org/tennessee/brentwood/schools/	0.13043478260869565	5.8053708710538	0.14285714285714285	0	0	0	0	0	0	0	173	0.0	0.21951219512195122	1.0	0.3333333333333333
74	http://www.greatschools.org/tennessee/	0.0	0.0	0	0.0	0	0	0	0	0	0.0	8	0.0	0.0	0.0	0.0
75	http://www.greatschools.org/tennessee/brentwood/	0.125	3.391304347826087	0.5294117647058824	0.0	0.0	0.0	0	0	0	0.3684210526315789	17	0.0	0.2647058823529412	3.0	0.24
76	http://www.wcs.edu/bhs/	0	0.10975609756097561	0	0.0	0	0.0	0	0	0	0	74	0.42857142857142855	0.0	0.3333333333333333	0.4090909090909091
77	http://www.brentwood.com/our-portfolio/	0	0.0	0	0.0	0.45	0	0	0	0	0	35	0.9537047062504544	0.34615384615384615	0.0	0.25
78	http://losangeles.about.com/od/neighborhoods/a/brentwood.htm	0	0.3354037267080745	0.2903225806451613	0	2.198082768295534	0	0.0	0	0	0	62	0.5691879817558316	0.1836734693877551	0.4206521739130435	0.2
79	http://losangeles.about.com/od/neighborhoods/	0	0.0	0.0	0	0	0	0.0	0	0	0	92	0.0	0.0	0.0	0.0
80	http://www.brentwoodmeadows.com/	0.058823529411764705	0.0	0.0	0.18090452261306533	0.10843373493975904	0	0	0	0	0	3	0.21131842773831142	0.45	0.5294117647058824	0.0
81	http://www.greatschools.org/tennessee/brentwood/	0.125	3.391304347826087	0.5294117647058824	0.0	0.0	0.0	0	0	0	0.3684210526315789	17	0.0	0.2647058823529412	3.0	0.24
82	http://www.greatschools.org/tennessee/	0.0	0.0	0	0.0	0	0	0	0	0	0.0	8	0.0	0.0	0.0	0.0
83	http://skye-sa.co.za/our-brands/brentwood/	0	0.0	0	0	1.0	0	0	0	0	0	63	0.0759493670886076	0.28125	0	0.28125
84	https://www.redfin.com/neighborhood/258/CA/Los-Angeles/Brentwood	0.13333333333333333	44.71623376623376	0.42857142857142855	2.0306734578381436	0.0	0	0	0	0	0	20	0.28125	0.19148936170212766	10.931454785574404	0.2571428571428571
85	https://www.redfin.com/states/CA	0.0	0.0	0.0	0	0.0	0	0	0	0	0	84	0.0	0.0	0.0	0.0
86	https://www.redfin.com/city/11203/CA/Los-Angeles	0.0	0.0	0.0	0.0	0.0	0	0	0	0	0	20	0.0	0.0	0.0	0.0
87	http://www.brentwoodmo.org/index.aspx?NID=12	0.0	0.0	0.0	0	0.0	0	0	0	0	0	4	0.0	0.28125	0.391304347826087	0.20454545454545456
88	http://brentwood.lib.mo.us/	0	0.0	0.0	0.1875	0	0	0	0	0	0	24	0.39999999999999997	0.47368421052631576	0.0	0.2903225806451613
89	http://www.thebrentwoodapts.com/	0	0.0	0	0	0.25	0.0	0	0	0	0.07627118644067797	8	0.06218184232659023	0.45	0.42857142857142855	0.125
90	http://brentwoodnursingandrehab.iapplicants.com/	0	0.0	0.24324324324324326	0	0	0	0	0	0	0	3	0	0.225	0.0	0.2535211267605634
91	http://www.brentwood.k12.ny.us/HTMLpages/Departments/Guidance/news.html	0	0.010638297872340425	0	0	0	0	0	0	0	0	29	0	0.16071428571428573	0.0	0.3103448275862069
92	https://www.hotels.com/de1439786/hotels-brentwood-tennessee/	0.058823529411764705	0.6534090909090909	0	1.095	0.0	0	0.0	0	0	0.0	74	0.0	0.2	6.918456677593789	0.18
93	http://www.suncommunities.com/brentwood/AboutUs.aspx	0	0.034482758620689655	0.0	0.6428571428571429	0.0	0	0	0	0	0	12	0.0	0.23076923076923078	0.0	0.15517241379310345
94	http://thebrentwood.com/	0.0371900826446281	0.0	0	0	0	0	0	0	0	0.07894736842105263	0	0.0	0.5625	0	0.13043478260869565
95	http://www.brentwoodappliances.com/	0	0.0	0.2903225806451613	0	0	0.0	0	0	0	0	118	0.0	0.391304347826087	0.0	0.45
96	http://www.opentable.com/los-angeles/brentwood-restaurants	0.049723756906077346	0.2727272727272727	0.42857142857142855	0.0	0.469811320754717	0.7098214285714286	0.11842105263157894	0.0	0	0.0	62	0	0.2	10.67119175161223	0.2727272727272727
97	http://www.brentwoodclassics.com/	0	0.0	0.5	0	0	0	0	0	0	0	0	0	0.42857142857142855	0.0	0.36
98	http://theamazingbrentwood.com/	0.0	0.05521472392638037	0.24324324324324326	0	0.0	0	0	0	0	0	3	0.0	0.391304347826087	0.0	0.42857142857142855
99	http://www.homes.com/rentals/brentwood-ca/	0.09473684210526316	1.505226480836237	0.32142857142857145	0.8903225806451613	0.47368421052631576	0	0	0	0	0.0891089108910891	11	0.12195121951219512	0.32142857142857145	15.176470588235293	0.1836734693877551
100	http://hamptoninn3.hilton.com/en/hotels/tennessee/hampton-inn-nashville-brentwood-i-65s-BNABDHX/index.html	0.06206896551724138	0.0	0	0.0	0.0	0	0	0.0	0	0.24545454545454545	76	0.26786015649422446	0.09574468085106383	8.861792933553502	0.18
101	http://www.brentwoodmn.com/	0.0	1.125	0.5625	0.11842105263157894	0.0	0	0	0	0	0.0	3	0.060810810810810814	0.6	0.0	0.1267605633802817
102	http://www.rent.com/california/brentwood-apartments/2-1413	0.05521472392638037	0.0	0.25	1.3782091097308489	0.0	0.0	0	0.0	0	0	9	0.24518046252030112	0.20454545454545456	1.0	0.15
103	http://www.rent.com/california/1-19	0.0	0.0	0.0	0.0	0.0	0	0	0.0	0	0	9	0.0	0.0	0.0	0.0
104	http://ymcamidtn.org/brentwood	0.05202312138728324	0.0	0.42857142857142855	0.0	0.0	0.0	0	0	0	0	12	0.0	0.4090909090909091	0	0.42857142857142855
105	http://www.brentwoodline.com/	0	0.0	0.0	0	0	0	0	0	0	0	0	0	0.5294117647058824	0.0	0.42857142857142855
106	http://www.hrhcare.org/healthcenters/brentwood/	0	0.0	1.0	0.34615384615384615	0.47368421052631576	0.0	0	0	0	0	88	0.0	0.2727272727272727	0.0	0.9
107	http://www.topix.com/city/brentwood-ny	0.08256880733944955	1.2045454545454546	0.6428571428571429	0	0	0.0	0.0	0	0	0	39	1.2312611806797853	0.36	1.6428571428571428	0.45
108	http://www.topix.com/state/ny	0.0	0.0	0.0	0	0	0.0	0.0	0	0	0	28	0.0	0.0	0.0	0.0
109	http://www.topix.com/county/suffolk-ny	0.0	0.0	0.0	0	0	0.0	0.0	0	0	0	28	0.0	0.0	0.0	0.0
110	http://www.booking.com/city/gb/brentwood.html	0.05625	0.2727272727272727	0.0	0.6564986737400531	1.2160606060606058	0.7427811252505908	0	0	0	0.1005586592178771	49	6.1587085647649245	0.2903225806451613	0.0	0.14516129032258066
111	http://www.fourpointsbrentwood.com/	0.12413793103448276	0.748768040076923	0.4	0.7024886877828054	0.20930232558139536	0.0	0	0	0	0.47368421052631576	40	1.1663869201443082	0.391304347826087	1.5001667129758267	0.2857142857142857
112	http://www.brentwoodky.com/	0	0.28125	0.0	0.0	0.0	0.0	0	0	0	0	2	0.24392041437272385	0.6	0.0	0.1956521739130435
113	http://www.visitessex.com/Brentwood-Brentwood/details/?dms=3&venue=0141207	0.0	0.0	0	0.0	0.0	0	0	0	0	0	43	1.0	0.3	0.0	0.5294117647058824
114	http://www.rent.com/tennessee/brentwood-apartments/2-483	0.054878048780487805	0.0	0.25	1.3782091097308489	0.0	0.0	0	0.0	0	0	9	3.314603851720672	0.21428571428571427	8.290322580645162	0.14754098360655737
115	http://www.rent.com/tennessee/1-8	0.0	0.0	0.0	0.0	0.0	0	0	0.0	0	0	9	0.0	0.0	0.0	0.0
116	http://brentwoodpgh.k12.pa.us/schools_high.asp	0.11920529801324503	0	0	0	0	0	0	0	0	0.08108108108108109	30	0	0.23684210526315788	0.8376623376623377	0.2535211267605634
117	http://www.livability.com/tn/brentwood	0.06293706293706294	0.09183673469387756	0.8181818181818182	0.21951219512195122	0.6321428571428571	0.21428571428571427	0	0	0	0.3176470588235294	12	0.06	0.36	0.0	0.2727272727272727
118	http://tieks.com/brentwood.html	0.05421686746987952	0.030100334448160536	0.14516129032258066	0.0	0.0	0.0	0	0	0	0.0	180	0.05421686746987952	0.391304347826087	1.0	0.23684210526315788
119	http://www.wcs.edu/bms/	0	0.10465116279069768	0	0.0	0.0	0.0	0	0	0	0	63	0.0375	0.0	0.3103448275862069	0.375
121	http://www.mlsli.com/homes-for-sale/NY/Brentwood	0.14516129032258066	0.0	0	0.0	0.0	0.0	1.542857142857143	0	0	0.23225806451612904	17	0.06164383561643835	0.2647058823529412	0.6284124386252046	0.28125
122	http://lirr42.mta.info/stationInfo.php?id=73	0	0.0	1.0	0.0	0	0	0	0	0	0	32	0	0.0	0.0	0.42857142857142855
123	http://www.opentable.com/black-angus-steakhouse-reservations-brentwood?rid=119050	0.1323529411764706	0.0	0.2647058823529412	0	0.225	0	0	0.0	0	0	57	0	0.13043478260869565	1.0	0.23684210526315788
124	http://brentwoodchurch.com/	0	0.3953341740226986	0	0.0	0	0	0	0	0	0	5	0.0	0.47368421052631576	0.0	0.7619047619047619
125	http://hamptoninn3.hilton.com/en/hotels/california/hampton-inn-brentwood-BTWCAHX/index.html	0.1232876712328767	0.0	0	0.0	0.225	0	0	0.0	0	0.36	75	0.6824550911831405	0.11392405063291139	7.620881556711014	0.1875
126	http://brentwoodlax.com/	0	0.0	0	0	0.0	0	0	0	0	0.10344827586206896	39	0.0	0.5625	1.8948284748019901	0.391304347826087
127	http://www.topix.com/city/brentwood-ca	0.19148936170212766	1.2045454545454546	0.6428571428571429	0	0	0.0	0.0	0	0	0	36	1.391975466394071	0.36	1.6428571428571428	0.45
128	http://www.topix.com/state/ca	0.0	0.0	0.0	0	0	0.0	0.0	0	0	0	28	0.0	0.0	0.0	0.0
129	http://www.topix.com/county/contra-costa-ca	0.0	0.0	0.0	0	0	0.0	0.0	0	0	0	28	0.0	0.0	0.0	0.0
130	https://brentwood-tn.org/index.aspx?page=37	0	0.675	0.0	0	0	0	0	0	0	0	17	1.2973891792711125	0.2647058823529412	1.325050709939148	0.2903225806451613
131	http://www.pulte.com/communities/CA/brentwood/Palmilla/209513/index1.aspx	0.05232558139534884	0.0	0	0.0	0.0	0	0	0	0	0	21	0.30018310929789205	0.16071428571428573	0.6651735722284434	0.12162162162162163
132	http://www.pulte.com/new-homes/California/Northern-California/Brentwood/default.aspx	0.0	0.0	0	0.0	0.0	0.0	0	0	0	0.0	16	0.0	0.1323529411764706	0.8080645161290323	0.140625
133	http://www.losmedanos.edu/brentwood/default.asp	0	0.45	0.24324324324324326	0.0	0	0.0	0	0	0	0	240	0.18	0.2647058823529412	0.0	0.18947368421052632
134	http://www.apartments.com/brentwood-mo/	0.05421686746987952	1.8774069319640565	0.3103448275862069	0.23684210526315788	0.0	0.0	0.0	0	0	0.13846153846153847	99	0.05421686746987952	0.34615384615384615	0.0	0.16666666666666666
135	http://brentwoodbenson.com/	0.04522613065326633	0.0	0	0	0.42857142857142855	0.0	0	0	0	0.07758620689655173	7	0.0	0.47368421052631576	0.0	0.5625
136	http://www.everythingbrentwood.com/brentwoodcherrypicking.html	0.1258741258741259	0.0	0	0	0.23076923076923078	0	0	0	0	0.16216216216216217	205	0.38903443113772457	0.36	0.0	0.375
137	http://brentwoodpta.com/	0.17647058823529413	0.0	0	0.1875	0.0	0.0	0	0	0	0	19	0.14516129032258066	0.5625	0.9960591133004927	0.2647058823529412
138	http://brentwoodcsj.org/	0.0	0.0	0	0	0.0	0.0	0	0	0	0	15	0.14672823379306155	0.5625	0.0	0.0
139	http://brentwoodhomeowners.org/	0	0.15254237288135594	0.0	0	0	0.0	0	0	0	0	5	0.05357142857142857	0.391304347826087	0.0	0.2647058823529412
141	http://brentwood.tennessee.com/	0.12162162162162163	0.16071428571428573	0.2903225806451613	0.4090909090909091	0	0	0	0	0	0.3698630136986301	2	0.0	0.391304347826087	0.0	0.140625
142	http://www.residencesatbrentwood.com/	0.07563025210084033	0.020134228187919462	0.0	0.0	0	0	0	0.0	0	0.0	6	0.0	0.36	1.0	0.17647058823529413
143	http://www.nashvillerealestatelink.com/Brentwood_Tn_Homes/page_2073010.html	0.15789473684210525	0.0	0.0	0	0.36	0	0	0	0	0.3333333333333333	54	0.09091134163551287	0.14516129032258066	4.059668085299457	0.4
144	http://www.apartmentguide.com/neighborhoods/California/Los-Angeles/Brentwood/	0.045454545454545456	0.0	0	0.34615384615384615	1.6686013018843595	0.0	0.0	0	0	0	21	0.6164030137354386	0.14754098360655737	8.589090909090908	0.1323529411764706
145	http://www.apartmentguide.com/apartments/California/	0.0	0.0	0.0	0.0	0.0	0.0	0.0	0	0	0	17	0.0	0.0	0.0	0.0
146	http://www.apartmentguide.com/apartments/California/Los-Angeles/	0.0	0.0	0	0.0	0.0	0.0	0.0	0	0	0	44	0.0	0.0	0.0	0.0
147	https://nashvillebrentwood.place.hyatt.com/en/hotel/home.html	0.10778443113772455	0.42857142857142855	0.0	0.2727272727272727	0	0	0.0	0	0	0.30405405405405406	71	0.8564796905222438	0.18	0.0	0.3
148	http://brentwoodccgolf.com/	0	0.06716417910447761	0	0.5374331550802138	0	0.0	0	0	0	0	24	1.5098371777476256	0.47368421052631576	0.0	0.4
149	http://www.wcpss.net/brentwoodes	0	0.0	0.0	0.1836734693877551	0	0	0	0	0	0	48	0.0	0.45	3.2769230769230773	0.12857142857142856
150	http://www.fandango.com/amcbrentwood14_aawww/theaterpage	0.06521739130434782	0.0	0.19148936170212766	0.0	0.0	0.0	0.0	0.0	0	0	381	0.0	0.20930232558139536	0.0	0.24
151	http://vanessastalets.point2agent.com/	0.13846153846153847	0.0	0.0	0.0	0	0	0	0	0	0.19047619047619047	4	0.0	0.0	1.2140067911714771	0.25
152	http://www.brentwoodvet.net/	0.12796208530805686	0.0	0.0	0.0	0	0	0	0	0	0	9	0.12857142857142856	0.5625	0.47368421052631576	0.375
153	http://www.vesd.net/brentwood	0	0.5294117647058824	0	0	0	0	0	0	0	0	54	0.0	0.5294117647058824	0.4048858243293235	0.20454545454545456
154	http://brentwooddukes.com/index.html	0	0.0	0	0	0	0	0	0	0	0	10	0	0.32142857142857145	0.4186046511627907	0.18
155	http://www.brentwoodoriginals.com/	0	0	0	0	0	0	0	0	0	0	0	0	0.4090909090909091	0	1.0
156	http://brentwood.co.za/	0.0	0.0	0	0.0	0	0	0	0	0	0.0	6	0.0	0.6	0.8142857142857143	0.1836734693877551
157	http://www.facebook.com/caro.brentwood	0.058823529411764705	0.391304347826087	0	0	0	0	0	0	0	0	102	0.657584293683341	0.34615384615384615	1.0452261306532664	0.45
158	http://estatesatbrentwood.com/	0.144	0.0	0	0.0	0.0	0	0	0	0	0	4	0.34076923438050416	0.4090909090909091	0.19148936170212766	0.3673469387755102
159	http://katsuyarestaurant.com/brentwood/	0.060810810810810814	0.0	0.0	0.0	0.0	0	0	0	0	0.18	71	0.7185292080090444	0.3	1.3738508682328907	0.11688311688311688
160	http://www.marriott.com/hotels/travel/stlbw-springhill-suites-st-louis-brentwood/	0.0	0.0	0	0.0	0.0	0.0	0	0	0	0.23580786026200873	31	0.2404021687181215	0.13636363636363635	2.3258120505826927	0.14754098360655737
161	http://www.bpcusa.org/	0.0	0.0	0	0	0	0	0	0	0	0	5	0	0.0	0.5830721003134796	0.3
162	http://www.mygym.com/brentwood	0.05555555555555555	0.0	0.23684210526315788	0.42857142857142855	0.0	0	0	0	0	0.10975609756097561	27	0.0	0.5	1.140625	0.2903225806451613
163	http://ccclib.org/locations/brentwood.html	0.017408123791102514	1.3475935828877006	0	0	0	0.3333333333333333	0.0	0	0	0	10	0.015280135823429542	0.2727272727272727	0.0	0.5294117647058824
164	http://www.loopnet.com/California/Brentwood-Commercial-Real-Estate/	0.14814814814814814	0.0	0.0	1.0394376773958252	0.0	0	0.0	0	0	0.2988929889298893	37	0.3404908066444079	0.16981132075471697	3.5150815855992352	0.24
165	http://skatecenter.com/brentwoodsc/	0.4090909090909091	0.0	0	0	0	0	0	0	0	0.4090909090909091	19	0.24324324324324326	0.34615384615384615	0.14761306532663315	0.4090909090909091
166	https://www.frontlinesourcegroup.com/brentwood.html	0.11538461538461539	0.3333333333333333	0.28125	0.13004694835680752	0.4554135338345865	0	0	0	0	0.11920529801324503	30	0.1111111111111111	0.23684210526315788	1.4474004256612951	0.2903225806451613
167	http://www.brentwoodoaksapts.com/	0.11297071129707113	0.04376012965964344	0.0	0	0	0	0	0	0	0.05966850828729282	7	0	0.42857142857142855	0	0.1875
168	http://thegolfclubatbrentwood.com/	0.47368421052631576	0.0	0	0	0.47368421052631576	0	0	0	0	0.17307692307692307	0	0.29703787219201766	0.34615384615384615	0.0	0.34615384615384615
169	http://www.brentwoodpediatricdentistry.com/	0.13138686131386862	0.0	0.225	0.0	0	0	0	0	0	0	9	0.34506302521008403	0.2903225806451613	0.0	0.2903225806451613
170	https://sonic.com/brentwood	0.06382978723404255	0.0	1.0	0.0	0.0	0.0	0	0	0	0	34	0.08512140033879165	0.5	0.0	0.2727272727272727
171	http://brentwoodnylibrary.org/	0.24324324324324326	0.0	0	0	0	0	0	0	0	0.2903225806451613	25	0.20930232558139536	0.4090909090909091	0.0	0.375
172	http://brentwooddance.com/	0.0	0.09473684210526316	0	0	0	0	0	0	0	0.09168081494057725	6	0.04918032786885246	0.5	0.0	0.08181818181818182
173	http://www.brentwoodinn.com/	0	0.0	0	0	0.0	0	0	0	0	0	5	0.0	0.5625	0.12857142857142856	0.1
174	http://www.brentwoodinn.com/location/brentwood-on-2nd/	0	0.0	0.5625	0	0.0	0	0	0	0	0	27	0.05013927576601671	0.45	0.6910714285714286	0.2
175	http://www.brentwoodoriginals.com/#!	0	0	0	0	0	0	0	0	0	0	0	0	0.375	0	1.0
176	http://www.accuweather.com/en/us/brentwood-ca/94513/weather-forecast/337386	0.10588235294117647	0.0	0.6923076923076923	0.0	0.34615384615384615	0.0	0.0	0	0	0.1323529411764706	185	0.0	0.15517241379310345	0.5294117647058824	0.16666666666666666
177	http://www.accuweather.com/en/us/united-states-weather	0.0	0.0	0.0	0.0	0.0	0.0	0.0	0	0	0.0	160	0.0	0.0	0.0	0.0
178	http://www.accuweather.com/en/us/ca/california-weather	0.0	0.0	0	0.0	0.0	0.0	0.0	0	0	0	208	0.0	0.0	0.0	0.0
179	http://estatesales.org/brentwood-california-estate-sales	0	0.0	0.2903225806451613	0	0	0	0	0	0	0	10	0.0	0.1875	0.0	0.15789473684210525
180	http://estatesales.org/california-estate-sales	0	0.0	0.0	0	0.0	0.0	0	0	0	0	43	0.0	0.0	0.0	0.0
181	http://brentwoodcenterrehab.com/	0.061224489795918366	0.0	0.32142857142857145	0.0	0	0	0	0	0	0.0	23	0.362536706724757	0.375	0.0	0.1323529411764706
182	http://www.brentwoodftworth.com/	0.06	0.0	0.25	0.0	0.0	0.72	0	0	0	0	10	0.5173274308789808	0.45	0.782608695652174	0.12162162162162163
183	http://www.extendedstayamerica.com/hotels/tn/nashville/brentwood-south	0.06040268456375839	0.0	0.0	0.0	0.0	0	0	0	0	0	22	0.0	0.16363636363636364	2.2581017964196546	0.140625
184	http://brentwood.extremepizza.com/	0.06870229007633588	0.0	0	0.0	0	0	0	0	0	0.06766917293233082	81	0.0	0.34615384615384615	0.0	0.36
186	http://brentwoodal.com/	0	0.033707865168539325	0.0	0.0	0	0	0.0	0.0	0	0	2	0.3134527081179146	0.6	0.1	0.32142857142857145
187	http://brentwoodyouthsoccer.net/	0.0	0.28125	0	0	0	0.0	0	0	0	0	14	0.4071153977729504	0.375	0	0.23684210526315788
188	https://www.amctheatres.com/movie-theatres/oakland/amc-brentwood-14	0.13333333333333333	0.0	0	0.0	0.0	0.0	0	0	0	0.0661764705882353	14	0.0	0.17307692307692307	1.9198529411764707	0.29508196721311475
189	http://brentwoodlivery.ca/	0.056962025316455694	0.0	0	0.0	0.0	0.0	0.0	0	0	0	4	0.13846153846153847	0.5	0.0	0.10344827586206896
190	http://www.gobrentwoodschool.com/	0.05625	0	0	0	0	0	0	0	0	0.0	0	0	0.42857142857142855	0	0.5625
191	http://brentwoodhomepage.com/sports/	0.0	1.7082375045465323	0	0.0	0	0.0	0	0	0	0	179	0.0	0.3333333333333333	0.05	0.32142857142857145
192	https://www.bumc.net/	0	0.0	0.25	0	0.375	0	0	0	0	0	12	0.43428492239467853	0.0	0.5302853814793245	0.2727272727272727
193	http://brentwoodbaptist.com/about/	0.1276595744680851	0.0	0	0.0	0.0	0.0	0.0	0	0	0	39	0.2455297279823763	0.36	1.0434782608695652	0.9331797235023043
194	http://www.lepainquotidien.com/store/brentwood/	0.08653846153846154	0.0	1.0	0	0.0	0.0	0	0	0	0	73	0.025495750708215296	0.2727272727272727	0.0	0.24324324324324326
195	http://www.lepainquotidien.com/store/brentwood/	0.08653846153846154	0.0	1.0	0	0.0	0.0	0	0	0	0	73	0.025495750708215296	0.2727272727272727	0.0	0.24324324324324326
198	http://brentwoodvet.com/	0.21428571428571427	0.0	0.0	0.0	0.0	0.0	0.0	0	0	0.10975609756097561	7	0.04090909090909091	0.5625	0.0	0.4186046511627907
199	http://www.brentwoodcc.net/	0.4090909090909091	0.0	0	0.0	0	0	0	0	0	0.0	0	0	0.6	0.4090909090909091	0.3103448275862069
200	http://brentwoodpubliclibrary.org/	0	0.10344827586206896	0	0	0	0	0	0	0	0	18	0	0.34615384615384615	0	0.3103448275862069
201	http://www.brentwoodschool.org/page/athletics	0	0	0	0	0	0	0	0	0	0	21	0.06299452221545952	0.28125	0.1286465312854345	0.32142857142857145
202	http://www.brentwoodvillage.org/	0	0	0	0	0	0	0	0	0	0	0	0	0.45	0	0
204	http://www.movoto.com/brentwood-ca/	0.226890756302521	0.0313588850174216	0.2571428571428571	0.49962490622655664	0	0	0	0	0	0	137	0.0	0.4090909090909091	52.0	0.34615384615384615
205	http://www.movoto.com/sitemap/ca/	0.0	0.0	0.0	0.0	0.0	0	0	0	0	0	169	0.0	0.0	0.0	0.0
206	http://www.movoto.com/brentwood-ca/	0.226890756302521	0.0313588850174216	0.2571428571428571	0.49962490622655664	0	0	0	0	0	0	137	0.0	0.4090909090909091	52.0	0.34615384615384615
207	http://www.movoto.com/sitemap/ca/	0.0	0.0	0.0	0.0	0.0	0	0	0	0	0	169	0.0	0.0	0.0	0.0
212	http://kellerwilliamsrealtyeastcounty.yourkwoffice.com/	0.0	0.0	0	0.0	0	0	0	0	0	0.0	10	0.20454545454545456	0.0	0.0	0.0
213	http://www.acebrentwood.com/	0.11764705882352941	0.0	0.8181818181818182	0	0	0	0	0	0	0	13	0.4929052429052429	0.5625	0.0	0.27692307692307694
214	http://www.brentwoodauto.com/	0	0.0	0	0.9794117647058824	0	0	0	0	0	0	12	0.5440232444661076	0.5294117647058824	0.0	0.16981132075471697
215	http://www.bpbl.org/home/	0	0.0	0	0	0	0.0	0	0	0	0	7	0	0.0	0.12162162162162163	0.3
216	http://www.accuweather.com/en/us/brentwood-tn/37027/weather-forecast/2085281	0.10588235294117647	0.0	0.6923076923076923	0.0	0.34615384615384615	0.0	0.0	0	0	0.13432835820895522	178	0.0	0.15254237288135594	0.5294117647058824	0.16666666666666666
217	http://www.accuweather.com/en/us/united-states-weather	0.0	0.0	0.0	0.0	0.0	0.0	0.0	0	0	0.0	160	0.0	0.0	0.0	0.0
218	http://www.accuweather.com/en/us/tn/tennessee-weather	0.0	0.0	0	0.0	1.0	0.0	0.0	0	0	0	208	0.0	0.0	0.0	0.0
219	http://www.accuweather.com/en/us/brentwood-tn/37027/weather-forecast/2085281	0.10588235294117647	0.0	0.6923076923076923	0.0	0.34615384615384615	0.0	0.0	0	0	0.13432835820895522	178	0.0	0.15254237288135594	0.5294117647058824	0.16666666666666666
220	http://www.accuweather.com/en/us/united-states-weather	0.0	0.0	0.0	0.0	0.0	0.0	0.0	0	0	0.0	160	0.0	0.0	0.0	0.0
221	http://www.accuweather.com/en/us/tn/tennessee-weather	0.0	0.0	0	0.0	1.0	0.0	0.0	0	0	0	208	0.0	0.0	0.0	0.0
222	http://www.brentwoodtravel.com/	0.061224489795918366	0.0	0	0	0	0	0	0	0	0.06040268456375839	9	0	0.47368421052631576	0.0	0.391304347826087
223	http://pittsburgh.cbslocal.com/tag/brentwood/	0	0.0	1.0	0	0.0	0.0	0	0	0	1.0	136	0.0	0.2571428571428571	0.0	0.9
224	http://www.brentwoodart.com/	0.13953488372093023	0.20930232558139536	0	0.47368421052631576	0	0	0	0	0	0	239	0.06000266678519045	0.5625	0.0	0.16981132075471697
225	http://www.monster.com/jobs/l-brentwood,-tn.aspx	0.10285714285714286	0.17859155383104444	0.21428571428571427	0.40789473684210525	0.2903225806451613	0.0	0	0	0	0.36486486486486486	189	0	0.2571428571428571	10.557239819004522	0.2857142857142857
227	http://www.brentwoodcap.com/	0.0	2.5617773628805716	0.0	0.0	0.34615384615384615	0.0	0	0	0	0	1	0.20404063594099753	0.5625	0	0.29754098360655734
228	http://brentwoodcommunitycouncil.org/	0	2.307266523411133	0	0	0	0.0	0	0	0	0	46	0.06293706293706294	0.3103448275862069	0.0	0.3333333333333333
229	http://www.brentwood5k.com/	0.0	0.3103448275862069	0.0	0.0	0	0	0	0	0	0	31	0	0.6	0.5294117647058824	0.0
230	http://www.baymontinns.com/hotels/tennessee/brentwood/baymont-inn-and-suites-nashville-brentwood/hotel-overview	0	0.03734439834024896	0.3333333333333333	0.3333333333333333	0.0	0.0	0.0	0	0	0	38	0.0	0.18947368421052632	1.8958333333333333	0.32142857142857145
232	http://www.brickscafe.com/brentwood	0	0.0	0	0	0	0.23684210526315788	0	0.0	0	0	8	0.27254237288135597	0.391304347826087	1.0	0.21951219512195122
233	http://www.brentwoodnursinghome.com/	0.06923076923076923	0.0	0	0	0	0	0	0	0	0.04945054945054945	0	0	0.375	0	0.18
234	http://www.brentwoodapts.net/	0.1125	0.0	0	0.0	0.45	0	0	0	0	0.07563025210084033	5	0.04285714285714286	0.5294117647058824	0.0	0.45
235	http://www.indeed.com/l-Brentwood,-CA-jobs.html	0.11538461538461539	0.2903225806451613	0	0.0	0	0	0	0	0	0.3351063829787234	3	0.0	0.2571428571428571	4.870773607615713	0.1956521739130435
236	http://www.brentwood.com.au/	0.045	0.5244755244755245	0.0	0.072	0.47368421052631576	0	0	0	0	0.0	1	1.2014732310722163	0.5625	0.4090909090909091	0.0
237	http://www.bwood.com/	0.06382978723404255	0.13344388626054723	0.3103448275862069	0	0.0	0	0	0	0	0	2	0.03879310344827586	0.0	0.5227272727272727	0.14516129032258066
238	http://mseb.ccsdschools.com/	0	0.0	0	0.0	0	0.25	0	0	0	0	86	0.0	0.0	0.8990793585163996	0.1875
239	http://www.brentwoodacademy.com/page.cfm?p=4554	0.391304347826087	0.0	0.0	0	0.0	0	0	0	0	0.0	10	0.25194261805140467	0.2571428571428571	0.0	0.3
240	http://www.brentwoodphotographygroup.org/	0.24324324324324326	0.10975609756097561	0	0	0	0	0	0	0	0	5	0.0	0.3103448275862069	0.0	0.2647058823529412
241	http://www.torontopubliclibrary.ca/detail.jsp?Nr=p_cat_branch_name:Brentwood	0.2571428571428571	0.0	1.0	0.0	0.0	0.0	0	0	0	0.2571428571428571	12	0.24324324324324326	0.14285714285714285	0.0	0.21428571428571427
242	http://vicentefoods.com/	0.0	0.0	0.0	0.0	0	0	0	0	0	0.07258064516129033	5	0	0.0	0.0	0.0
243	https://www.facebook.com/Brentwoodfm	0.13432835820895522	0.3377359956491337	0	0	0	0	0	0	0	0	122	0.4755774373288729	0.391304347826087	3.1462287712287713	0.2571428571428571
244	https://www.rei.com/stores/brentwood.html	0.15517241379310345	0.0	0.47368421052631576	0.0	0.0	0.0	0	0	0	0	17	0.24556701030927836	0.3333333333333333	0.9	0.2465753424657534
245	http://www.microcenter.com/site/stores/brentwood.aspx	0.0	0.7961538461538462	0.20454545454545456	0.0	0.47368421052631576	0.0	0	0	0	0.03543307086614173	14	0.0	0.23076923076923078	0.0	0.3333333333333333
246	http://www.ryanhomes.com/find-your-home/our-communities/maryland/waldorf/brentwood	0.09278350515463918	0.0	0.3103448275862069	0.0	0.0	0.5148902821316614	0	0	0	0	28	0.23257850241545894	0.13636363636363635	0.3103448275862069	0.13636363636363635
247	http://brentwoodhills.org/	0	0.3333333333333333	0.0	0	0	0	0	0	0	0	17	0.0	0.5	0	0.140625
248	http://www.brentwoodlottery.com/	0	0.15883999378012753	0	0	0.5714285714285714	0.3	0	0	0	0	22	0.13636363636363635	0.45	0.0	0.375
249	http://brentwoodyogacenter.com/	0	0	0.0	0	0	0	0	0	0	0	5	0.0	0.391304347826087	2.7096822096822097	0.32142857142857145
250	http://www.harvestparkbowl.com/	0	0.0	0	0	0	0	0	0	0	0	3	0.0	0.0	0.0	0.0
251	http://www.duvalschools.org/brentwood	0	0.0	0.45	0	0	0	0	0	0	0	50	0.07377049180327869	0.36	0.20454545454545456	0.21951219512195122
252	http://www.brentwoodbayresort.com/	0.058823529411764705	0.25	0.3333333333333333	0.0	0.20454545454545456	0	0	0	0	0.04639175257731959	8	0.05389221556886228	0.4090909090909091	0.0	0.32142857142857145
253	http://www3.hilton.com/en/hotels/tennessee/hilton-brentwood-nashville-suites-BNABWHF/index.html	0.06206896551724138	0.0	0	0.0	0.0	0	0	0.0	0	0.3987341772151899	77	0.21550721834556422	0.10843373493975904	13.155242939631544	0.1836734693877551
254	https://www.groupon.com/local/brentwood-tn	0.02694610778443114	3.4069356574451373	0.5	0.0	0.0	0.0	0	0.0	0	0.019736842105263157	77	17.822378640776698	0.32142857142857145	1.0	0.567487684729064
255	https://www.groupon.com/local	0.0	0.0	0.0	0.0	0.0	0.0	0.0	0.0	0	0.0	85	0.0	0.0	0.0	0.0
256	https://www.groupon.com/local/tennessee	0.0	0.0	0.0	0.0	0.0	0.0	0.0	0.0	0	0.0	90	0.0	0.0	0.0	0.0
257	http://www.brentwoodhalf.org/#!	0	0	0	0	0	0	0	0	0	0	0	0	0.47368421052631576	0	0.0
258	http://www.thebrentwoodtheater.org/	0.06818181818181818	0.0	0.0	0.0	0	0	0	0	0	0	2	0.014308426073131956	0.391304347826087	1.0042162059825823	0.42857142857142855
259	http://www.youtube.com/user/BrentwoodDuo	0.0	0.0	0.0	0.7285714285714285	0.0	0.0	0	0	0	0.0	14	0.0	0.3333333333333333	0.21951219512195122	0.4090909090909091
260	http://www.brentwoodhis.org/	0.11764705882352941	0.0	0	0.2647058823529412	0	0	0	0	0	0.4090909090909091	2	0.35492407279241134	0.5625	0.031578947368421054	0.13846153846153847
261	https://www.yelp.com/search?cflt=restaurants&find_loc=Brentwood%2C+Saint+Louis%2C+MO	0.0782608695652174	0.0	0.0	0.0	0.0	0.0	0	0	0	0.0	101	0.0	0.1267605633802817	5.699413489736068	0.16363636363636364
262	http://brentwoodapartments.com/	0	0	0.375	0	0	0	0	0	0	0	1	0.05555555555555555	0.391304347826087	0.0	0.20930232558139536
263	http://www.cafebrentwood.com/	0	0.36	0	0	0.0	0	0	0	0	0	5	0	0.5294117647058824	0.0	0.6428571428571429
264	http://www.jobs.lv.com/our-locations/brentwood/	0.07086614173228346	0.0	1.0	1.1625	0.6923076923076923	0.0	0.0	0	0	0	17	0.0929710640236956	0.2727272727272727	0.0	0.2647058823529412
265	http://www.ciscohome.net/store-location/Brentwood	0	1.0	0	0	0.42857142857142855	0	0	0	0	0	5	0.0	0.25	0.0	1.0
266	https://brentwood.thefuntimesguide.com/	0.06545454545454546	0.0	0	0	0	0.9225	0	0	0	0.34375	2	0.23684210526315788	0.3	0.5625	0.5142857142857142
267	http://bethelbrentwood.org/	0.0	0.0	0	0	0	0	0	0	0	0.045075125208681135	1	0	0.47368421052631576	0	0.0
268	http://www.billbrandtford.com/	0.2589928057553957	0.0	0.0	0.0	0	0.0	0	0	0	0.029605263157894735	3	0.0	0.0	0.0	0.18
269	https://www.nuffieldhealth.com/hospitals/brentwood	0.061224489795918366	0.0	0.5	0.0	0.0	0	0	0	0	0.09090909090909091	4	1.406152696475277	0.25	1.5	0.14285714285714285
271	https://brentwooddrivertraining.com/	0	0.0	0.0	0.24324324324324326	0.0	0	0	0	0	0	8	0.037037037037037035	0.3333333333333333	0.0	0.34615384615384615
272	http://www.marriott.com/hotels/travel/bnabr-courtyard-nashville-brentwood/	0.0	0.0	0	0.17647058823529413	0.0	0.0	0	0	0	0.3576158940397351	30	0.26210069740631026	0.15254237288135594	2.398580121703854	0.15254237288135594
274	http://www.bbwchamber.com/	0.04945054945054945	0.0	0	0	0	0	0	0	0	0.036885245901639344	5	2.4753384929855518	0.0	0.2116283725032685	0.14516129032258066
275	http://www.brentwoodaptrental.com/	0.06593406593406594	0.0	0	0	0.0	0	0	0	0	0	1	0	0.4090909090909091	0.0	0.45
276	http://www.mathnasium.com/brentwood	0.06206896551724138	0.0	0.2647058823529412	0.0	0	0.2903225806451613	0	0	0	0.0	45	0.0	0.391304347826087	1.473771831919318	0.1
277	http://www.apartmentfinder.com/Tennessee/Brentwood-Apartments/The-Views-Of-Brentwood-Apartments	0.17532467532467533	0.5864661654135338	0.10465116279069768	0.43636363636363634	0.0	0.0	0.0	0	0	0	50	0.30202762923351156	0.2222222222222222	1.919617211433068	0.3157894736842105
279	http://www.dignitymemorial.com/brentwood-funeral-home/en-us/index.page	0.0	0.1232876712328767	0.4090909090909091	0	0	0	0	0	0	0.0	8	0.48259607257046955	0.16071428571428573	0.0	0.36
280	http://losangeles-brentwood.barmethod.com/	0.06293706293706294	0.0	0	0	0.0	0	0	0	0	0	22	0.0	0.2647058823529412	0.0	0.1875
281	http://brentwoodbowl.com/	0	0.42857142857142855	0.6428571428571429	0	0	0	0	0.32142857142857145	0	0	2	0	0.5294117647058824	1.1722689075630253	0.42857142857142855
282	http://brentwood-hotel.com/	0	0.0	0	0	0	0	0	0	0	0	2	0.0	0.47368421052631576	0	1.0
283	http://brentwoodhsalumni.org/	0.15	0.2465753424657534	0	0.225	0	0	0	0	0	0.18243243243243243	2	0	0.42857142857142855	0.2	0.0
284	http://brentwoodsuiteshotel.com/	0	0.0	0.3333333333333333	0.10344827586206896	0	0	0	0	0	0	5	0.0	0.375	0	0.5625
285	http://www.deerridgecc.com/	0.6923076923076923	0.0	1.2432432432432432	0	0.0	0.0	0	0	0	0	18	0.18942307692307692	0.0	0.08033728687916974	0.25
286	http://www.brentwoodtire.com/	0.10112359550561797	0.0	0.4172482552342971	0.0	1.2428571428571429	0.0	0	0	0	0.0	3	0.8276461345201296	0.5294117647058824	1.1168831168831168	0.21686746987951808
287	http://www.danceforkidsbrentwood.com/	0	0	0	0	0	0	0	0	0	0	0	0	0.36	0	0.47368421052631576
288	http://www.brentwoodgrove.com/	0	0	0	0	0	0	0	0	0	0	0	0	0.5	0	1.0
289	http://www.gobrentwoodschool.com/#!	0.05625	0	0	0	0	0	0	0	0	0.0	0	0	0.391304347826087	0	0.5625
291	http://regatta.brentwood.bc.ca/results/	0	0.0	0	0	0	0	0	0	0	0	8	0.0	0.3	0.32142857142857145	0.34615384615384615
292	http://brentwoodfeedandpet.com/	0.0	0.0	0.0	0	0.0	0.25	0.0	0	0	0	19	0.4090909090909091	0.391304347826087	1.6923076923076923	0.4458333333333333
293	http://www.dieselbookstore.com/brentwood-info	0	0.0	0.0	0.0	0	0	0	0	0	0	28	0.0	0.2727272727272727	0.2903225806451613	0.0
294	http://www.flaminggrillpubs.com/pub/brentwood-hotel-rotherham/m8530/	0.037815126050420166	0.0	0.6	0.0	0.6	0	0	0	0	0	6	0.3799884326200116	0.16981132075471697	0.0	0.20930232558139536
296	http://www.brentwoodmarine.ca/	0	0.0	0.5625	0.0	0.0	0	0	0	0	0	4	0.22454855349349143	0.5	0.0	0.15254237288135594
297	http://www.booking.com/hotel/gb/premier-inn-brentwood.html	0.11842105263157894	0.6108165429480382	0.0	0.43430232558139537	0.5864661654135338	0.3103448275862069	0.0	0	0	0.3	77	1.117756817116956	0.20454545454545456	0.8961736914812695	0.21951219512195122
298	http://brentwooduk.blogspot.com/	0	0.16364474239953866	0.3333333333333333	0.0	0.0	0	0	0	0	0	38	0	0.375	0.06428571428571428	0.36
299	http://brentwoodlodging.com/	0.0	0.09278350515463918	0	0	0	0	0	0	0	0.0	3	0	0.45	0.0	0.0
300	http://www.joshandersonrealestate.com/	0.04205607476635514	0.0	0	0.0	0	0.0	0	0	0	0.046875	15	0.0	0.0	1.0	0.11538461538461539
301	http://www.worldmarket.com/store-locator/brentwood.do	0.058823529411764705	0.0	0.28125	0.0	0.0	0	0	0	0	0.0	40	0.0	0.225	0.5701754385964912	0.16666666666666666
303	http://www.massageenvy.com/clinics/TN/Brentwood-North.aspx	0	0	0	0	0	0	0	0	0	0	0	0	0.20454545454545456	0	0
304	http://www.brentwoodhotel.co.nz/	0.06818181818181818	0.5859552733494133	0.11688311688311688	0.4090909090909091	0.21951219512195122	0.0	0	0	0	0.01097560975609756	9	0.16793434930931916	0.45	0	0.11688311688311688
305	http://brentwoodrock.com/	0.11688311688311688	0.4	0.0	0.0	0.0	0	0	0	0	0.19148936170212766	0	0.5033035912742514	0.5294117647058824	0.43902439024390244	0.2571428571428571
306	http://bes.ccs.k12.nc.us/	0	0.0	0	0.0	0	0	0	0	0	0	29	0.0	0.0	0	0.32142857142857145
307	http://www.definitions.net/definition/brentwood	0.1651376146788991	0.0	0.0	0.0	0.0	0.0	0.0	0	0	0.4	63	1.3615594329334786	0.2647058823529412	0.3333333333333333	0.36
308	http://beautifulbrentwood.com/	0.07692307692307693	0	0	0	0	0	0	0	0	0.05921052631578947	0	0	0.4090909090909091	0	0.45
309	http://brentwoodpc.org/	0.17307692307692307	0.35531060943218695	0	0.1956521739130435	0.0	0	0	0	0	0.17647058823529413	4	0.0	0.6	0.0	0.25
310	http://homewoodsuites3.hilton.com/en/hotels/tennessee/homewood-suites-by-hilton-nashville-brentwood-BNABTHW/index.html	0.0661764705882353	0.0	0	0.0	0.0	0	0	0.0	0	0.16289592760180996	58	0.5070888949122803	0.08490566037735849	3.992994877288021	0.17647058823529413
311	http://brentwoodnursing.com/	0	0.059800664451827246	0	0	0.0	0	0	0	0	0	3	0.16981132075471697	0.45	0.0	0.225
312	http://www.liu.edu/Brentwood/Admissions	0.21951219512195122	0.0	0.0	0.0	0	0	0	0	0	0.13043478260869565	3	0.0782608695652174	0.34615384615384615	0.13636363636363635	0.0
313	http://www.thepartnerstrust.com/brentwood-real-estate	0	0.0	0.36	0.2727272727272727	0.23684210526315788	0	0.0	0	0	0	25	0.1267605633802817	0.21951219512195122	0.375	0.375
314	http://www.premierinn.com/gb/en/hotels/england/essex/brentwood/brentwood.html	0	0.044407894736842105	0.5294117647058824	0	0.0	0	0	0.0	0	0	30	0.0	0.3050847457627119	1.0	0.7662538699690402
315	http://www.phoenixhouse.org/locations/new-york/phoenix-house-brentwood-campus/	0	0.0	0.3	0.0	0.5263157894736842	0.0	0.0	0	0	0	82	0.1493905077485958	0.14285714285714285	0.34615384615384615	0.0
316	http://www.summeratbrentwood.com/	0.0	0.0	0	0.0	0	0	0	0	0	0.0	2	0.048	0.42857142857142855	1.0361842105263157	0.0
317	http://www.brentwoodoaks.org/	0.072	0.0	0.34615384615384615	0.14754098360655737	0	0	0	0	0	0.1232876712328767	10	0.17307692307692307	0.5294117647058824	0.34615384615384615	0.2903225806451613
318	http://brentwood.churchonline.org/	0.2	0.0	0	0.0	0	0	0	0.0	0	0.36486486486486486	12	0	0.34615384615384615	0.0	0.375
319	http://www.cityfeet.com/cont/tn/brentwood-retail-space	0.0967741935483871	1.9565217391304348	0.4527272727272727	0.34615384615384615	0.0	0	0.1836734693877551	0	0	0.34615384615384615	4	0.11538461538461539	0.225	0.0	0.34615384615384615
320	http://www.cellphonerepair.com/brentwood/	0.05921052631578947	0.05263157894736842	0.32142857142857145	0.20930232558139536	0.28125	0.0	0.0	0	0	0	77	0.0375	0.32142857142857145	1.447241902834008	0.16363636363636364
321	http://www.brentwooddeckdesigns.com/	0.03564356435643564	0.0	0	0	0	0	0	0	0	0.04265402843601896	2	0.09183673469387756	0.375	0	0.05787781350482315
322	https://www.bonefishgrill.com/locations/mo/brentwood	0.11538461538461539	0.029605263157894735	0.375	0.0	0.0	0	0	0	0	0	14	0.0	0.24324324324324326	3.0	0.225
323	http://www.eastbaytimes.com/2016/09/23/witness-killer-gets-life-in-prison-for-2004-brentwood-murder/	0.05113636363636364	0.0	0.0	0.08571428571428572	0.0	0.0	0.0	0	0	0.13043478260869565	224	0.15559071729957805	0.10714285714285714	0.13636363636363635	0.2
326	https://commons.wikimedia.org/wiki/Category:Brentwood,_Tennessee	0	0.0	0.3103448275862069	0.225	0.0	0	0	0	0	0	18	0.0	0.16981132075471697	0.0	0.1836734693877551
327	http://brentwoodarrestrecords.brecordsnk.com/	0.08653846153846154	0.0	0	0.75	0.375	0	0	0	0	0.375	9	0.04986149584487535	0.24324324324324326	0.0	0.15517241379310345
328	http://floristbrentwoodtn.flowerslpf.com/	0.06382978723404255	0.0	0.45	0.45	0.45	0	0	0	0	0.45	11	0.05232558139534884	0.2727272727272727	0.0	0.2571428571428571
329	http://brentwoodcrrds.brecordsgb.com/	0.06474820143884892	0.0	0	0.6923076923076923	0.34615384615384615	0	0	0	0	0.34615384615384615	7	0.05825242718446602	0.3103448275862069	0.0	0.18
331	http://brentwoodtnflowers.flowerspnk.com/	0.06766917293233082	0.0	0.45	0.45	0.45	0	0	0	0	0.45	11	0.03879310344827586	0.2727272727272727	0.0	0.14754098360655737
332	https://www.instagram.com/brentwoodumc/	0.0	0	0	0	0	0	0	0	0	0	0	0	0.36	0	0.29508196721311475
333	http://www.brentwoodbuy.com/	0	0.0	0	0	0	0.0	0.0	0.0	0	0	7	0	0.5625	0.0	0.0
334	http://www.11723goshen302.com/	0	0	0	0	0	0	0	0	0	0	0	0	0.0	0	0.47368421052631576
335	http://www.itservicesthatworkforyou.com/news/insurance-brentwood/	0	0.0	0	5.882618348712622	0	0	0	0	0	0.47368421052631576	0	4.66628837039483	0.17647058823529413	0.47368421052631576	0.47368421052631576
336	http://xjir.hlthy.org/je	0	0	0	0	0	0	0	0	0	0	7	0.0	0.0	0	0.6428571428571429
338	http://xjir.hlthy.org/je	0	0	0	0	0	0	0	0	0	0	7	0.0	0.0	0	0.6428571428571429
341	https://sjobs.brassring.com/TGWebHost/jobdetails.aspx?jobId=2565801&partnerid=25513&siteid=5140	0.0	0.0	0.0	0	0	0	0	0	0	0.0	1	0	0.0	0.0	0.0
342	http://fh34b.khushkunal.com/lJX	0	0.0	0	0	0	0	0	0	0	0	6	0.0	0.0	0.0	0.0
343	http://fh34b.khushkunal.com/lJX	0	0.0	0	0	0	0	0	0	0	0	6	0.0	0.0	0.0	0.0
