index	url	description	div	h1	h2	h3	h4	h5	h6	inbound_links	keywords	outbound_links	p	root	span	title
1	http://www.calexico.ca.gov/	0.14285714285714285	0.21052631578947367	0.0	0.21621621621621623	0.0	0	0	0	0	0.4	10	0.21931946460248347	0.5333333333333333	0.0	0.2222222222222222
2	http://www.casadecalexico.com/	0	0.0	0.5333333333333333	0	0	0	0	0	0	0	49	0.70551821412456	0.4444444444444444	0.0	0.22857142857142856
3	http://calexico.net/	0.12698412698412698	0.0	0.0	0	0	0	0	0	0	0	4	0	0.6666666666666666	0	0.38095238095238093
4	https://en.wikipedia.org/wiki/Calexico,_California	0	0.36363636363636365	0.4	0.0	0.0	0	0	0	0	0	72	2.1826690790464656	0.2	1.1428571428571428	0.14545454545454545
5	http://www.last.fm/music/Calexico	0.0380952380952381	0.0	0.17391304347826086	0.0	0	0.0	0	0	0	0	43	0.0963855421686747	0.4	0.0	0.10256410256410256
6	https://en.wikipedia.org/wiki/Calexico_(band)	0	0.27586206896551724	0.5333333333333333	0.0	0.0	0	0	0	0	0	50	1.5328299161220564	0.22857142857142856	1.0	0.16
7	http://calexico.net/location/park-slope	0	0.0	0.0	0.3333333333333333	0	0	0	0	0	0	7	0.0	0.26666666666666666	0.0	0.23529411764705882
9	http://www.casadecalexico.com/music/	0	0.0	0.5333333333333333	0.6670367857216293	0	0	0	0	0	0	73	0.14035087719298245	0.34782608695652173	0.0	0.32
10	https://www.mapquest.com/us/ca/calexico-282040493	0.07272727272727272	0.0	0.4	0	0.0	0	0	0	0	0	2	0.17411820219417246	0.23529411764705882	0.0	0.4
11	https://www.discogs.com/artist/9856-Calexico	0.14285714285714285	0.2761905768532905	2.0	0	0.1509433962264151	0.0	0.0	0	0	0	45	0.0	0.26666666666666666	0.0	0.25806451612903225
12	http://www.songkick.com/artists/59359-calexico	0.14814814814814814	0.0	0.47058823529411764	0.0	0	0.0	0.0	0.0	0	0	20	0.5242386482269755	0.24242424242424243	2.0	0.23529411764705882
13	http://www.allmusic.com/artist/calexico-mn0000944293	0.06060606060606061	0.0	0.21621621621621623	0.0	0.0	0.0	0	0	0	0	62	0.0	0.20512820512820512	0.0	0.14285714285714285
14	http://www.menupages.com/restaurants/calexico-3/	0	0.0	0.8888888888888888	0.0	0.0	0	0.0	0.0	0	0	17	0.19145299145299144	0.23529411764705882	8.153846153846153	0.09090909090909091
15	http://www.menupages.com/restaurants/brooklyn/williamsburg-greenpoint/all-cuisines/	0	0.0	0	0.0	0.0	0	0.0	0.0	0	0	385	0.0	0.0	0.0	0.0
16	http://www.zillow.com/calexico-ca/	0.05161290322580645	0.02353068396864017	0.34782608695652173	0	0	0.8444444444444444	0.0	0.0	0	0	102	0.0	0.38095238095238093	34.82865382786564	0.2711864406779661
17	http://www2.cusdk12.org/schools/chs/	0	0.0	0	0	0	0	0	0	0	0	42	0.4645550527903469	0.0	0.0	0.38095238095238093
18	http://www.calexico.k12.ca.us/site/index2.php?page2=&u_id=43&menu_id=	0	0.0	0	0	0	0	0	0	0	0	15	0	0.14285714285714285	0	0.2711864406779661
19	http://www.city-data.com/city/Calexico-California.html	0.21621621621621623	0.0	0	0	5.454515361621625	0	0	0	0	0	34	3.361266677131981	0.1951219512195122	0.4	0.04081632653061224
20	http://www.youtube.com/watch?v=LsuWX5TMF4w	0.1	0.0	0.0	0	0.0	0.0	0	0	0	0.0898876404494382	13	0.09302325581395349	0.0	7.999453448864756	0.7272727272727273
21	http://www.calexico.ca.gov/index.asp?SEC=8EC515C6-224F-4B3D-9DE3-82E4C03228E9&DE=577F65C7-1585-46EE-BB03-8554ED151F2A&Type=B_BASIC	0.14285714285714285	0.21052631578947367	0.0	0.0	0.0	0	0	0	0	0.4	84	0.0	0.06779661016949153	0.0	0.09302325581395349
22	http://www.cmt.com/artists/calexico/	0.09523809523809523	10.355517609087782	1.0	0.5714285714285714	0.0	0	0	0	0	0.09523809523809523	42	0.0	0.36363636363636365	1.7777777777777777	0.24242424242424243
24	http://www.facebook.com/calexico	0.08163265306122448	3.0598561154367907	0	0	0	0	0	0	0	0	116	0.23529411764705882	0.4	2.0	0.42105263157894735
25	http://www.youtube.com/watch?v=gLsQ_8PwwDs	0.0	0.0	0.0	0	0.0	0.0	0	0	0	0.1951219512195122	8	0.0	0.0	4.357361407074885	0.21621621621621623
26	http://www.allmusic.com/artist/calexico-mn0000944293/discography	0.14035087719298245	0.0	0.21621621621621623	0.0	0.0	0.0	0	0	0	0	40	0.0	0.16	0.0	0.20512820512820512
27	https://www.tripadvisor.com/Tourism-g32137-Calexico_California-Vacations.html	0.18045112781954886	0.7963109354413702	0.8705882352941177	0	0.4666666666666667	0	0	0	0	0.19047619047619047	2	0.0	0.125	1.2857142857142856	0.25396825396825395
28	https://www.tripadvisor.com/Tourism-g191-United_States-Vacations.html	0.0	0.0	0.0	0	0.0	0.0	0	0	0	0.0	1	0.0	0.0	0.0	0.0
29	https://www.tripadvisor.com/Tourism-g28926-California-Vacations.html	0.0	0.0	0.0	0	0.0	0.0	0	0	0	0.0	2	0.0	0.0	0.0	0.0
30	https://myspace.com/casadecalexico	0.08695652173913043	0.0	0.0	0.0	0.0	0.0	0.0	0.6666666666666666	0	0.2916666666666667	2	0.0	0.32	20.0	0.10256410256410256
31	https://www.amazon.com/Feast-Wire-CALEXICO/dp/B000089CPF	0.18604651162790697	0.08154172294091566	0.0	0.34782608695652173	0.0	0.0	0.0	0	0	0.0851063829787234	97	0.031496062992125984	0.1951219512195122	2.9305295225475283	0.18604651162790697
32	https://www.amazon.com/Alternative-Rock-Music-Indie-Lo-Fi/b?ie=UTF8&node=468300	0.0	0.0	0	0.0	0.0	0.0	0	0	0	0.0	169	0.0	0.0	0.0	0.0
33	https://www.amazon.com/Alternative-Rock-Music-Indie-Rock/b?ie=UTF8&node=471006	0.0	0.0	0	0.0	0.0	0.0	0	0	0	0.0	173	0.0	0.0	0.0	0.0
34	http://www.fandango.com/calexico10theatre_aanlp/theaterpage	0.05673758865248227	0.0	0.16	0.0	0.0	0.0	0.0	0.0	0	0	211	0.0	0.17391304347826086	0.0	0.2077922077922078
35	https://www.yelp.com/biz/calexico-brooklyn-6	0.03225806451612903	0.1702127659574468	0.26666666666666666	0.0	0.34305923961096374	0.0	0	0	0	0.0	125	0.7340909642381803	0.26666666666666666	2.0	0.36363636363636365
36	https://www.yelp.com/c/brooklyn/restaurants	0.0	0.0	0.0	0.0	0.0	0	0	0	0	0.0	96	0.0	0.0	0.0	0.0
37	https://www.yelp.com/c/brooklyn/mexican	0.0	0.0	0.0	0.0	0.0	0	0	0	0	0.0	96	0.0	0.0	0.0	0.0
38	https://www.yelp.com/biz/calexico-brooklyn-6	0.03225806451612903	0.1702127659574468	0.26666666666666666	0.0	0.34305923961096374	0.0	0	0	0	0.0	125	0.7340909642381803	0.26666666666666666	2.0	0.36363636363636365
39	https://www.yelp.com/c/brooklyn/restaurants	0.0	0.0	0.0	0.0	0.0	0	0	0	0	0.0	96	0.0	0.0	0.0	0.0
40	https://www.yelp.com/c/brooklyn/mexican	0.0	0.0	0.0	0.0	0.0	0	0	0	0	0.0	96	0.0	0.0	0.0	0.0
41	http://www.imdb.com/name/nm0129879/	0.25	0.0	0.0	0.0	0.0	0.0	0.0	0	0	0.0	19	0.0	0.0	1.0	0.5333333333333333
42	https://www2.cusdk12.org/nsite/	0	0.0	0	0	0	0	0	0	0	0	57	0.25	0.0	0.16326530612244897	0.20512820512820512
43	http://pitchfork.com/artists/650-calexico/	0	0.0	1.0	1.2248803827751196	0.0	0	0	0	0	0	20	0.03571428571428571	0.25	0.0	0.21621621621621623
44	http://www.topix.com/city/calexico-ca	0.06557377049180328	1.1860465116279069	0.6153846153846154	0	0	0.0	0.0	0	0	0	25	1.1563887093298857	0.3333333333333333	1.6153846153846154	0.42105263157894735
45	http://www.topix.com/state/ca	0.0	0.0	0.0	0	0	0.0	0.0	0	0	0	28	0.0	0.0	0.0	0.0
46	http://www.topix.com/county/imperial-ca	0.0	0.0	0.0	0	0	0.0	0.0	0	0	0	19	0.0	0.0	0.0	0.0
47	https://apps.cbp.gov/bwt/mobile.asp?action=n&pn=2503	0	0.0	0	0	0	0	0	0	0	0	4	0	0.0	0	0.0
48	http://www.metrolyrics.com/calexico-lyrics.html	0.050955414012738856	0.0	1.0	0	0.0	0	0	0	0	0	118	0.0	0.22857142857142856	3.0	0.23529411764705882
49	https://en.wikipedia.org/wiki/Calexico_(band)	0	0.27586206896551724	0.5333333333333333	0.0	0.0	0	0	0	0	0	50	1.5328299161220564	0.22857142857142856	1.0	0.16
50	https://www.yelp.com/biz/calexico-cart-new-york-3	0.03278688524590164	0.0	0.22857142857142856	0.0	0.3088023088023088	0.0	0	0	0	0.0	133	0.9019675450773927	0.22857142857142856	0.6153846153846154	0.3076923076923077
51	https://www.yelp.com/c/nyc/restaurants	0.0	0.0	0.0	0.0	0.0	0.0	0	0	0	0.0	89	0.0	0.0	0.0	0.0
52	https://www.yelp.com/c/nyc/foodstands	0.0	0.0	0.0	0.0	0.0	0	0	0	0	0.0	96	0.0	0.0	0.0	0.0
53	http://www.menupages.com/restaurants/calexico-carne-asada/	0	0.0	0.8888888888888888	0.0	0.0	0	0.0	0.0	0	0	17	0.03755868544600939	0.18181818181818182	8.129032258064516	0.09090909090909091
54	http://www.menupages.com/restaurants/brooklyn/cobble-hill-carroll-grdns/all-cuisines/	0	0.0	0	0.0	0.0	0	0.0	0.0	0	0	129	0.0	0.0	0.0	0.0
55	http://www.realtor.com/realestateandhomes-search/Calexico_CA	0.0	0.0	0	0.0	0	0	0	0	0	0	92	0.0	0.1702127659574468	0.0	0.0
56	http://www.realtor.com/realestateandhomes-search/California	0.0	0.0	0	0.0	0	0	0	0	0	0	92	0.0	0.0	0.0	0.0
57	http://www.realtor.com/realestateandhomes-search/Imperial-County_CA	0.0	0.0	0	0.0	0	0	0	0	0	0	92	0.0	0.0	0.0	0.0
58	http://www.citytowninfo.com/places/california/calexico	0.09411764705882353	0.0	0.4	0	4.7122484220699565	0	0	0	0	0.1038961038961039	46	1.1466171243076717	0.2	0.8888888888888888	0.1
59	http://www.citytowninfo.com/places	0.0	0.0	0.0	0	0.0	0	0	0	0	0.0	114	0.0	0.0	0.0	0.0
60	http://www.monster.com/jobs/l-calexico,-ca.aspx	0.09195402298850575	0.09090909090909091	0.19047619047619047	0.368922305764411	0.26666666666666666	0.0	0	0	0	0.3333333333333333	189	0	0.23529411764705882	3.666666666666666	0.26229508196721313
61	http://www.trulia.com/CA/Calexico/	0.06201550387596899	21.307511436022402	0.2857142857142857	0.17777777777777778	0	0	0.0	0	0	0	4	0.0	0.4	0.0	0.32
62	http://www.emusic.com/artist/-/11600082/	0.07692307692307693	0.0	0	0	0.0	0.0	0.0	0	0	0	314	0.02843601895734597	0.0	5.0	0.21052631578947367
63	https://www.walmart.com/store/1859/whats-new	0.0903954802259887	0.0	1.0162162162162163	0.22857142857142856	0.0	0.0	0.0	0	0	0	149	0.0	0.0	0.0	0.1111111111111111
64	https://itunes.apple.com/us/artist/calexico/id14351970	0.07692307692307693	0.0	1.0	0.0	0.0	0.0	0.0	0	0	0.14285714285714285	135	0.053716961224006765	0.19047619047619047	0.2857142857142857	0.34782608695652173
65	http://www.yellowpages.com/calexico-ca	0.12030075187969924	2.4206241519674356	0.4	0.0	0.26666666666666666	0.3333333333333333	0	0	0	0	16	0.0	0.3076923076923077	0.9467092047737209	0.38095238095238093
66	http://www.mapsofworld.com/location-maps/usa/calexico.html	0.047619047619047616	0.0	0.27586206896551724	0	0	0	0	0	0	0.26666666666666666	346	0.0	0.18181818181818182	0.0	0.27586206896551724
67	http://www.mapsofworld.com/location-maps/	0.0	0.0	0.0	0.0	0	0	0	0	0	0.0	578	0.0	0.0	0.0	0.0
68	http://www.mapsofworld.com/location-maps/usa/	0.0	0.0	0.0	0.0	0	0	0	0	0	0.0	464	0.0	0.0	0.0	0.0
69	http://www.airnav.com/airport/KCXL	0.0653061224489796	0.0	0	0	0.611111111111111	0.0	0	0	0	1.0	8	0.0	0.0	0	0.17777777777777778
70	https://open.spotify.com/artist/1OmdWpAh1pucAuZPzJaxIJ	0	0.0	0.0	0	0	0	0	0	0	0	1	1.0	0.0	0	0.27586206896551724
71	http://www.axs.com/artists/106887/calexico-tickets	0.14414414414414414	0.0	1.0	0.4444444444444444	0.0	0	0	0.0	0	0	275	0.22857142857142856	0.2222222222222222	0.7197840698824967	0.14545454545454545
72	http://locations.avis.com/us/ca/calexico/w7m.html	0.12698412698412698	0.5831202046035806	0.22857142857142856	1.139047619047619	0.0	0	0	0	0	0	18	0.0	0.21052631578947367	2.888888888888889	0.42105263157894735
73	http://locations.avis.com/us/ca#calexico	0.0	0.0	0	1.0	0	0	0	0	0	0	17	0	0.25806451612903225	0.0	0.0
75	http://www.npr.org/artists/15319324/calexico	0.09523809523809523	0.0	0	2.493029551094067	0.0	0	0	0	0	0	77	1.0989126365326591	0.26666666666666666	0.0	0.5714285714285714
77	http://www.pandora.com/calexico	0.07476635514018691	0.5467212806159361	1.0	0.0	0.0	0	0	0	0	0	177	0.0	0.42105263157894735	0.0	0.2318840579710145
78	https://www.trulia.com/CA/Calexico/	0.06201550387596899	21.307511436022402	0.2857142857142857	0.17777777777777778	0	0	0.0	0	0	0	4	0.0	0.4	0.0	0.32
79	https://www.britannica.com/place/Calexico	0.0	3.0282685512367493	1.0	0.0	0	0	0	0	0	0.13793103448275862	21	0.0	0.2962962962962963	1.5853658536585364	0.1509433962264151
80	http://wikitravel.org/en/Calexico	0.037383177570093455	0.0	1.0	0.0	0.0	0	0	0	0	0.0851063829787234	19	0.4508704508704509	0.3333333333333333	0.0	0.23529411764705882
81	https://archive.org/details/Calexico	0.0	7.0	1.0	0.0	0.0	0	0.0	0.0	0	0	123	0	0.3076923076923077	7.0	0.17391304347826086
82	http://www.apartmenthomeliving.com/calexico-ca	0.09937888198757763	0.3076923076923077	0.0	0.4267425320056899	0.0	0.7948051948051947	0	0	0	0	92	0.10957731013441319	0.23529411764705882	0.0	0.37209302325581395
83	http://www.latimes.com/local/great-reads/la-me-c1-calexico-20150727-story.html	0	0.0	0.09195402298850575	0	0	0	0	0	0	0	8	0.6516308704870168	0.125	0.25	0.09876543209876543
84	http://www.metrotheatres.com/location/6359/Calexico-10	0	0.0	0.6666666666666666	0	0.0	0	0	0	0	0	17	0.0	0.2	0.4	0.22857142857142856
85	http://rateyourmusic.com/artist/calexico	0.0903954802259887	0.0	1.0	0.0	0.0	0	0	0	0	0.0	3	0.0	0.25806451612903225	1.0	0.09411764705882353
86	http://pitchfork.com/reviews/albums/17033-algiers/	0	0.0	0.0	0	0.0	1.0	0	0	0	0	13	0.06929904008657399	0.0	0.0	0.19047619047619047
87	http://www.npr.org/2015/04/05/396790664/first-listen-calexico-edge-of-the-sun	0.0	0.0	0.2222222222222222	0.0	0.0	0.0	0	0	0	0	43	0.9008290325120015	0.13114754098360656	0.0	0.19047619047619047
88	http://www.indeed.com/l-Calexico,-CA-jobs.html	0.10810810810810811	0.26666666666666666	0	0.0	0	0	0	0	0	0.30939226519337015	3	0.0	0.23529411764705882	4.533333333333333	0.17777777777777778
89	http://www.last.fm/music/Calexico/_/Alone+Again+Or	0.023809523809523808	0.0	0.0	0.0	0.0	0	0	0	0	0	32	0.1103448275862069	0.22857142857142856	1.0	0.08888888888888889
90	http://www.accuweather.com/en/us/calexico-ca/92231/weather-forecast/332058	0.09523809523809523	0.0	0.6666666666666666	0.0	0.32	0.0	0.0	0	0	0.11940298507462686	178	0.0	0.14035087719298245	0.5	0.1509433962264151
91	http://www.accuweather.com/en/us/united-states-weather	0.0	0.0	0.0	0.0	0.0	0.0	0.0	0	0	0.0	160	0.0	0.0	0.0	0.0
92	http://www.accuweather.com/en/us/ca/california-weather	0.0	0.0	0	0.0	0.0	0.0	0.0	0	0	0	208	0.0	0.0	0.0	0.0
93	http://www.anti.com/artists/calexico/	0.032520325203252036	0.0	1.0	0	0.0	0.0	0.0	0	0	0	25	0.0700624736499176	0.34782608695652173	1.0	0.5
95	http://www.stubhub.com/calexico-tickets/performer/405099/	0	0	0	0	0	0	0	0	0	0	0	0	0.19047619047619047	0	0
96	http://www.snagajob.com/jobs/california/calexico_jobs.html	0.11510791366906475	0.5316197316197316	0.6153846153846154	0.32	1.4071075123706702	0	0	0	0	0	11	0	0.18181818181818182	0.6666666666666666	0.3404255319148936
97	http://www.homefinder.com/CA/Calexico/	0.05405405405405406	7.600000000000002	0.27586206896551724	0.0	0	0.0	0.0	0.6666666666666666	0	0.31746031746031744	85	0.0	0.3333333333333333	0.0	0.27586206896551724
98	http://www.ebay.com/sch/i.html?_nkw=calexico	0.21052631578947367	0.0	0.0	0.0	0.0	0	0	0	0	0.3047619047619048	245	0.0	0.25806451612903225	0.8888888888888888	0.47058823529411764
99	http://encyclopedia2.thefreedictionary.com/Calexico	0.0995850622406639	0.1568627450980392	1.0	1.0	0	0	0	0	0	0.13186813186813187	98	0.0	0.18604651162790697	13.0	0.2857142857142857
100	http://www.californiagasprices.com/Calexico/index.aspx	0.128	0.0	0.0	0.0	0	0	0	0	0	0	55	0.0	0.1951219512195122	0.0	0.2222222222222222
101	https://www.cbp.gov/border-security/along-us-borders/border-patrol-sectors/el-centro-sector-california/calexico-station	0.08695652173913043	0.0	0.47058823529411764	0.0	0	0	0	0	0	0.0	45	0.15352433248005382	0.0784313725490196	0.47058823529411764	0.1509433962264151
102	https://www.cbp.gov/border-security/along-us-borders/border-patrol-sectors/el-centro-sector-california	0.0	0.0	0.0	0.0	0	0	0	0	0	0.0	45	0.04774791580611778	0.0	0.0	0.0
104	http://www.calexico.com.au/	0.07017543859649122	1.0	0	0.0	0	0	0	0	0	0	6	0.0	0.5333333333333333	0.0	1.0
105	http://www.greatschools.org/california/calexico/1079-Calexico-High-School/	0.15584415584415584	4.502619356292989	0.0	0.0	0.0	0	0	0	0	0.3769633507853403	27	0.0	0.2711864406779661	2.54623878536922	0.24242424242424243
106	http://www.greatschools.org/california/	0.0	0.0	0.0	0.0	0.0	0.0	0	0	0	0.0	30	0.0	0.0	0.0	0.0
107	http://www.greatschools.org/california/calexico/	0.11188811188811189	2.8615384615384616	0.5	0.0	0.0	0.0	0	0	0	0.3393939393939394	18	0.0	0.23529411764705882	4.666666666666667	0.21621621621621623
108	http://www.greatschools.org/california/calexico/schools/	0.11764705882352941	4.579161966104082	0.12903225806451613	0	0	0	0	0	0	0	146	0.0	0.1951219512195122	1.0	0.3076923076923077
110	http://www.azlyrics.com/c/calexico.html	0.06299212598425197	0.0	0	0	0	0	0	0	0	0.3018867924528302	48	0	0.3076923076923077	0.0	0.5333333333333333
111	http://www.city-data.com/crime/crime-Calexico-California.html	0.05194805194805195	0.0	0	0	0	0.0	0	0	0	0	19	0.3130699088145896	0.16666666666666666	0.04678362573099415	0.04819277108433735
112	http://katewolfmusicfestival.com/calexico/	0	0.0	0	0.24242424242424243	0	0	0	0	0	0	86	0.14847214394954525	0.24242424242424243	0.0	0.22857142857142856
113	http://www.aljazeera.com/indepth/features/2015/02/calexico-mexicali-twin-cities-separated-birth-150219133329144.html	0.0	0.0	0.1509433962264151	0.0	0	0	0	0	0	0	36	0.041884816753926704	0.08	0.14003983331419262	0.10810810810810811
114	http://billions.com/calexico	0.0	0.0	1.0	0.0	0.0	0.0	0	0	0	0.0	11	0.4058075387937916	0.4	0.0	0.27586206896551724
115	http://www.contactmusic.com/calexico	0.0851063829787234	0.0	1.0	0.2962962962962963	0.8	0	0	0	0	0.10666666666666667	258	1.0677176576893066	0.3333333333333333	14.61461794019933	0.1509433962264151
116	http://www.usa.com/calexico-ca.htm	0.11009174311926606	0.6666666666666666	0.6666666666666666	0.17391304347826086	0	0	0	0	0	0	2	0.06054872280037843	0.36363636363636365	0	0.36363636363636365
117	http://movies.eventful.com/theaters-showtimes/calexico-10-theatre-/T0-001-000002836-0	0.04597701149425287	0.0	0.42105263157894735	0.26666666666666666	0.14035087719298245	0.0	0	0	0	0	167	0.0	0.10666666666666667	1.2666666666666666	0.26666666666666666
118	http://movies.eventful.com/calexico/theaters-showtimes	0.05783132530120482	0.0	0.0	0.0	0.0	0.0	0	0	0	0	175	0.0	0.17777777777777778	3.1543859649122807	0.26666666666666666
119	http://www.metrolyrics.com/puerto-lyrics-calexico.html	0.05161290322580645	0.0	0.0	0.5333333333333333	0.0	0	0	0	0	0	61	0.0	0.19047619047619047	0.0	0.21052631578947367
121	http://www.granplazaoutlets.com/	0.05925925925925926	0.0	0	0.0	0.0	0	0	0	0	0	11	0.18604651162790697	0.0	0.0	0.16666666666666666
123	http://www.yourkeylocksmith.com/locksmith-in-calexico-ca/	0	0.23529411764705882	0.32	1.05993265993266	0.17391304347826086	0	0	0	0	0	21	0.3833359775306089	0.18181818181818182	0.0	0.6105263157894737
124	http://www.ivpressonline.com/quicknews/calexico-police-officers-suspended-amid-fbi-local-investigation-into-department/article_185e41c2-6058-11e4-9f9c-0017a43b2370.html	0.061855670103092786	0.044444444444444446	0.0	0.0	0.2	0.0	0	0	0	0.16326530612244897	35	0.22682818946856087	0.05194805194805195	0.08791208791208792	0.06015037593984962
125	http://www.bbc.co.uk/music/artists/5e372a49-5672-4fb8-ba14-18c90780c4f9	0.11851851851851852	34.47142857142857	1.0	1.3714285714285714	0.0	0.0	0	0	0	0.12121212121212122	469	0.16067159024493916	0.0	1.1076923076923078	0.2
126	http://calexicohousing.org/	0	0	0	0	0	0	0	0	0	0	0	0.0	0.42105263157894735	0	0.0
127	http://www.dictionary.com/browse/calexico	0.14814814814814814	0.0	0	0	0.32	0	0	0	0	0.32653061224489793	52	0.0	0.2857142857142857	4.0	0.36363636363636365
128	http://www.americantowns.com/ca/calexico	0.09411764705882353	0.0	0	0.0	0.0	1.2845067576102058	0.0	0	0	0.2846975088967972	27	7.976686416537633	0.2962962962962963	1.380952380952381	0.1568627450980392
129	https://twitter.com/calexiconyc	0.1797752808988764	0.0	0.0	0.34782608695652173	0.15384615384615385	0.0	0	0	0	0	25	1.550345193135891	0.36363636363636365	2.50618632141852	0.48484848484848486
130	https://en.wikivoyage.org/wiki/Calexico	0	0.0	1.0	0.0	0.0	0	0	0	0	0	19	0.45169502312359455	0.27586206896551724	0.06451612903225806	0.21621621621621623
131	http://www.bandsintown.com/Calexico	0.10126582278481013	1.0	0.0	0.0	0.0	0	0	0	0	0.4	21	0.0	0.34782608695652173	0.0	0.19047619047619047
132	http://www.ticketfly.com/event/767467-calexico-philadelphia/	0	0.0	1.0	0	1.8888888888888888	0.0	0.0	0.0	0	0	36	0.017297297297297298	0.17391304347826086	0.0	0.8
133	http://articles.ivpressonline.com/keyword/calexico	0.13793103448275862	1.3851349859313282	1.0	0	0	0	0	0	0	0.08791208791208792	4	0	0.1951219512195122	1.0	0.17391304347826086
134	http://www.ivcampus.sdsu.edu/The_SDSU_IVC/calexico.asp	0	0.0	1.0	0	0	0.0	0	0	0	0	3	0.1927710843373494	0.1951219512195122	0	0.3076923076923077
135	https://www.wikidata.org/wiki/Q753034	0.0	0.4	0	0.0	0.0	0	0	0	0	0	50	0	0.0	2.0	0.42105263157894735
136	http://www.yellowpages.com/calexico-ca/dentists	0.1032258064516129	0.0	1.0	0.0	0.0	0.0	0.0	0	0	0	93	5.7884615384615365	0.23529411764705882	8.000000000000002	0.17391304347826086
137	https://www.tripadvisor.com/Restaurants-g32137-Calexico_California.html	0.10666666666666667	5.826330532212886	0.5700000000000001	0	0.0	0	0	0	0	0.11428571428571428	1	0	0.13793103448275862	2.2857142857142856	0.1568627450980392
138	https://www.tripadvisor.com/Tourism-g28926-California-Vacations.html	0.0	0.0	0.0	0	0.0	0.0	0	0	0	0.0	1	0.0	0.0	0.0	0.0
139	https://www.tripadvisor.com/Tourism-g32137-Calexico_California-Vacations.html	0.18045112781954886	0.7963109354413702	0.8705882352941177	0	0.4666666666666667	0	0	0	0	0.19047619047619047	2	0.0	0.125	1.2857142857142856	0.25396825396825395
140	http://www.maxpreps.com/high-schools/calexico-bulldogs-(calexico,ca)/volleyball/home.htm	0.05161290322580645	0.0	0	0.0	0.0	0	0	0	0	0	52	1.3067891208987028	0.2191780821917808	1.0476190476190474	0.17391304347826086
141	http://www.maxpreps.com/state/volleyball/california.htm	0.0	0.0	0.0	0.0	0.0	0	0	0	0	0	16	0.0	0.0	0.0	0.0
142	http://commons.wikimedia.org/wiki/Category:Calexico	0	0.0	0.47058823529411764	0.2857142857142857	0.0	0	0	0	0	0	16	0.0	0.1951219512195122	0.0	0.21621621621621623
143	https://soundcloud.com/casadecalexico	0.06504065040650407	0.0	0	0.34782608695652173	0	0	0	0	0	0.0	7	1.0	0.2857142857142857	0	0.2807017543859649
144	https://play.google.com/store/music/artist/Calexico?id=A53imzzene2fmie77wb6b5womwm	0.0392156862745098	1.4547262251503312	0.0	0	0	0	0	0	0	0	35	0.0	0.11428571428571428	0.0	0.25806451612903225
145	http://www.besteveralbums.com/thechart.php?b=1283	0.053691275167785234	0.0	0	1.1965811965811965	0	0	0	0	0	0	100	0.03076923076923077	0.0	0.0	0.2962962962962963
146	http://www.iheart.com/artist/Calexico-37577/	0	0.0	1.0	0.0	1.0	0	0	0	0	0	2	0.08908481425357027	0.26666666666666666	2.0	0.21621621621621623
147	http://locations.westernunion.com/us/ca	0.0	0.0	0.0	0.0	0.0	0	0	0	0	0	102	0.0	0.0	0.0	0.0
148	http://history.rays-place.com/ca/imp-calexico.htm	0	0	0	0	0	0	0	0	0	0	3	0.0440771349862259	0.2	0.0	0.25806451612903225
149	http://local.fedex.com/ca/calexico/	0.06015037593984962	0.0	0.26666666666666666	0.0	0.0	0	0	0	0	0	162	0.9772125066242713	0.32	0.0	0.26666666666666666
151	http://www.thegearpage.net/board/index.php?threads/calexico.812038/	0.0	0.8888888888888888	0.25	0	0.0	0	0	0	0	0	32	0.0	0.15384615384615385	0.0	0.2857142857142857
152	http://www.thegearpage.net/board/index.php?forums/the-sound-hound-lounge.12/	0.0	0.0	0.0	0	0.0	0	0	0	0	0	25	0.0	0.0	0.0	0.0
153	http://calexicolibrary.org/	0	0.0	0	0.0	0.16	0	0	0	0	0	11	0.18181818181818182	0.42105263157894735	0.0	0.0
154	http://cdsdp.org/Calexico.aspx	0	0.0	0.0	0.18181818181818182	0	0	0	0	0	0	6	0.04938271604938271	0.36363636363636365	0	0.0
155	http://www.songlyrics.com/calexico-lyrics/	0.1553398058252427	0.0	0.5333333333333333	0.7913978494623656	0.0	0.0	0	0	0	0	223	0.0	0.27586206896551724	0.0	0.5333333333333333
156	http://www.songlyrics.com/c/2/	0.0	0.0	0.0	0	0.0	0.0	0	0	0	0	116	0	0.0	0.0	0.0
157	http://www.setlist.fm/setlists/calexico-bd6a9a2.html	0.14814814814814814	0.0	0.8888888888888888	0.42105263157894735	0.0	0	0	0	0	0.2909090909090909	17	0.22857142857142856	0.20512820512820512	13.758307533539732	0.21052631578947367
158	http://www.setlist.fm/artists	0.0	0.0	0.0	0.0	0	0	0	0	0	0.0	10	0	0.0	0.0	0.0
159	http://www.setlist.fm/artist/browse/c/1.html	0.0	0.0	0.0	0.0	0	0	0	0	0	0.0	10	0	0.0	0.0	0.0
160	http://www.jango.com/music/Calexico	0.07920792079207921	1.3263403263403264	0	0	0	0	0	0	0	0.47337278106508873	13	0.0243161094224924	0.36363636363636365	0.0	0.10526315789473684
161	https://twitter.com/casadecalexico	0.17582417582417584	0.0	0.0	0.3076923076923077	0.13793103448275862	0.0	0	0	0	0	36	0.7584315478799264	0.32	2.3509379509379507	0.38095238095238093
162	http://www.ivpressonline.com/	0.0	0.0	0	0.0	0.0	0.0	0	0	0	0.0	30	0.30000000000000004	0.0	0.0	0.0
163	http://fox5sandiego.com/2014/10/30/fbi-raids-calexico-police-department/	0.11822660098522167	0.0	0.32	0.0	0.0	0.32	0.0	0	0	0.0	106	0.27953939214312656	0.13333333333333333	0.0	0.14545454545454545
164	https://sdhome.sdcoe.net/calexico/	0	0.0	0	0	0	0	0	0	0	0	1	0	0.3333333333333333	0.0	0.0
165	http://casa-calexico.com/	0	0.0	0	0	0	0	0	0	0	0	2	0	0.47058823529411764	0.0	0.18181818181818182
166	http://www.whitepages.com/white-pages/calexico-ca	0.0	0.0	0.4	1.726868686868687	0	0.26666666666666666	0	0	0	0.0	51	0.0	0.2222222222222222	0.0	0.19753086419753085
167	http://www.whitepages.com/white-pages/CA	0	0	0	0	0	0	0	0	0	0	0	0	0.0	0	0
168	http://www.zillow.com/calexico-ca/land/	0.09090909090909091	0.02431751355271759	0.5	0	0	0.8444444444444444	0.0	0.0	0	0	102	0.0	0.32	16.22961275932948	0.47058823529411764
169	http://mp3.com/artist/Calexico/	0.0963855421686747	0.15380300060095006	1.0	0.0	0	0	0	0	0	0.17391304347826086	61	0.7975338662095235	0.38095238095238093	0.0	0.10526315789473684
170	http://book.bestwestern.com/bestwestern/US/CA/Calexico-hotels/BEST-WESTERN-John-Jay-Inn/Hotel-Overview.do?propertyCode=05582	0.05442176870748299	0.0	0.0	0	0.0	0.0	0	0.0	0	0	58	0.0	0.07207207207207207	0.0	0.11594202898550725
171	http://www.airnav.com/airport/CXL	0.0653061224489796	0.0	0	0	0.611111111111111	0.0	0	0	0	1.0	7	0.0	0.0	0	0.17777777777777778
172	http://www.imperial.courts.ca.gov/	0	0.0	0	0.0	0.0	0	0	0	0	0	14	0.0	0.0	0.0	0.0
173	http://locations.dennys.com/CA/CALEXICO/246403	0.03619909502262444	0.0	0.0	0.0	0.0	0	0.0	0	0	0.0	61	0.0	0.2222222222222222	2.0	0.18181818181818182
174	http://locations.dennys.com/CA	0.0	0	0.0	0	0	0	0	0	0	0.0	55	0.0	0.0	0.0	0.0
175	http://locations.dennys.com/CA/CALEXICO	0.037914691943127965	0.0	0.2962962962962963	0	0	0	0	0	0	0.0	56	0.0	0.26666666666666666	2.0	0.12121212121212122
176	http://www.greatschools.org/california/calexico/24814-Calexico-Community-Day-School/	0.13953488372093023	3.72684246112238	0.0	0.0	0.0	0	0	0	0	0.2938775510204082	27	0.0	0.2318840579710145	2.6786324786324784	0.21333333333333335
177	http://www.greatschools.org/california/	0.0	0.0	0.0	0.0	0.0	0.0	0	0	0	0.0	30	0.0	0.0	0.0	0.0
178	http://www.greatschools.org/california/calexico/	0.11188811188811189	2.8615384615384616	0.5	0.0	0.0	0.0	0	0	0	0.3393939393939394	18	0.0	0.23529411764705882	4.666666666666667	0.21621621621621623
179	http://www.greatschools.org/california/calexico/schools/	0.11764705882352941	4.579161966104082	0.12903225806451613	0	0	0	0	0	0	0	146	0.0	0.1951219512195122	1.0	0.3076923076923077
180	http://www.lyrics.com/artist/Calexico/224286	0.2962962962962963	0.0	0.2962962962962963	0.0	0.13333333333333333	0.0	0.0	0	0	0.4528301886792453	54	0.32103735190254157	0.26666666666666666	0.0	0.5333333333333333
181	http://www.whitepages.com/yellow-pages/calexico-ca	0	0	0	0	0	0	0	0	0	0	0	0	0.21621621621621623	0	0
182	http://www.whitepages.com/yellow-pages/CA	0	0	0	0	0	0	0	0	0	0	0	0	0.0	0	0
183	http://www.realtor.com/realestateandhomes-detail/1155-Holdridge-St_Calexico_CA_92231_M24434-79444	0.0	0.0	0	0.0	0	0	0	0	0	0	92	0.0	0.09523809523809523	0.0	0.0
184	http://www.realtor.com/soldhomeprices/Imperial-County_CA	0.0	0.0	0	0.0	0	0	0	0	0	0	92	0.0	0.0	0.0	0.0
185	http://www.realtor.com/soldhomeprices/Calexico_CA	0.0	0.0	0	0.0	0	0	0	0	0	0	92	0.0	0.2222222222222222	0.0	0.0
186	https://www.cbp.gov/contact/ports/calexico-west-class	0	0.0	0.34782608695652173	0.0	0	0	0	0	0	0	46	0.0	0.21052631578947367	2.3478260869565215	0.13333333333333333
187	https://www.cbp.gov/contact	0.0	0.0	0.0	0.0	0	0	0	0	0	0.0	50	0.0	0.0	0.0	0.0
188	https://www.cbp.gov/contact/ports	0.0	0.0	0.0	0.0	0	0	0	0	0	0.0	45	0.0	0.0	0.0	0.0
189	http://www.maxpreps.com/high-schools/calexico-bulldogs-(calexico,ca)/football/home.htm	0.048484848484848485	0.0	0	0.0	0.0	0	0	0	0	0	25	0.663474783118688	0.22535211267605634	1.0877192982456139	0.18181818181818182
190	http://www.maxpreps.com/national/football.htm	0.0	0.0	0.0	0.0	0	0	0	0	0	0	14	0.0	0.0	0.0	0.0
191	http://www.maxpreps.com/state/football/california.htm	0.0	0.0	0.0	0.0	0.0	0	0	0	0	0	18	0.0	0.0	0.0	0.0
192	http://www.homefinder.com/CA/Calexico/?page=5	0.05405405405405406	8.000000000000002	0.27586206896551724	0.0	0	0.0	0.0	0.6666666666666666	0	0.31746031746031744	84	0.0	0.25806451612903225	0.0	0.2222222222222222
193	http://www.cityslang.com/calexico/	0.019656019656019656	0.5	0	0.0	0	0	0	0	0	0.0	11	0.09369613582765011	0.38095238095238093	0.0	0.26666666666666666
194	https://www.zagat.com/r/calexico	0.064	0.0	0.4	0.25806451612903225	0.25806451612903225	0.0	0.0	0	0	0	70	0.0	0.4444444444444444	0.0	0.13559322033898305
195	http://articles.latimes.com/keyword/calexico	0.1553398058252427	0.3679295737476566	1.0	0	0	0	0	0	0	0.1	4	0	0.22857142857142856	1.0	0.24242424242424243
196	http://stores.jcpenney.com/ca/calexico	0.048484848484848485	0.052612612612612616	0.17391304347826086	0	0.0	0	0	0	0	0.3386243386243386	53	0.22857142857142856	0.27586206896551724	3.0	0.16326530612244897
197	http://www.americantowns.com/ca/calexico/news	0.08791208791208792	0.0	0.25806451612903225	0.0	0.0	0	0.0	0	0	0.32	14	0.05786788750817528	0.25806451612903225	1.0	0.37209302325581395
198	http://www.americantowns.com/ca/calexico	0.09411764705882353	0.0	0	0.0	0.0	1.2845067576102058	0.0	0	0	0.2846975088967972	27	7.976686416537633	0.2962962962962963	1.380952380952381	0.1568627450980392
199	http://www.songlyrics.com/calexico/roka-lyrics/	0.049689440993788817	0.0	0.36363636363636365	0.0	0.34782608695652173	0.0	0	0	0	0	74	0.0	0.24242424242424243	0.0	0.36363636363636365
200	http://www.songlyrics.com/calexico/garden-ruin/	0.07407407407407407	0.0	0.2857142857142857	0.0	0.34782608695652173	0.0	0	0	0	0	58	0.0	0.24242424242424243	0.0	0.27586206896551724
201	http://cms.sbcounty.gov/parks/Parks/CalicoGhostTown.aspx	0	0.0	0	0.0	0	0.0	0	0	0	0	80	0.0	0.0	0.0	0.0
202	http://cms.sbcounty.gov/parks/Parks.aspx	0	0.0	0	0.0	0	0	0	0	0	0	63	0	0.0	0.0	0.0
203	http://apps.cbp.gov/bwt/display_rss_port.asp?port=250302	0	0	0	0	0	0	0	0	0	0	3	0	0.0	0.0	0
204	http://www.popmatters.com/review/69714-calexico-live-from-austin-tx-dvd/	0.0	0.0	0.0	0.0	1.0	0.0	0	0	0	0.22535211267605634	98	0.34068475315731805	0.13793103448275862	0.0	0.16666666666666666
205	http://calexicobid.com/	0	0.0	0	0	0	0	0	0	0	0	0	0.24356647874089737	0.5333333333333333	0.0	1.0
206	http://affordablehousingonline.com/housing-search/California/Calexico/	0.05970149253731343	0.0	0.6153846153846154	0	1.6068028629004238	3.476459457942833	0	0	0	0	0	0.9787595812033879	0.13559322033898305	0.34782608695652173	0.11940298507462686
207	http://affordablehousingonline.com/housing-search/California/Imperial-County/	0.0	0.0	0.0	0	0.0	0.0	0	0	0	0	0	0.0	0.0	0.0	0.0
208	https://calexicomusic.bandcamp.com/	0.035555555555555556	0.0	0	0.0	0.0	0.0	0	0	0	0	14	0.0	0.3076923076923077	1.0	1.0
209	http://www.priceline.com/cheap-hotels-calexico-california-CA-tk-c323648-hl.hotel-reviews-hotel-guides	0.05755395683453238	0.2094240837696335	0.5333333333333333	0.26666666666666666	0.0	0.0	0	0	0	0.17328519855595667	36	0.0	0.0898876404494382	0.6666666666666666	0.1509433962264151
210	http://www.priceline.com/united-states-countries-8.hotel-reviews-hotel-guides?plf=PCLN&irefid=PLTGMERCH&irefclickid=CALEXICOCA	0.0	0.0	0.0	0.0	0	0.0	0	0	0	0.0	34	0.0	0.07017543859649122	0.0	0.0
211	http://www.priceline.com/united-states-california-cities-CA.hotel-reviews-hotel-guides?plf=PCLN&irefid=PLTGMERCH&irefclickid=CALEXICOCA	0.0	0.0	0.0	0.0	0.0	0	0	0	0	0.0	46	0.0	0.06504065040650407	0.0	0.0
212	http://www.rentdigs.com/california/calexico-apartments.aspx	0.049079754601226995	0.0	0.17391304347826086	0.0	0	0.0	0	0	0	0	6	0.0	0.17391304347826086	13.763575649791633	0.1568627450980392
213	http://californiaobits.tributes.com/browse_obituaries?city=Calexico&state=CA	0.0547945205479452	0.0	0.16326530612244897	0	0	0	0	0	0	0.16091954022988506	33	0.03940886699507389	0.11764705882352941	0.0	0.125
214	http://californiaobits.tributes.com/browse_obituaries?city=Calexico&state=CA	0.0547945205479452	0.0	0.16326530612244897	0	0	0	0	0	0	0.16091954022988506	33	0.03940886699507389	0.11764705882352941	0.0	0.125
215	http://www.bestplaces.net/economy/city/california/calexico	0.0	0.0	0	0.0	0.0	0	0	0	0	0.0	102	0.05228758169934641	0.18604651162790697	2.643285528031291	0.24242424242424243
216	http://www.metrotheatres.com/location.asp?location=6359	0	0.0	0.6666666666666666	0	0.0	0	0	0	0	0	17	0.0	0.0	0.4	0.22857142857142856
217	https://www.theguardian.com/culture/australia-culture-blog/2013/sep/17/calexico-interview-joey-burns	0.04419889502762431	0.0	0.10666666666666667	0.0	0.0	0	0	0	0	0.0	188	0.2285270790620065	0.0975609756097561	0.0	0.08163265306122448
218	https://www.theguardian.com/us/culture	0.0	0.0	0	0.0	0.0	0	0	0	0	0	245	0.0	0.0	0.0	0.0
219	https://www.theguardian.com/culture/brisbane-festival-2013	0.0	0.0	0.0	0.0	0.0	0	0	0	0	0	244	0.0	0.0	0.580177276390008	0.0
220	http://www.robinsonford.net/?lang=en	0.07766990291262135	0.0	0.0	0	0.0	0	0	0	0	0.09876543209876543	54	0.0	0.0	1.0	0.07766990291262135
221	http://www.maplandia.com/united-states/california/imperial-county/calexico/	0.16	0.0	0.8912466843501327	1.9162559348467667	1.6117970917970919	2.3374279410577055	0	0	0	0.057971014492753624	15	0.2835724345962882	0.13559322033898305	0.0	0.16
224	http://www.decomartfurniture.com/	0.05755395683453238	0.0	0.0	0	0.0	0.0	0	0	0	0	4	0.19047619047619047	0.0	0.0	0.16666666666666666
225	http://www.definitions.net/definition/Calexico	0.14953271028037382	0.0	0.0	0.0	0.0	0.0	0.0	0	0	0.37209302325581395	64	2.3098007613405236	0.24242424242424243	0.3076923076923077	0.3333333333333333
226	http://www.imperialexitrealty.com/	0.024024024024024024	0.0	0.0	0.0	0	0	0	0	0	0.019230769230769232	25	0.024539877300613498	0.0	10.891182501708817	0.05555555555555555
227	http://www.lyrics.com/calexico	0.2962962962962963	0.0	0.2962962962962963	0.0	0.13333333333333333	0.0	0.0	0	0	0.4528301886792453	54	0.32103735190254157	0.4444444444444444	0.0	0.5333333333333333
228	http://calexicorecreation.org/	0	0.0	0	0.0	0.0	0	0	0	0	0	0	0.0	0.36363636363636365	0.0	0.26666666666666666
229	http://www.epodunk.com/cgi-bin/genInfo.php?locIndex=9933	0.05970149253731343	1.3810025425270436	0.2222222222222222	0.2962962962962963	0.0	0	0	0	0	0.32	171	1.3586095965811478	0.0	0	0.1702127659574468
230	http://www.epodunk.com/counties/ca_county.html	0.0	0.0	0	0	0	0	0	0	0	0.0	7	0.0	0.0	0	0.0
231	http://www.epodunk.com/cgi-bin/genInfo.php?locIndex=10304	0.0	0.0	0.0	0.0	0.0	0	0	0	0	0.0	102	0.09138777331548416	0.0	0	0.0
232	http://www.delivermydumpster.com/california/dumpster-rental-in-calexico-ca/	0	0.0	0.25806451612903225	1.3296296296296295	0.0	0	0	0	0	0	37	0.0	0.13114754098360656	0.0	0.1797752808988764
233	http://www.superpages.com/bp/calexico-ca/walmart-L2046006525.htm	0.06324110671936758	0.0	0.0	0	0.0	0.0	0	0	0	0.05970149253731343	17	0.0	0.16	0.8	0.2318840579710145
234	http://www.homes.com/Home-Prices/92231/	0.03773584905660377	0.0	0.0	0.0	0.4	0	0	0	0	0	9	0.191320051921666	0.0	0.0	0.18181818181818182
235	http://www.homes.com/Home-Prices/CA/CALEXICO/	0.07142857142857142	0.0	0.3333333333333333	0.2962962962962963	0.6051282051282052	0	0	0	0	0	9	0.08362369337979095	0.26666666666666666	0.0	0.16326530612244897
236	http://locations.autozone.com/ca/calexico/927-imperial-ave.html	0.03333333333333333	0.0	0.0	0.0	0.0	0.0	0	0	0	0.0	89	0.0	0.1509433962264151	3.234969046677267	0.18604651162790697
237	http://locations.autozone.com/ca.html	0.0	0.0	0.0	0	0	0	0	0	0	0.0	80	0.0	0.0	0.0	0.0
238	http://locations.autozone.com/ca/calexico.html	0.22857142857142856	0.0	0.22857142857142856	0	0	0	0	0	0	0.0	81	0.0	0.21621621621621623	3.0	0.22857142857142856
239	http://www.demarr.com/services/california-private-investigator/imperial-county-private-investigator/calexico-city/	0	0.0	0.23529411764705882	0.0	0	0	0	0	0	0	78	0.037383177570093455	0.08163265306122448	0	0.6153846153846154
240	http://calexicomissionschool.com/	0.0	0.0	0	0	0.0	0.0	0.0	0	0	0	56	0.06015037593984962	0.32	0.0	0.34782608695652173
241	http://www.cityfeet.com/cont/ca/calexico-commercial-property	0.08695652173913043	3.636363636363637	0.34798534798534797	0.25	0.0	0	0.14545454545454545	0	0	0.25	3	0.15135443382028763	0.17391304347826086	0.0	0.25
242	http://www.bulldogs99.com/	0.11428571428571428	0.0	0.0	0	0	0	0	0	0	0.27586206896551724	1	0.0	0.0	1.1851851851851851	0.34782608695652173
243	http://www.lyricsmode.com/lyrics/c/calexico/	0.07017543859649122	0.14285714285714285	1.0	0	0	0	0	0	0	0	1	0	0.27586206896551724	1.0	0.25
244	http://www.lyricsmode.com/lyrics/c	0.0	0.0	0.0	0	0	0	0	0	0	0	0	0	0.0	0	0.0
245	http://casa-calexico.com/rates/	0	0.0	0	0	0	0	0	0	0	0	17	0.19047619047619047	0.36363636363636365	0.0	0.13559322033898305
247	https://commons.wikimedia.org/wiki/Category:Calexico,_California	0	0.0	0.27586206896551724	0.2	0.0	0	0	0	0	0	6	0.0	0.1509433962264151	0.0	0.16326530612244897
248	http://www.911tabs.com/tabs/c/calexico/	0.07547169811320754	0.0	0.5	0.0	0	0	0	0	0	0.06896551724137931	3	0	0.3333333333333333	0.0	0.1951219512195122
249	http://www.911tabs.com/bands/c/	0.0	0.0	0	0	0	0	0	0	0	0.0	2	0	0.0	0.0	0.0
250	https://archive.org/details/calexico2006-12-02..flac16	0.0	6.235416925884451	0.17777777777777778	0.0	0.0	0	0.0	0.0	0	0	130	0.08421052631578947	0.18181818181818182	6.0	0.12903225806451613
253	https://www.pmhd.org/our-services/calexico-health-center/	0	0.0	0.0	0.0	0.785243741765481	0.0	0	0	0	0	147	0.4979659293160437	0.19047619047619047	0.0	0.34782608695652173
254	https://www.pmhd.org/our-services/	0	0.0	0.0	0.0	0.36363636363636365	0	0	0	0	0	165	0	0.0	0.0	0.0
255	http://calexicopublicrecords.brecordsnk.com/	0.08163265306122448	0.0	0	0.6956521739130435	0.34782608695652173	0	0	0	0	0.34782608695652173	9	0.05673758865248227	0.2222222222222222	0.0	0.12121212121212122
258	http://doctorroofer.com/tag/gutter-repair-calexico-ca/	0	0.0	0.3956989247311828	0	0	0.0	0	0.0	0	0	55	0.17850288862269426	0.18181818181818182	1.8038387419032582	0.3076923076923077
259	https://www.healthybuilthomes.org/california/calexico	0.11678832116788321	0.42105263157894735	0	0.13114754098360656	0	0	0	0	0	0	186	0.0	0.20512820512820512	0	0.2222222222222222
260	http://secure-easy-loan.com/Monthly-Loan-Companies-in-Calexico.bing	0.10191082802547771	0.013769363166953529	0.0	0.23529411764705882	0.14035087719298245	0	0	0	0	0.23529411764705882	5	0.25425146361862283	0.13559322033898305	0	0.14035087719298245
263	http://www.lawncolandscaping.com/landscaping/landscaping-calexico-california/	0	0.0	0.3404255319148936	0.0	0	0.0	0	0.0	0	0	56	0.33085745416426926	0.12698412698412698	1.5170319029148573	0.3333333333333333
265	http://www.flatloads.com/loads/az-williams-ca-calexico/flatbed-step-deck/18368429/	0	0.0	0.0	0.0	0	0.0	0	0	0	0	4	0	0.12121212121212122	0	0.0
266	http://www.entertainmentcollectiblesshop.com/sonic-youth/alvarius-calexico.html	0.1797752808988764	0.0	0	0.4809523809523809	0.25806451612903225	0	0	0	0	0.1702127659574468	68	0.1797752808988764	0.12121212121212122	0.0	0.47058823529411764
267	http://payday-ball.trade/payday,loans,no,lenders,uk.aspx	0	0.0	0	0.0	0	0	0	0	0	0	1	0.0	0.0	0.0	0.0
268	http://payday-sky.trade/fast-loan-tree-scam	0.0	0.0	0	0	0	0	0	0	0	0	1	0.0	0.0	0	0.0
269	http://study.com/west_hills%2C_california_%28ca%29_colleges.html	0.0	0.0	0.0	0.0	0.0	0	0	0.0	0	0.0	6	0.0	0.0	0.0	0.0
270	http://www.localfiesta.com/us/san-diego-ca/senior/	0	0.0	0	0.0	0.0	0.0	0	0	0	0	108	0.0	0.0	0.0	0.0
271	http://payday-meal.trade/quicken-loans-center	0.0	0.0	0.0	0.0	0.0	0	0	0	0	0	1	0.0	0.0	0	0.0
273	http://study.com/west_hills%2C_california_%28ca%29_colleges.html	0.0	0.0	0.0	0.0	0.0	0	0	0.0	0	0.0	6	0.0	0.0	0.0	0.0
274	http://www.localfiesta.com/us/san-diego-ca/senior/	0	0.0	0	0.0	0.0	0.0	0	0	0	0	108	0.0	0.0	0.0	0.0
275	http://payday-meal.trade/quicken-loans-center	0.0	0.0	0.0	0.0	0	0	0	0	0	0	0	0.0	0.0	0.0	0.0
276	http://homes.prestigerealestateca.com/idx/city-a423-Yuba-City-53013	0.0	0.0	0.0	0.0	0	0.0	0	0	0	0	27	0.0	0.0	0.0	0.0
278	http://www.sales.jobs.reno.nv.onlineinfotodays.com/aviation.jobs.riverside.ca/	0.0	0.0	0	0	0	0	0	0	0	0.0	1	0	0.0	0	0.0
