index	url	description	div	h1	h2	h3	h4	h5	h6	inbound_links	keywords	outbound_links	p	root	span	title
2	https://en.wikipedia.org/wiki/Calimesa,_California	0	0.0	0.4	0.0	0.0	0	0	0	0	0	55	1.1029895406386998	0.2	1.0	0.14545454545454545
3	http://www.zillow.com/calimesa-ca/	0.05161290322580645	0.02332485427278774	0.34782608695652173	0	0	0.8444444444444444	0.0	0.0	0	0	102	0.0	0.38095238095238093	32.81900008065884	0.2711864406779661
5	http://www.city-data.com/city/Calimesa-California.html	0.21621621621621623	0.0	0	0	3.9191591710843205	0	0	0	0	0	34	1.2361927546138072	0.1951219512195122	0.4	0.042328042328042326
6	http://www.homes.com/for-sale/calimesa-ca/	0.0967741935483871	0.47058823529411764	0.26666666666666666	0.2857142857142857	0.4444444444444444	0	0	0	0	0.08791208791208792	8	0.09393346379647749	0.2857142857142857	15.0	0.4069264069264069
7	http://www.century21.com/real-estate/Calimesa-CA/LCCACALIMESA/	0.1889763779527559	4.000000000000001	0.34782608695652173	1.7114624505928853	0.0	0.0	0	0	0	0.21818181818181817	27	0.0	0.3404255319148936	3.733333333333333	0.4866359447004608
8	http://www.century21.com/real-estate/california/LSCA/	0.0	0.2	0.0	0.0	0.0	0.0	0	0	0	0.0	27	0.0	0.0	0.0	0.0
9	http://www.century21.com/real-estate/calimesa-ca/LCCACALIMESA/	0.1889763779527559	4.000000000000001	0.34782608695652173	1.7114624505928853	0.0	0.0	0	0	0	0.21818181818181817	27	0.0	0.3404255319148936	3.733333333333333	0.4866359447004608
10	https://www.wunderground.com/us/ca/calimesa	0.05517241379310345	0.0	0.4444444444444444	0.0	0.0	0.0	0	0	0	0.3764705882352941	5	0.0	0.2857142857142857	0.0	0.1568627450980392
11	http://www.trulia.com/CA/Calimesa/	0.0625	21.307511436022402	0.2857142857142857	0.17777777777777778	0	0	0.0	0	0	0	4	0.2962962962962963	0.4	0.0	0.32
12	http://www.realtor.com/realestateandhomes-search/Calimesa_CA	0.0	0.0	0	0.0	0	0	0	0	0	0	92	0.0	0.1702127659574468	0.0	0.0
13	http://www.realtor.com/realestateandhomes-search/California	0.0	0.0	0	0.0	0	0	0	0	0	0	92	0.0	0.0	0.0	0.0
14	http://calimesasda.com/	0.0	0.0	0	0	0	0	0	0	0	0	13	1.1058375995736864	0.5333333333333333	0.12698412698412698	0.16
15	http://www.century21.com/real-estate/calimesa-ca-92320/LZ92320/	0.06611570247933884	4.000000000000001	0.0	1.7114624505928853	0.0	0.0	0	0	0	0.14501510574018128	27	0.0	0.16666666666666666	2.4347826086956523	0.25806451612903225
16	http://www.century21.com/real-estate/california/LSCA/	0.0	0.2	0.0	0.0	0.0	0.0	0	0	0	0.0	27	0.0	0.0	0.0	0.0
17	http://www.century21.com/real-estate/calimesa-ca/LCCACALIMESA/	0.1889763779527559	4.000000000000001	0.34782608695652173	1.7114624505928853	0.0	0.0	0	0	0	0.21818181818181817	27	0.0	0.3404255319148936	3.733333333333333	0.4866359447004608
18	http://calimesachamber.com/	0.0	0.23529411764705882	0	0	0	0	0	0	0	0	0	0.0	0.42105263157894735	4.233219053586958	0.2857142857142857
19	http://www.bigboy.com/location/calimesa/	0.055944055944055944	0.0	1.0	0	0	0	0	0	0	0	10	0.0	0.3076923076923077	1.0	0.2
20	http://www.realtor.com/realestateandhomes-search/Calimesa_CA/pg-2	0.0	0.0	0	0.0	0	0	0	0	0	0	92	0.0	0.1568627450980392	0.0	0.0
21	http://www.realtor.com/realestateandhomes-search/California	0.0	0.0	0	0.0	0	0	0	0	0	0	92	0.0	0.0	0.0	0.0
22	http://www.realtor.com/realestateandhomes-search/Calimesa_CA	0.0	0.0	0	0.0	0	0	0	0	0	0	92	0.0	0.1702127659574468	0.0	0.0
23	http://www.topix.com/city/calimesa-ca	0.16666666666666666	1.240841032175852	0.6153846153846154	0	0	0.0	0	0	0	0	13	1.2919819296688688	0.3333333333333333	1.6153846153846154	0.42105263157894735
24	http://www.topix.com/state/ca	0.0	0.0	0.0	0	0	0.0	0.0	0	0	0	28	0.0	0.0	0.0	0.0
25	http://www.topix.com/county/riverside-ca	0.0	0.0	0.0	0	0	0.0	0.0	0	0	0	28	0.0	0.0	0.0	0.0
27	http://www.trulia.com/for_rent/Calimesa,CA/	0.11428571428571428	0.0	0.25	0.0	0.0	0.0	0.0	0.17777777777777778	0	0	9	0.0	0.27586206896551724	0.0	0.1568627450980392
28	http://www.apartments.com/calimesa-ca/	0.046511627906976744	3.3273273273273274	0.2857142857142857	0.21621621621621623	0.0	0.0	0	0	0	0.125	91	0.05128205128205128	0.32	0.0	0.1509433962264151
30	http://www.calimesacountryclub.net/	0.24242424242424243	0.3583872573419612	0.24242424242424243	0.0	0.4329004329004329	0.0	0	0.0	0	0	24	0.8957383625686511	0.34782608695652173	0.0	0.2807017543859649
31	http://www.homefinder.com/CA/Calimesa/	0.05405405405405406	8.000000000000002	0.27586206896551724	0.0	0	0.0	0.0	0.6666666666666666	0	0.31746031746031744	85	0.0	0.3333333333333333	0.0	0.27586206896551724
32	http://www.drhorton.com/California/Inland-Empire/Calimesa/Express-Mesa-Pointe.aspx	0	0.0	0.0	0.0	0.0	0.0	0	0	0	0	10	0.02203856749311295	0.11940298507462686	0.0	0.12121212121212122
33	http://www.drhorton.com/California/Inland-Empire.aspx	0	0.0	0.0	0.0	0.0	0.0	0	0	0	0	9	0.0	0.0	0.0	0.0
34	http://www.drhorton.com/California/Inland-Empire/Calimesa.aspx	0	0.0	0.8888888888888888	0.8888888888888888	0.47058823529411764	0.0	0	0	0	0	15	0.049689440993788817	0.16666666666666666	0.0	0.15384615384615385
35	http://www.apartmenthomeliving.com/calimesa-ca	0.09411764705882353	0.3076923076923077	0.0	0.4267425320056899	0.0	0.7948051948051947	0	0	0	0	231	0.14730351036083522	0.23529411764705882	0.0	0.37209302325581395
36	http://www.apartmenthomeliving.com/riverside-ca	0.0	0.0	0.0	0.0	0.0	0.0	0	0	0	0	287	0.0	0.0	0.0	0.0
37	http://www.homes.com/rentals/calimesa-ca/	0.0855614973262032	0.0	0.2962962962962963	0.838095238095238	0.4444444444444444	0	0	0	0	0.08	11	0.11019283746556474	0.2962962962962963	3.0	0.19047619047619047
38	http://calimesacrossfit.com/	0	0.0	0	0	0.47058823529411764	0	0	0	0	0	12	0.7644444444444445	0.4	1.1490544543176122	0.34782608695652173
39	https://www.redfin.com/city/2542/CA/Calimesa	0.12030075187969924	18.06824701403014	0.4	1.1273132664437011	0.0	0	0	0	0	0	17	0	0.2857142857142857	11.62772382755586	0.32
40	https://www.redfin.com/states/CA	0.0	0.0	0.0	0	0.0	0	0	0	0	0	84	0.0	0.0	0.0	0.0
41	https://www.redfin.com/county/335/CA/Riverside-County	0.0	0.0	0.0	0.0	0.0	0	0	0	0	0	17	0	0.0	0.0	0.0
43	http://www.remax.com/realestatehomesforsale/calimesa-ca-p001.html	0.06015037593984962	0.0	0.37209302325581395	0.0	0.0	0	0	0.0	0	0.20168067226890757	15	0.0	0.15384615384615385	3.769230769230769	0.1951219512195122
44	http://www.remax.com/advancedsearch/	0.0	0.0	0.0	0.0	0.0	0	0	0.0	0	0.0	15	0.0	0.0	0.0	0.0
45	http://www.rent.com/california/calimesa-houses/74-1505	0.050314465408805034	0.0	0.25806451612903225	0.3076923076923077	0.0	0.0	0	0.0	0	0	9	0.0	0.2	1.0	0.15384615384615385
46	http://www.rent.com/california/1-19	0.0	0.0	0.0	0.0	0.0	0	0	0.0	0	0	9	0.0	0.0	0.0	0.0
47	http://www.loopnet.com/California/Calimesa-Commercial-Real-Estate/	0.13389121338912133	0.0	0.0	0.9430125430125429	0.0	0	0.0	0	0	0.2748091603053435	37	0.30657028660658425	0.15384615384615385	5.694526834049934	0.2191780821917808
48	http://www.drhorton.com/California/Inland-Empire/Calimesa/Express-Mesa-Pointe/Residence-2467.aspx	0	0.0	0.0	0.0	0.0	0.0	0	0	0	0	9	0.0	0.09876543209876543	0.0	0.11428571428571428
49	http://www.drhorton.com/California/Inland-Empire/Calimesa.aspx	0	0.0	0.8888888888888888	0.8888888888888888	0.47058823529411764	0.0	0	0	0	0	15	0.049689440993788817	0.16666666666666666	0.0	0.15384615384615385
50	http://www.drhorton.com/California/Inland-Empire/Calimesa/Express-Mesa-Pointe.aspx	0	0.0	0.0	0.0	0.0	0.0	0	0	0	0	10	0.02203856749311295	0.11940298507462686	0.0	0.12121212121212122
51	http://calimesacommunitygarden.org/	0	0.0	0	0	0	0	0	0	0	0	3	0	0.2962962962962963	0.38095238095238093	0.32
52	http://www.rentals.com/California/Calimesa/	0.13675213675213677	0.0	0.17777777777777778	0.6210526315789473	0.32666666666666666	0	0.0	0	0	0	16	0.05415422139015525	0.27586206896551724	0.0	0.25806451612903225
53	http://rosiesmexicanfood.com/	0.0	0.0	0	0.0	0.0	0	0	0	0	0	2	0.6666666666666666	0.0	0	0.16326530612244897
54	http://www.calimesavetclinic.com/	0.25396825396825395	0.0	0.21621621621621623	0.24242424242424243	0.0	0	0	0	0	0	6	0.33144438955631716	0.38095238095238093	1.7782805429864252	0.2318840579710145
55	https://mylocalmcds.com/calimesa-mcdonalds/	0.11764705882352941	0.5714285714285714	3.309941520467836	0.0	0.0	0	0	0	0	0	5	0.0	0.24242424242424243	1.4603174603174602	0.26666666666666666
56	http://www.accuweather.com/en/us/calimesa-ca/92320/weather-forecast/332059	0.09523809523809523	0.0	0.6666666666666666	0.0	0.32	0.0	0.0	0	0	0.11940298507462686	186	0.0	0.14035087719298245	0.5	0.1509433962264151
57	http://www.accuweather.com/en/us/united-states-weather	0.0	0.0	0.0	0.0	0.0	0.0	0.0	0	0	0.0	160	0.0	0.0	0.0	0.0
58	http://www.accuweather.com/en/us/ca/california-weather	0.0	0.0	0	0.0	0.0	0.0	0.0	0	0	0	208	0.0	0.0	0.0	0.0
59	http://california.hometownlocator.com/ca/riverside/calimesa.cfm	0.10256410256410256	0.38095238095238093	0.24242424242424243	1.0703109526638939	0	0.6153846153846154	0	0	0	0.22429906542056074	29	0.6866643116336907	0.1509433962264151	0.0	0.23529411764705882
60	http://www.aplaceformom.com/senior-living/california/calimesa	0.09248554913294797	0.0	0.1951219512195122	0.36363636363636365	0.0	0	0	0	0	0.19161676646706588	133	14.966677438699703	0.1702127659574468	3.533333333333333	0.12121212121212122
61	http://www.aplaceformom.com/senior-living	0.0	0.0	0.0	0.0	0	0	0	0	0	0	245	0.0	0.0	0.0	0.0
62	http://www.aplaceformom.com/senior-living/california	0.0	0.0	0.0	0.0	0	0	0	0	0	0.0	470	0.0	0.0	0.0	0.0
63	http://www.greatschools.org/california/calimesa/	0.11188811188811189	2.4615384615384617	0.5	0.0	0.0	0.0	0	0	0	0.3393939393939394	17	0.0	0.23529411764705882	3.0	0.21621621621621623
64	http://www.greatschools.org/california/	0.0	0.0	0.0	0.0	0.0	0.0	0	0	0	0.0	30	0.0	0.0	0.0	0.0
65	http://www.zillow.com/calimesa-ca-92320/	0.0	0.02353068396864017	0.0	0	0	0.0	0.0	0.0	0	0	114	0.0	0.2962962962962963	33.23900008065885	0.0
66	http://www.yellowpages.com/calimesa-ca/restaurants	0.09876543209876543	0.0	1.0	0.0	0.0	0.0	0.0	0	0	0	64	0.0	0.21621621621621623	29.281923714759536	0.16326530612244897
67	http://www.pe.com/articles/city-805681-calimesa-fire.html	0.12403100775193798	0.0	0.14035087719298245	0	0.6109391124871001	0	0	0	0	0	22	0.34552445722608255	0.18181818181818182	0.0	0.10526315789473684
68	http://www.pe.com/articles/calimesa-771229-sheriff-person.html	0.11267605633802817	0.0	0.15384615384615385	0	0.47058823529411764	0	0	0	0	0	22	0.04833836858006042	0.16326530612244897	0.0	0.47058823529411764
69	https://www.yelp.com/biz/21-sushi-house-calimesa	0.0	0.0	0.0	0.0	0.0	0.0	0	0	0	0.0	108	0.06722689075630252	0.23529411764705882	1.0	0.07920792079207921
70	https://www.yelp.com/c/calimesa-ca-us/restaurants	0.03773584905660377	0.0	0.2857142857142857	0.0	0.0	0	0	0	0	0.0	96	0.0	0.23529411764705882	0.0	0.26666666666666666
71	https://www.yelp.com/c/calimesa-ca-us/sushi	0.04	0.0	0.0	0.0	0.0	0.0	0	0	0	0.0	93	0.0	0.2857142857142857	0.5333333333333333	0.25806451612903225
72	https://www.yelp.com/biz/georges-market-calimesa	0.0	0.0	0.0	0.0	0.0	0.0	0	0	0	0.0	128	0.25610588749929697	0.23529411764705882	1.4444444444444444	0.16326530612244897
73	https://www.yelp.com/c/calimesa-ca-us/restaurants	0.03773584905660377	0.0	0.2857142857142857	0.0	0.0	0	0	0	0	0.0	96	0.0	0.23529411764705882	0.0	0.26666666666666666
74	https://www.yelp.com/c/calimesa-ca-us/delis	0.03508771929824561	0.0	0.0	0.0	0.0	0.0	0	0	0	0.0	97	0.0	0.2857142857142857	0.5333333333333333	0.3076923076923077
75	http://www.indeed.com/l-Calimesa,-CA-jobs.html	0.1038961038961039	0.26666666666666666	0	0.0	0	0	0	0	0	0.30939226519337015	3	0.0	0.23529411764705882	1.1111111111111112	0.17777777777777778
76	http://www.greatschools.org/california/calimesa/25148-Mesa-View-Middle-School/	0.05	1.3333333333333333	0.0	0.0	0.0	0	0	0	0	0.11483253588516747	28	0.0	0.12698412698412698	2.3478260869565215	0.11594202898550725
77	http://www.greatschools.org/california/	0.0	0.0	0.0	0.0	0.0	0.0	0	0	0	0.0	30	0.0	0.0	0.0	0.0
78	http://www.greatschools.org/california/calimesa/	0.11188811188811189	2.4615384615384617	0.5	0.0	0.0	0.0	0	0	0	0.3393939393939394	17	0.0	0.23529411764705882	3.0	0.21621621621621623
79	http://www.greatschools.org/california/calimesa/schools/	0.11764705882352941	1.1515848444641015	0.13114754098360656	0	0	0	0	0	0	0	40	0.0	0.1951219512195122	1.0	0.3137254901960784
80	http://www.americantowns.com/ca/calimesa	0.09411764705882353	0.0	0	0.0	0.0	1.2845067576102058	0.0	0	0	0.2846975088967972	27	1.137774937025589	0.2962962962962963	1.380952380952381	0.1568627450980392
81	https://www.walgreens.com/locator/walgreens-1186+calimesa+blvd-calimesa-ca-92320/id=10366?_escaped_fragment_=	0.0963855421686747	0.0	0.0	0	0.0	0.0	0	0	0	0	43	0.4	0.1702127659574468	1.8888888888888888	0.2222222222222222
82	http://www.c21selectgroup.com/properties/calimesa-california-real-estate/property-type-income-property.html	0.19618528610354224	0.0	0.44194868723170605	0.0	0.0	0	0	0	0	0.19649122807017544	35	0.0	0.08602150537634409	0.0	0.4
83	https://www.tripadvisor.com/Tourism-g32141-Calimesa_California-Vacations.html	0.18045112781954886	0.7963109354413702	0.8705882352941177	0	0.7247311827956988	0	0	0	0	0.19047619047619047	1	0	0.125	1.0	0.2807017543859649
84	https://www.tripadvisor.com/Tourism-g191-United_States-Vacations.html	0.0	0.0	0.0	0	0.0	0.0	0	0	0	0.0	1	0.0	0.0	0.0	0.0
85	https://www.tripadvisor.com/Tourism-g28926-California-Vacations.html	0.0	0.0	0.0	0	0.0	0.0	0	0	0	0.0	2	0.0	0.0	0.0	0.0
86	http://www.rvparkreviews.com/regions/california/calimesa	0.11594202898550725	0.0	0.65	0	0.08247422680412371	0.25	0.0	0	0	0.31101511879049676	162	0.33167965981573355	0.19047619047619047	0.4	0.2
87	http://www.rvparkreviews.com/regions/california	0.0	0.0	0.0	0	0	0.0	0	0	0	0.0	1327	0.0	0.0	0.0	0.0
88	http://locations.dennys.com/CA/CALIMESA/248103	0.07079646017699115	0.0	0.38095238095238093	0.4937388193202147	0.16666666666666666	0	0.0	0	0	0.0	61	0.14285714285714285	0.2222222222222222	2.8888888888888893	0.32653061224489793
89	http://locations.dennys.com/CA	0.0	0	0.0	0	0	0	0	0	0	0.0	55	0.0	0.0	0.0	0.0
90	http://locations.dennys.com/CA/CALIMESA	0.037914691943127965	0.0	0.2962962962962963	0	0	0	0	0	0	0.0	56	0.0	0.26666666666666666	2.4444444444444446	0.12121212121212122
91	http://www.codepublishing.com/CA/Calimesa/	0	0.0	0	0	0	0	0	0	0	0	2	0.13195402298850575	0.2857142857142857	0.0	0.34782608695652173
92	http://calimesapathfinders.org/	0	0.0	0.4	0.17777777777777778	0.0	0.0	0	0	0	0	8	0.18604651162790697	0.34782608695652173	0.0	0.23529411764705882
93	http://www.golflink.com/golf-courses/course.aspx?course=57634	0.17777777777777778	0.09302325581395349	0.38095238095238093	0.6390168970814132	2.6285862310443395	0	0	0	0	0.34285714285714286	37	0.5368498168498168	0.0	1.249886621315193	0.32653061224489793
94	http://www.golflink.com/golf-courses/city.aspx?dest=Calimesa+CA	0.06837606837606838	0.7897435897435897	0.24242424242424243	0.0	0.0	0	0	0	0	0.32432432432432434	28	0.03636363636363636	0.16	0.21621621621621623	0.21052631578947367
95	https://www.wunderground.com/weather-forecast/US/CA/Calimesa.html	0.05517241379310345	0.0	0.4444444444444444	0.0	0.0	0.0	0	0	0	0.3764705882352941	5	0.0	0.16326530612244897	0.0	0.1568627450980392
96	http://www.calmesasteelsupply.com/	0	0.0	0	0	0	0	0	0	0	0	0	0.0	0.0	0.0	0.0
97	http://www.sanctuarychurch.com/	0	0.0	0	0	0.0	0	0	0	0	0	10	0.0	0.0	0.0	0.20512820512820512
98	http://www.yellowpages.com/calimesa-ca/rv-parks	0.0855614973262032	0.0	1.0	0.0	0.0	0.0	0	0	0	0	30	0.0	0.23529411764705882	10.17543859649123	0.17391304347826086
99	https://weedmaps.com/deliveries/calimesa-alternative-medicine	0.05161290322580645	0.0	0.26666666666666666	0.32	0.0	0	0	0	0	0.0	27	0.10808305524657026	0.1568627450980392	0.0	0.07079646017699115
100	http://www.americasbestvalueinn.com/bestv.cfm?idp=1440	0.09411764705882353	0.0	0.0	0.0	0.0	0	0	0	0	0.0	11	0.0	0.0	0.0	0.10526315789473684
101	http://www.calimesamensgolfclub.com/	0	0.0	0	0	0	0	0	0	0	0	2	0	0.3333333333333333	0.6209775776339244	0.0
102	http://www.apartmentguide.com/apartments/California/Calimesa/	0.041666666666666664	0.0	0	0.6666666666666666	1.980739988804505	0.0	0.0	0	0	0	18	0.0	0.17391304347826086	2.1454545454545455	0.16326530612244897
103	http://www.apartmentguide.com/apartments/California/	0.0	0.0	0.0	0.0	0.0	0.0	0.0	0	0	0	17	0.0	0.0	0.0	0.0
104	http://www.bestplaces.net/city/california/calimesa	0.0	0.0	0	0.0	1.918169461142161	0	0	0	0	0.0	142	0.18604651162790697	0.2222222222222222	1.8458034305491933	0.16666666666666666
106	http://local.fedex.com/ca/calimesa/	0.06015037593984962	0.0	0.26666666666666666	0.0	0.0	0	0	0	0	0	162	0.9772125066242713	0.32	0.0	0.26666666666666666
108	http://local.fedex.com/ca/calimesa/	0.06015037593984962	0.0	0.26666666666666666	0.0	0.0	0	0	0	0	0	162	0.9772125066242713	0.32	0.0	0.26666666666666666
109	http://locations.dennys.com/CA/CALIMESA	0.037914691943127965	0.0	0.2962962962962963	0	0	0	0	0	0	0.0	56	0.0	0.26666666666666666	2.4444444444444446	0.12121212121212122
110	http://locations.dennys.com/CA	0.0	0	0.0	0	0	0	0	0	0	0.0	55	0.0	0.0	0.0	0.0
111	http://www.parks.ca.gov/?Page_id=26437	0.0	0.0	0	0.11267605633802817	0.0	0.0	0	0	0	0.0	14	0.0	0.0	0.0	0.3333333333333333
112	http://calimesainn.com/	0.23880597014925373	0	0	0	0	0	0	0	0	0.10191082802547771	0	0	0.5333333333333333	0	0.47058823529411764
113	https://www.walgreens.com/locator/walgreens-1186+calimesa+blvd-calimesa-ca-92320/id=10366	0.0963855421686747	0.0	0.0	0	0	0	0	0	0	0	0	0.0	0.21621621621621623	0.0	0.2222222222222222
114	https://www.hotels.com/de1456482/hotels-calimesa-california/	0.052980132450331126	0.0	0	1.0144927536231885	1.4505208952267776	0.9221628045157457	0.0	0	0	0.0	63	0.0	0.17777777777777778	2.771717171717172	0.16
115	http://www.booking.com/city/us/calimesa.html	0.05405405405405406	0.25	0.0	0.6057142857142856	0.5239085239085239	0.4051172707889126	0	0	0	0.0963855421686747	49	2.108815849686398	0.26666666666666666	0.0	0.12903225806451613
116	http://crossfitcovert.com/	0.034934497816593885	0.0	0.0	0	0	0	0	0	0	0.06779661016949153	12	0	0.0	0	0.2857142857142857
117	http://www.homeseekers.com/CA/Calimesa	0.1509433962264151	0.0	0.32	2.0093201145832724	2.0371459694989107	0	0.4444444444444444	0	0	0.3368421052631579	9	0.1568627450980392	0.32	0.5397449126617868	0.21052631578947367
118	http://www.areavibes.com/calimesa-ca/weather/	0.048484848484848485	0.0	0.4	2.446038958461319	0	0	0	0	0	0	4	0	0.25806451612903225	0.0	0.26666666666666666
119	http://www.areavibes.com/ca/	0.0	0.0	0.0	0.0	0.0	0	0	0	0	0	2	0.0	0.0	0.0	0.0
120	http://www.areavibes.com/calimesa-ca/livability/	0.12121212121212122	0.0	0.34782608695652173	4.210403876446956	0	0	0	0	0	0	2	0	0.23529411764705882	0.32996632996632996	0.32
121	http://www.oakvalleychurch.org/	0	0.0	0.0	0	0.0	0	0	0	0	0	4	0.0	0.0	0.0	0.0
122	http://www.menupix.com/riverside/n/556408/Calimesa-restaurants	0.11347517730496454	14.56425561831568	0.64	0.32	0	0	0	0	0	0.025974025974025976	390	0.0	0.1702127659574468	0.0	0.10526315789473684
123	http://www.menupix.com/california/	0.0	0.0	0.0	0.0	0	0	0	0	0	0.0	2039	0.0	0.0	0.0	0.0
124	http://www.menupix.com/riverside/	0.0	0.0	0.0	0.0	0	0	0	0	0	0.0	452	0.0	0.0	0.0	0.0
125	http://www.accuweather.com/en/us/calimesa-ca/92320/daily-weather-forecast/332059	0.09467455621301775	0.0	0.6666666666666666	0.0	0.0	0.0	0.0	0	0	0.09302325581395349	162	0.0	0.12698412698412698	0.36363636363636365	0.14285714285714285
126	http://www.accuweather.com/en/us/ca/california-weather	0.0	0.0	0	0.0	0.0	0.0	0.0	0	0	0	208	0.0	0.0	0.0	0.0
127	http://www.accuweather.com/en/us/calimesa-ca/92320/weather-forecast/332059	0.09523809523809523	0.0	0.6666666666666666	0.0	0.32	0.0	0.0	0	0	0.11940298507462686	186	0.0	0.14035087719298245	0.5	0.1509433962264151
128	http://www.yucaipaschools.com/	0	0.0	0.0	0	0.17391304347826086	0.0	0	0	0	0	29	0.03269482123537395	0.0	0.6561585444183629	0.1509433962264151
129	http://www.booking.com/hotel/us/calimesa-1205-camilesa-boulevard.html	0.0	0.7453416149068323	0.0	0.49335863377609107	0.8333333333333333	0.2857142857142857	0.0	0	0	0.2857142857142857	76	0.7068330827228981	0.14545454545454545	0.9711830220117513	0.24242424242424243
130	https://therapists.psychologytoday.com/rms/name/Blum+Counseling+Services_Calimesa_California_63321	0.011494252873563218	0.0	0.0	0.0	0.0	0	0	0	0	0	181	0.0	0.09195402298850575	2.361904761904762	0.14285714285714285
131	https://therapists.psychologytoday.com/rms/state/CA/Calimesa.html	0.0449438202247191	0.0	0.2962962962962963	0	0.0	0.0	0	0	0	0	89	0	0.1509433962264151	7.076190476190476	0.14906832298136646
132	https://therapists.psychologytoday.com/rms/zip/92320.html	0.0	0.0	0.0	0	0.0	0.0	0	0	0	0	132	0	0.0	6.0	0.0
133	http://calimesainsurance.net/	0.06349206349206349	0.0	0.0	0.0	0	0	0	0	0	0.07017543859649122	7	0.8044731876716151	0.38095238095238093	0.0	0.12121212121212122
135	http://www.movoto.com/calimesa-ca/	0.20869565217391303	0.027972027972027972	0.23529411764705882	0.45714285714285713	0	0	0	0	0	0	118	0.0	0.38095238095238093	52.68115942028986	0.32
136	http://www.movoto.com/sitemap/ca/	0.0	0.0	0.0	0.0	0.0	0	0	0	0	0	169	0.0	0.0	0.0	0.0
137	http://thesalontranquility.com/	0	0.0	0	0	0	0	0	0	0	0.08	1	0.0	0.0	0	0.11764705882352941
138	http://www.msn.com/en-us/weather/today/Calimesa,CA,United-States/we-city-34.004,-117.058?iso=US	0.05194805194805195	0.0	0.0	0.0	0	0.0	0	0	0	0	19	0.0	0.10126582278481013	0.6666666666666666	0.3076923076923077
139	https://www.facebook.com/pages/Thai-Chili/117239454961608	0.1038961038961039	0.0	0.0	0	0	0	0	0	0	0	10	0	0.0	0.4	0.12903225806451613
140	http://www.citytowninfo.com/places/california/calimesa	0.1568627450980392	0.0	0.4	0	3.706534136355672	0	0	0	0	0.1038961038961039	43	0.3635503427023837	0.2	0.8888888888888888	0.1
141	http://www.citytowninfo.com/places	0.0	0.0	0.0	0	0.0	0	0	0	0	0.0	114	0.0	0.0	0.0	0.0
142	http://www.mhbay.com/mobile-home-parks/34777-villa-calimesa-mobile-home-park-in-calimesa-ca	0.18604651162790697	0.0	0.25806451612903225	0	0.43594202898550727	0.0	0.0	0	0	0.0	6	0.0	0.20512820512820512	2.7272727272727275	0.2222222222222222
143	http://www.mhbay.com/mobile-home-park-directory/california	0.0	0.0	0.0	0.0	0.0	0	0	0	0	0.0	7	0.0	0.0	1.0	0.0
144	http://www.mhbay.com/mobile-home-park-directory/california/county/riverside-county	0.0	0.0	0.0	0	0.0	0	0	0	0	0.0	16	0.0	0.0	0.0	0.0
145	http://www.mhbay.com/mobile-home-park-directory/california/calimesa	0.06926406926406926	0.0	0.22857142857142856	0	0.32	0	0	0	0	0.0	16	0.2884965222043874	0.1509433962264151	0.0	0.14285714285714285
146	http://www.golflink.com/golf-courses/city.aspx?dest=Calimesa+CA	0.06837606837606838	0.7897435897435897	0.24242424242424243	0.0	0.0	0	0	0	0	0.32432432432432434	28	0.03636363636363636	0.16	0.21621621621621623	0.21052631578947367
147	http://www.golflink.com/golf-courses/state.aspx?state=CA	0.0	0.0	0.0	0.0	0.0	0	0	0	0	0.0	28	0.0	0.0	0.0	0.0
148	https://www.storagecalimesa.com/	0.06153846153846154	0.0	0.3333333333333333	0.0	0	0.0	0	0	0	0	4	0.24287856071964017	0.42105263157894735	2.0	0.1702127659574468
149	http://www.superpages.com/bp/calimesa-ca/city-of-calimesa-L0019241935.htm	0.1941747572815534	0.0	0.4444444444444444	0	0.0	0.0	0	0	0	0.1797752808988764	17	0.0	0.2711864406779661	0.9014216290254993	0.38095238095238093
150	http://www.cherryberryquilts.com/	0	0.0	0.0	0	0	0	0	0	0	0	3	0.2909090909090909	0.0	0.25	0.0
151	http://www.newhomesdirectory.com/California/Calimesa?source=bing&campaign=Riverside	0.03636363636363636	0.0	0.25	0.25	0	0	0	0.0	0	0	7	0.03007518796992481	0.11428571428571428	2.108108108108108	0.4
152	http://www.mhbay.com/mobile-home-parks/34802-the-californian-mobile-home-estates-in-calimesa-ca	0.08888888888888889	0.0	0.0	0	0.4376470588235294	0.0	0.0	0	0	0.0	6	0.0	0.0975609756097561	1.0	0.10526315789473684
153	http://www.mhbay.com/mobile-home-park-directory/california	0.0	0.0	0.0	0.0	0.0	0	0	0	0	0.0	7	0.0	0.0	1.0	0.0
154	http://www.mhbay.com/mobile-home-park-directory/california/county/riverside-county	0.0	0.0	0.0	0	0.0	0	0	0	0	0.0	16	0.0	0.0	0.0	0.0
155	http://www.mhbay.com/mobile-home-park-directory/california/calimesa	0.06926406926406926	0.0	0.22857142857142856	0	0.32	0	0	0	0	0.0	16	0.2884965222043874	0.1509433962264151	0.0	0.14285714285714285
156	http://www.homesandland.com/For-Sale/Calimesa,CA/	0.12598425196850394	0.0	0.0	0.0	0.0	0	0	0	0	0.0	23	0.0761904761904762	0.22857142857142856	8.962962962962964	0.27586206896551724
157	http://www.homesandland.com/For-Sale/	0.0	0.0	0.0	0.0	0.0	0	0	0	0	0.0	20	0.0	0.0	0.0	0.0
158	http://www.homesandland.com/Sitemap/California/Homes_for_Sale/	0.0	0.0	0.0	0.0	0.0	0	0	0	0	0.0	20	0.0	0.0	0.0	0.0
159	http://www.worldgolf.com/courses/usa/california/calimesa/calimesa-country-club-public.html	0.1391304347826087	0.32	0.26666666666666666	0.4353276353276353	0	0	0	0	0	0.2807017543859649	57	0.0	0.21621621621621623	0.0	0.4
160	http://www.snagajob.com/jobs/california/calimesa_jobs.html	0.11510791366906475	0.135697581480714	0.6153846153846154	0.32	1.4071075123706702	0	0	0	0	0	11	0	0.18181818181818182	0.6666666666666666	0.3404255319148936
161	http://www.houzz.com/professionals/appliances/c/Calimesa--CA	0.04145077720207254	0.5764238181661049	0.0	0.0	0	0	0	0	0	0.03187250996015936	387	0	0.17777777777777778	7.121212121212119	0.21621621621621623
162	http://www.houzz.com/professionals/los-angeles	0.0	0.0	0.0	0	0	0	0	0	0	0.0	391	0	0.0	0.0	0.0
163	http://www.houzz.com/professionals/c/Calimesa--CA	0.052980132450331126	0.7748677248677248	0.0	0	0	0	0	0	0	0.050955414012738856	392	0	0.22857142857142856	5.085714285714285	0.13793103448275862
164	http://www.wisecoolsmiles.com/	0	0.26666666666666666	0.0	0.0	0	0	0	0	0	0	3	0.0	0.0	0	0.07547169811320754
165	http://www.newsmirror.net/	0.0	0.0	0	0	0.0	0.0	0	0	0	0.0	11	0.06896551724137931	0.0	0.0	0.0
166	http://www.riversidegasprices.com/Calimesa/index.aspx	0.128	0.0	0.0	0.0	0	0	0	0	0	0	62	0.0	0.2	0.0	0.2222222222222222
167	http://www.bestplaces.net/climate/city/california/calimesa	0.0	0.0	0	0.0	0.0	0	0	0	0	0.0	94	0.43712635926673854	0.18604651162790697	0.13559322033898305	0.24242424242424243
168	http://www.rrshuttle.com/ext/California/calimesa_92320__california_bus.html	0.13445378151260504	0.0	0.055944055944055944	0	0.0	0.1946660936135989	0	0	0	0.2829581993569132	19	0	0.13114754098360656	0	0.25806451612903225
169	http://www.churchangel.com/WEBCA/calimesa.htm	0.04081632653061224	0.0	0.16	0.0	0	0.0	0	0	0	0.06694560669456066	16	0.0	0.25	0.0	0.11594202898550725
170	http://www.churchangel.com/topdenominations.htm	0.0	0.0	0.0	0	0.0	0	0	0	0	0.0	67	0.0	0.0	0.0	0.0
171	http://www.churchangel.com/californ.htm	0.0	0.0	0.0	0	0	0	0	0	0	0.0	9	0.0	0.0	0.0	0.0
172	http://www.homeseekers.com/homes-for-sale/300-Canyon-Ridge-Calimesa-CA-92320-187670525	0.041884816753926704	0.08602150537634409	0.0	0	0.4	0.0	0.4	0	0	0.0	15	0.1568627450980392	0.1095890410958904	4.272678475577026	0.2
173	http://www.areavibes.com/calimesa-ca/livability/	0.12121212121212122	0.0	0.34782608695652173	4.210403876446956	0	0	0	0	0	0	2	0	0.23529411764705882	0.32996632996632996	0.32
174	http://www.areavibes.com/ca/	0.0	0.0	0.0	0.0	0.0	0	0	0	0	0	2	0.0	0.0	0.0	0.0
175	https://www.tripadvisor.com/Restaurant_Review-g32141-d2460809-Reviews-Bob_s_Big_Boy-Calimesa_California.html	0.11510791366906475	3.999999999999999	0.42105263157894735	0.0	0.0	0	0	0	0	0.1095890410958904	3	0.08322765487764783	0.08421052631578947	4.636714975845411	0.22857142857142856
176	https://www.tripadvisor.com/Tourism-g32141-Calimesa_California-Vacations.html	0.18045112781954886	0.7963109354413702	0.8705882352941177	0	0.7247311827956988	0	0	0	0	0.19047619047619047	2	0.0	0.125	1.0	0.2807017543859649
177	https://www.tripadvisor.com/Restaurants-g32141-Calimesa_California.html	0.10666666666666667	5.812885154061625	0.5700000000000001	0	0.0	0	0	0	0	0.11428571428571428	1	0	0.13793103448275862	2.0	0.1568627450980392
178	http://singletonheights.com/	0.0	0.0	0	0.0	0.0	0	0	0	0	0.24242424242424243	4	0.0	0.0	0	0.22857142857142856
179	http://www.crrwasteservices.com/cities/Calimesa/residents/	0	0.0	0	0	0.0	0	0.0	0	0	0	212	0.0	0.18604651162790697	0.0	0.0
180	http://www.pensketruckrental.com/locations/california/calimesa/651672/	0.03463203463203463	0.0	0.0	0.0	0.0	0	0.0	0	0	0.17391304347826086	106	0.5555555555555556	0.14814814814814814	2.0	0.12903225806451613
181	http://www.pensketruckrental.com/locations/california/	0.0	0.0	0.0	0.0	0	0.0	0.0	0	0	0.0	278	0.0	0.0	0.0	0.0
182	http://www.pensketruckrental.com/locations/california/calimesa/	0.034934497816593885	0.0	0.0	0.17391304347826086	0.16666666666666666	0.0	0.0	0	0	0.20689655172413793	105	0.4444444444444444	0.16666666666666666	1.0	0.15384615384615385
183	http://southmesawater.com/	0	0.0	0	0	0	0	0	0	0	0	2	0.0	0.0	0.0	0.0
184	http://calimesavetclinic.com/services.html	0.25396825396825395	0.0	0	0	0.0	0	0	0	0	0	177	0.5134893983790418	0.23529411764705882	1.7782805429864252	0.2191780821917808
185	http://www.landwatch.com/California_land_for_sale/Calimesa	0.128	0.12207851145904243	0	0.0	0	0	0	0	0	0.14627285513361463	26	0	0.17777777777777778	0.14814814814814814	0.13333333333333333
186	http://www.homesnap.com/CA/Calimesa/35300-Singleton-Road	0.047058823529411764	0.0	0	0	0.0	0	2.0	0.5714285714285714	0	0	68	0.23253507454889788	0.19047619047619047	10.812069625416267	0.14285714285714285
187	http://www.homesnap.com/sitemap/Inland-Empire	0.0	0.0	0	0	0	0	0	0.0	0	0	80	0.0	0.0	0.0	0.0
188	http://www.homesnap.com/sitemap/CA/Calimesa	0.05228758169934641	0.0	0	0	0	0	0	0.0	0	0	186	0.0	0.27586206896551724	110.94156479985641	0.14545454545454545
189	http://www.healthgrades.com/provider/gail-harris-yk9kq	0.0	3.627692307692307	0	0.0	0.0	0.0	0.0	0	0	0	90	0.10526315789473684	0.0	2.6666666666666665	0.18181818181818182
192	http://rosiesmexicanfood.com/rosie-s-restaurant-menu.htm	0.05263157894736842	0.0	0.0	0	0.0	0	0	0	0	0	8	0.6666666666666666	0.0	0	0.21621621621621623
194	http://www.aplaceformom.com/independent-living/california/calimesa	0.05405405405405406	0.0	0.17391304347826086	0.36363636363636365	0.0	0	0	0	0	0.1711229946524064	106	6.87764431950478	0.15384615384615385	1.5333333333333332	0.11267605633802817
195	http://www.aplaceformom.com/independent-living	0.0	0.0	0.0	0.0	0	0	0	0	0	0.0	224	0.0	0.0	0.0	0.0
196	http://www.aplaceformom.com/independent-living/california	0.0	0.0	0.0	0.0	0	0	0	0	0	0.0	283	0.0	0.0	0.0	0.0
197	http://eventful.com/calimesa/events/categories/music	0.16	0.0	0	0	0.0	0	0.0	0.0	0	0	133	0.0	0.1951219512195122	2.0	0.26666666666666666
198	http://eventful.com/calimesa/events/categories	0.05555555555555555	0.0	0	0	0.0	0	0.0	0.0	0	0	139	0.0	0.2222222222222222	2.0	0.23529411764705882
199	http://www.ranchocalimesa.com/	0	0.0	0	0.16666666666666666	0	0	0	0	0	0.14285714285714285	0	0.0	0.4444444444444444	0.0	0.2
200	http://www.calimesadentist.net/	0.0	0.0	0.0	0.0	0	0	0	0	0	0.21052631578947367	0	0.0	0.42105263157894735	1.3478260869565217	0.1951219512195122
201	http://www.rent.com/california/calimesa-apartments/cheap	0.05263157894736842	0.0	0.25	0.3076923076923077	0.0	0.0	0	0.0	0	0	9	0.0	0.19047619047619047	1.0	0.12307692307692308
202	http://www.rent.com/california/1-19	0.0	0.0	0.0	0.0	0.0	0	0	0.0	0	0	9	0.0	0.0	0.0	0.0
203	https://www.eventbrite.com/d/ca--calimesa/events/	0.044444444444444446	1.6762722143120812	0.12307692307692308	0.0	0.0	0	0	0	0	0	89	0.0	0.24242424242424243	0.125	0.17391304347826086
204	http://apartments.oodle.com/calimesa-ca/	0.03333333333333333	0.6153846153846154	0.24242424242424243	0.23529411764705882	0.0	0.0	0	0	0	0.272108843537415	172	0.0	0.25806451612903225	10.838095238095237	0.10526315789473684
205	http://apartments.oodle.com/regions/	0.0	0.0	0.0	0	0	0	0	0	0	0.0	62	0.0	0.0	0.0	0.0
206	http://apartments.oodle.com/regions/california/	0.0	0.0	0.0	0	0.0	0	0	0	0	0.0	56	0.0	0.0	0.0	0.0
207	http://www.superpages.com/bp/calimesa-ca/calimesa-country-club-L0019241930.htm	0.16	0.0	0.38095238095238093	0	0.0	0.0	0	0	0	0.12598425196850394	17	0.0	0.25	0.8774202335955323	0.36923076923076925
208	http://www.city-data.com/crime/crime-Calimesa-California.html	0.05194805194805195	0.0	0	0	0	0.0	0	0	0	0	19	0.14285714285714285	0.16666666666666666	0.04678362573099415	0.04819277108433735
209	http://www.menupix.com/riverside/restaurants/380117172/Thai-Chili-Calimesa-CA	0.1111111111111111	0.0	0	0.0	0	0	0	0	0	0.20869565217391303	286	0.0	0.12903225806451613	2.4444444444444446	0.16
210	http://www.menupix.com/riverside/	0.0	0.0	0.0	0.0	0	0	0	0	0	0.0	452	0.0	0.0	0.0	0.0
211	http://www.senior-retirement-living.com/ManufacturedHomesForSale.php?State=CA&City=Calimesa	0.07017543859649122	0.0	0	0	0.0	0	0	0.0	0	0.03619909502262444	1	0.0	0.10126582278481013	0.0	0.09523809523809523
212	http://www.cherryvalleyrealty.com/	0.049079754601226995	0.0	0	0	0	0	0	0	0	0.031007751937984496	6	0	0.0	0	0.05263157894736842
213	http://www.imortuary.com/cemeteries/california/calimesa.php	0.056338028169014086	0.0	0	0.42105263157894735	0.0	0.36363636363636365	0	0	0	0.24	28	0.4103277674706246	0.17777777777777778	1.668684645930159	0.21052631578947367
214	http://www.healthgrades.com/provider/mark-gray-253vm	0.0	3.666666666666667	0	0.0	0.0	0.0	0.0	0	0	0	90	0.08333333333333333	0.0	2.6666666666666665	0.12121212121212122
215	http://www.healthgrades.com/provider/mark-gray-253vm	0.0	3.666666666666667	0	0.0	0.0	0.0	0.0	0	0	0	90	0.08333333333333333	0.0	2.6666666666666665	0.12121212121212122
216	https://www.facebook.com/cityof.calimesa	0.15894039735099338	0.3018867924528302	0	0	0	0	0	0	0	0	94	0.3119269949066214	0.2962962962962963	2.9808557923697747	0.2962962962962963
217	https://www.neighborhoodscout.com/ca/calimesa/crime/	0.07079646017699115	0.0	0.623688155922039	1.0522810522810522	0.25806451612903225	0.9030849030849031	0	0	0	0	9	2.1137746166526505	0.2222222222222222	0.681159420289855	0.11940298507462686
218	https://www.neighborhoodscout.com/ca/	0.0	0.0	0.0	0.0	0.0	0.0	0	0	0	0	9	0.0	0.0	0.0	0.0
219	https://www.neighborhoodscout.com/ca/calimesa/	0.09248554913294797	0.22857142857142856	0.4987694831829368	0.8791208791208791	0.5014245014245013	0.7576303576303577	0	0	0	0	9	0.8721641599731028	0.25806451612903225	0.0	0.17391304347826086
220	http://www.moistrealtors.net/	0.05333333333333334	0.0	0	0.0	0.0	0.0	0	0	0	0.0431266846361186	4	0.0	0.0	0.0	0.09876543209876543
222	http://www.senior-retirement-living.com/ManufacturedHomeCommunities.php?State=CA&City=Calimesa	0.06896551724137931	0.0	0	0	0.0	0	0	0.0	0	0.03619909502262444	1	0.0	0.0975609756097561	0.0	0.10256410256410256
223	http://www.whitepages.com/white-pages/calimesa-ca	0	0	0	0	0	0	0	0	0	0	0	0	0.2222222222222222	0	0
224	http://www.whitepages.com/white-pages/CA	0	0	0	0	0	0	0	0	0	0	0	0	0.0	0	0
225	http://www.churchfinder.com/churches/ca/calimesa	0.018957345971563982	2.39633283791826	0.14814814814814814	0.1951219512195122	0.27586206896551724	0	0	0	0	0	14	0.0	0.23529411764705882	0.0	0.16
226	http://www.ycjusd.calimesa.schoolfusion.us/modules/calendar/showCalendarMonth.phtml?oc_id%5B%5D=3229	0.2222222222222222	0.0	0	0	0	0	0	0	0	0.125	60	0	0.09302325581395349	0.0	0.21621621621621623
227	http://www.emergencyemail.org/localnews/CA/Calimesa.asp	0.07920792079207921	0.0	0.0	0	0	0	0	0	0	0.19161676646706588	16	0	0.1951219512195122	0	0.26666666666666666
228	http://www.fitbodybootcamp.com/calimesafitnessbootcamp/schedule/	0	0.0	0.2962962962962963	0	0.0	0	0	0	0	0	31	0.12321977539368845	0.16	0.0	0.14814814814814814
229	http://www.weichert.com/CA/Riverside/Calimesa/	0.1437125748502994	6.666666666666667	0.21052631578947367	0.6599326599326599	0.644122383252818	0	0	0	0	0.23931623931623933	6	0.1672727272727273	0.25806451612903225	0.0	0.48717948717948717
230	http://californiaobits.tributes.com/browse_obituaries?city=Calimesa&state=CA	0.0547945205479452	0.0	0.16326530612244897	0	0	0	0	0	0	0.16091954022988506	33	0.03940886699507389	0.11764705882352941	0.0	0.125
231	http://www.ebay.com/sch/i.html?_nkw=calimesa	0.1095890410958904	0.0	0.0	0.0	0.0	0	0	0	0	0.23529411764705882	156	0.0	0.25806451612903225	0.8888888888888888	0.47058823529411764
232	http://www.local.com/business/results/calimesa-ca/rv-parks/	0.06722689075630252	1.0	0.17391304347826086	0.0	0.0	0.0	0.0	0.0	0	0	60	0.0	0.18604651162790697	1.6666666666666665	0.3018867924528302
233	http://www.local.com/business/results/calimesa-ca/mobile-home-parks-and-communities/	0.05555555555555555	1.0	0.11267605633802817	0.9543859649122807	0.0	0.0	0.0	0.0	0	0	50	0.0	0.11764705882352941	6.9392239364188875	0.1553398058252427
234	http://www.imortuary.com/funeral-homes/california/calimesa.php	0.05517241379310345	0.0	0	0.42105263157894735	0.0	0.3076923076923077	0	0	0	0.23645320197044334	36	0.4103277674706246	0.16666666666666666	1.2283989100535189	0.1951219512195122
235	http://calimesainnmotel.com/	0	0.0	0	0.0	0	0	0	0	0	0	2	0.2913965586234494	0.4	0.0	0.42105263157894735
236	http://www.americantowns.com/ca/calimesa/organization/calimesa_lions_club	0.2962962962962963	0.05228758169934641	0.42105263157894735	0.0	0.0	0	0.0	0	0	0.32	16	0.0	0.27586206896551724	2.0	0.47058823529411764
237	http://www.americantowns.com/ca/calimesa/organizations/clubs-and-organizations	0.13559322033898305	0.0	0.2	0.0	0.0	0.36363636363636365	0.0	0	0	0.21052631578947367	14	0.0867479929100198	0.12698412698412698	1.0	0.20512820512820512
238	https://www.mhvillage.com/Communities/MobileHomePark.php?key=4012	0.08791208791208792	0.0	0.0	0	0.0	0	0	0	0	0.1038961038961039	5	0.0	0.0	1.0	0.21052631578947367
240	http://calcomchurch.org/	0.0	0.0	0	0.0	0	0	0	0	0	0.3137254901960784	2	0	0.0	0.32	0.25
242	http://www.movingideas.org/calimesa-ca/handi-storage-10086/	0.100418410041841	1.2259786190820674	0.0	0.1951219512195122	0	0	0	0	0	0.1991701244813278	0	0	0.17777777777777778	1.0	0.11267605633802817
243	http://www.yvwd.dst.ca.us/	0	0.0	0	0.0	0	0	0	0	0	0.0	6	0.0	0.0	0.0	0.0
244	http://www.phonelookup.com/CA/calimesa	0.13636363636363635	0.16264622831787012	0.6533333333333333	0.8411847207326129	0	0	0	0	0	0.35467980295566504	1	0	0.32	0.0	0.2711864406779661
245	http://actionrentalsonline.net/	0.0	0.0	0	0	0	0	0	0	0	0.07111111111111111	0	0.0	0.0	0.0	0.1095890410958904
246	http://ycasa.com/	0	0.0	0	0	0	0	0	0	0	0	25	0	0.0	0.19047619047619047	0.17391304347826086
247	http://www.maplandia.com/united-states/california/riverside-county/calimesa/	0.16	0.0	0.8912466843501327	1.9162559348467667	1.6117970917970919	2.3374279410577055	0	0	0	0.05776173285198556	15	0.2835724345962882	0.13333333333333333	0.0	0.16
248	http://www.calimesachristians.org/calimesachristians/Welcome.html	0	0.0	0	0	0	0	0	0	0	0	1	0.7297257972117308	0.3076923076923077	0.0	0.38095238095238093
249	https://www.golfnow.com/tee-times/facility/12036-calimesa-country-club/search	0.11347517730496454	0.0	0	0.7619047619047619	0.0	0	0	0	0	0	35	0.0	0.13114754098360656	0.0	0.35555555555555557
250	https://calimesayoungfamilies.com/	0.0	0.0	0.0	0.0	0.0	0	0	0	0	0	6	0.0	0.32	0.0	0.13559322033898305
251	https://twitter.com/calimesa	0.2782608695652174	0.0	0.0	0.4	0.12698412698412698	0.0	0	0	0	0	22	1.25806544078953	0.42105263157894735	5.831702472515418	0.3902439024390244
252	http://www.tumblecity.com/	0	0	0	0	0	0	0	0	0	0	5	0.0	0.0	1.8382311782815561	0.0
253	http://www.ycjusd.schoolfusion.us/modules/calendar/showCalendarMonth.phtml?oc_id%5B%5D=3212&	0.16326530612244897	0.0	0	0	0	0	0	0	0	0.1038961038961039	209	0	0.0	0.0	0.16
254	http://www.rentals.com/California/Calimesa/?page=2	0.13675213675213677	0.0	0.17777777777777778	0.42105263157894735	0.0	0	0.0	0	0	0	10	0.0	0.2222222222222222	0.0	0.25806451612903225
255	http://www.usacitiesonline.com/cacountycalimesa.htm	0.09266409266409266	0.0	0.8888888888888888	0	0.0	0	0	0	0	0.0855614973262032	0	6.3871722272439975	0.20512820512820512	0	0.1095890410958904
256	https://www.neighborhoodscout.com/ca/calimesa/city-center/	0.04060913705583756	0.22857142857142856	1.371308240873458	0.0	0.0	0.1568627450980392	0.0	0	0	0	9	1.6560699943864172	0.19047619047619047	0.0	0.17777777777777778
257	https://www.neighborhoodscout.com/ca/	0.0	0.0	0.0	0.0	0.0	0.0	0	0	0	0	9	0.0	0.0	0.0	0.0
258	https://www.neighborhoodscout.com/ca/calimesa/	0.09248554913294797	0.22857142857142856	0.4987694831829368	0.8791208791208791	0.5014245014245013	0.7576303576303577	0	0	0	0	9	0.8416125677272746	0.25806451612903225	0.0	0.17391304347826086
259	http://www.seniorhomes.com/c/ca/calimesa/care-homes/	0.06896551724137931	0.0	0.42105263157894735	0.583554376657825	0.0	0.27586206896551724	0	0	0	0.42105263157894735	2	0.16571470074030265	0.2222222222222222	0.0	0.19047619047619047
260	http://www.seniorhomes.com/s/california/care-homes/	0.0	0.0	0.0	0.0	0.0	0.0	0	0	0	0.0	2	0.0	0.0	0.0	0.0
261	http://www.seniorhomes.com/c/ca/riverside-county/care-homes/	0.0	0.0	0.0	0.0	0.0	0.0	0	0	0	0.0	2	0.16571470074030265	0.0	0.0	0.0
262	http://www.isabellasitalianrestaurant.com/	0.05	0.0	0.0	0	0	0	0	0	0	0	2	0.0	0.0	0.0	0.1509433962264151
263	https://www.groupon.com/biz/yucaipa-ca/new-york-pizzaria	0.0	0.8888888888888888	0.0	0.0	0.0	0.0	0.0	0.0	0	0.0	44	0.48547008547008547	0.0	1.1142857142857143	0.19047619047619047
264	https://www.groupon.com/local/yucaipa-ca/restaurants	0.0	0.0	0.0	0	0	0.0	0	0.0	0	0.0	89	0.0	0.0	0.0	0.0
265	https://www.groupon.com/local/yucaipa-ca/italian-restaurants	0.0	0.5333333333333333	0.0	0.0	0.0	0.0	0.0	0.0	0	0.0	82	0.0	0.0	0.0	0.0
266	http://www.apartmentguide.com/apartments/California/Calimesa/senior-living-4lf/	0.05063291139240506	0.0	0	0.6666666666666666	1.980739988804505	0.0	0.0	0	0	0	18	0.0	0.12698412698412698	2.137931034482759	0.16666666666666666
267	http://www.apartmentguide.com/apartments/California/	0.0	0.0	0.0	0.0	0.0	0.0	0.0	0	0	0	17	0.0	0.0	0.0	0.0
268	http://www.cityfeet.com/cont/ca/calimesa-commercial-property	0.08695652173913043	3.636363636363637	0.34798534798534797	0.25	0.0	0	0.14545454545454545	0	0	0.25	3	0.13737228521705902	0.17391304347826086	0.0	0.25
269	http://www.usa.com/calimesa-ca.htm	0.11009174311926606	0.6666666666666666	0.6666666666666666	0.17391304347826086	0	0	0	0	0	0	2	0.060206961429915336	0.36363636363636365	0	0.36363636363636365
270	http://www.seniorhousingnet.com/seniorliving-search/calimesa_ca	0.058394160583941604	0.06130268199233716	0.36363636363636365	0.0	0.0	0	0.0	0	0	0	32	0.0	0.16	0.0	0.11764705882352941
271	http://www.whitepages.com/yellow-pages/calimesa-ca	0	0	0	0	0	0	0	0	0	0	0	0	0.21621621621621623	0	0
272	http://www.whitepages.com/yellow-pages/CA	0	0	0	0	0	0	0	0	0	0	0	0	0.0	0	0
273	http://www.nypizzeria.net/	0.20749565649044427	0.0	0.0	0.0	0	0	0	0	0	0.0	2	0.0	0.0	0.24242424242424243	0.6153846153846154
274	http://calimesacounseling.com/	0	0.0	0.0	0	0	0.0	0	0	0	0	11	0.0	0.36363636363636365	0.7301587301587301	0.4
275	http://bondaccountability.resources.ca.gov/Project.aspx?ProjectPK=8013&PropositionPK=4	0	0.0	0	0	0	0.3333333333333333	0.0	0	0	0	18	0.0	0.0	0.7849673202614379	0.27586206896551724
276	http://www.groovejob.com/browse/jobs/in/CA/California/Calimesa/	0.06611570247933884	7.333333333333334	0.17777777777777778	0	0	0.0	0	0	0	0.07339449541284404	101	0.056338028169014086	0.17777777777777778	0.0	0.21621621621621623
277	http://www.elocalplumbers.com/city/Calimesa_CA/0#!	0.13559322033898305	0.0	0.0	0.0	0.0	0.0	0.0	0	0	0.2857142857142857	16	0.0	0.2222222222222222	0.0	0.3404255319148936
278	http://www.cityfeet.com/cont/ca/calimesa-commercial-real-estate	0.0784313725490196	2.181818181818182	0.3260694108151735	0.22857142857142856	0.0	0	0.13793103448275862	0	0	0.22857142857142856	3	0.10860755126683104	0.16326530612244897	0.0	0.22857142857142856
279	http://www.clrsearch.com/Demographics/CA/Calimesa/	0.042328042328042326	0.0	0	0	0.27586206896551724	0	0	0	0	0.013961605584642234	6	0.0	0.22857142857142856	0.0	0.17777777777777778
281	http://georgesmarket-calimesa.dinehere.us/	0.0	0.0	0.0	0.0	0.0	0	0	0	0	0.0	24	0.0	0.23529411764705882	1.4210526315789473	0.34782608695652173
282	http://dinehere.us/CA	0.0	0.0	0	0.0	0	0	0	0	0	0.0	762	0	0.0	0.0	0.0
283	http://dinehere.us/CA/Calimesa	0.2222222222222222	0.0	0	0	0	0	0	0	0	0.0	130	0	0.38095238095238093	1.0	0.25806451612903225
285	https://www.fishwindowcleaning.com/SoCalEast/	0.0	0.0	0.0	0	0.0	0	0.0	0	0	0	14	0.0	0.0	0.035555555555555556	0.04790419161676647
286	http://calimesacommunitygarden.org/food-banks.php	0	0.0	0	0	0	0	0	0	0	0	1	0	0.1951219512195122	0.0	0.32
287	http://www.pga.com/golf-courses/details/ca/calimesa/calimesa-country-club	0.20869565217391303	0.0	0.38095238095238093	0.0	0.0	0.0	0	0	0	0.45714285714285713	53	0.0	0.2807017543859649	0.0	0.26666666666666666
288	http://www.pga.com/golf-courses	0.0	0.0	0.0	0.0	0.0	0.0	0	0	0	0.0	60	0.0	0.0	0.0	0.0
289	http://www.pga.com/golf-courses/details/ca	0.0	0.0	0.0	0.0	0.0	0.0	0	0	0	0.0	51	0.0	0.0	0.0	0.0
290	http://www.pga.com/golf-courses/details/ca/calimesa	0.12903225806451613	0.0	0.24242424242424243	0	0.0	0.0	0	0	0	0.0	51	0.0	0.2222222222222222	0.25806451612903225	0.18604651162790697
291	http://www.condo.com/Calimesa-CA/For-Sale	0.09937888198757763	0.0	0.1038961038961039	0.9790209790209791	0.0	0	0	0	0	0.3018867924528302	49	0.0	0.2857142857142857	0.0	0.15384615384615385
292	http://www.networktherapy.com/CA/Calimesa%2DTherapists/	0.08226221079691516	0.0	0.42105263157894735	0.25	0	0	0	0	0	0.02373887240356083	40	0	0.1951219512195122	0	0.17391304347826086
293	https://www.redfin.com/CA/Calimesa/374-Flordason-Dr-92320/home/5435148	0.04	0.0	0	0.0	0.0	0.0	0	0	0	0	22	0.0	0.1509433962264151	43.42007076988849	0.12698412698412698
294	https://www.redfin.com/states/CA	0.0	0.0	0.0	0	0.0	0	0	0	0	0	84	0.0	0.0	0.0	0.0
295	https://www.redfin.com/city/2542/CA/Calimesa	0.12030075187969924	18.06824701403014	0.4	1.1273132664437011	0.0	0	0	0	0	0	17	0	0.2857142857142857	11.62772382755586	0.32
296	https://www.redfin.com/zipcode/92320	0.0	18.31818181818181	0.0	0.0	0.0	0	0	0	0	0	17	0	0.0	1.0	0.0
297	http://www.riversidesheriff.org/	0	0.0	0.0	0.0	0	0	0	0	0	0	21	0.0	0.0	0	0.0
298	http://www.california-demographics.com/calimesa-demographics	0.11940298507462686	0.0	0.0	0.6969147005444646	0	0	0	0	0	0	4	0.08888888888888889	0.16666666666666666	0.0	0.25
299	http://library.public-libraries.org/california/calimesa/calimesalibrary.html	0.2318840579710145	0.0	0	0	0	0	0	0	0	0.0	19	0.0	0.24242424242424243	0	0.41025641025641024
300	http://locations.westernunion.com/us/ca	0.0	0.0	0.0	0.0	0.0	0	0	0	0	0	102	0.0	0.0	0.0	0.0
301	http://local.dmv.org/california/riverside-county/calimesa/dmv-office-locations.php	0.06956521739130435	0.0	0.21052631578947367	0	0	0	0	0	0	0	17	0.0	0.11267605633802817	0.24242424242424243	0.1951219512195122
302	http://local.dmv.org/california/dmv-office-locations.php	0.0	0.0	0.0	0	0.0	0	0	0	0	0	16	0.0	0.0	0.0	0.0
303	http://local.dmv.org/california/riverside-county/dmv-office-locations.php	0.0	0.0	0.0	0	0.0	0	0	0	0	0	35	0.0	0.0	0.0	0.0
304	http://www.securityguide.com/crime-reports/calimesa-ca/	0.12539184952978055	3.462109943990755	0.2962962962962963	0.14814814814814814	0	0	0	0	0	0.3876651982378855	0	0	0.1951219512195122	8.0	0.22535211267605634
305	http://www.golfcalifornia.com/courses/calimesa/calimesa-cc/	0.1016949152542373	0.0	0	0	0.0	0	0	0	0	0.38095238095238093	34	0.07667731629392971	0.36363636363636365	0.38095238095238093	0.48484848484848486
306	https://www.newhomesource.com/communitydetail/builder-18609/community-77546	0.0	0.0	0.0	0.0	0.0	0.0	0.0	0	0	0.23529411764705882	15	0.05160230958693926	0.0	1.6666666666666665	0.20512820512820512
307	http://zipcode.org/city/CA/CALIMESA	0.14285714285714285	0.32	0.26666666666666666	0.6923575376405564	0	0	0	0	0	0.40404040404040403	0	0	0.32	0	0.1509433962264151
308	http://zipcode.org/state/california	0.0	0.0	0.0	0.0	0	0	0	0	0	0.0	2	0.0	0.0	0	0.0
309	http://eventful.com/calimesa/concerts	0.09815950920245399	0.0	0.32	0.0	0.0	0.0	0	0	0	0.3018867924528302	115	0.0	0.2857142857142857	1.3333333333333333	0.17777777777777778
310	http://www.isabellasitalianrestaurant.com/Contact/	0.05063291139240506	0.0	1.0	0	0	0	0	0	0	0	2	0	0.0	0.0	0.1509433962264151
311	http://hotelguides.com/california/calimesa-ca-hotels.html	0.05555555555555555	0.0	0.21052631578947367	0.36363636363636365	0.3076923076923077	0	0	0	0	0.030534351145038167	52	0.0	0.16666666666666666	0.5667989667989668	0.4
312	http://hotelguides.com/california/ca-hotels.html	0.0	0.0	0.0	0	0	0	0	0	0	0.0	2	0.0	0.0	0.0	0.0
313	http://www.fandango.com/calimesa_+ca_movietimes	0.05517241379310345	0.0	0.0	0.0	0.0	0.0	0.0	0.0	0	0	777	0.0	0.22857142857142856	0.47058823529411764	0.10810810810810811
315	https://www.zomato.com/inland-empire/thai-chili-calimesa	0.053691275167785234	0.2077922077922078	0.0	0.25806451612903225	0.0	0.2962962962962963	0	0	0	0	143	0	0.19047619047619047	3.495238095238095	0.14545454545454545
316	https://www.zomato.com/inland-empire/rest-of-inland-empire-restaurants	0.0	0.0	0.0	0	0.0	0	0	0	0	0	325	0	0.0	0.0	0.0
317	https://www.zomato.com/inland-empire/calimesa-restaurants	0.1568627450980392	7.155666835493674	0.29380053908355797	0.11594202898550725	0.0	0	0	0	0	0	258	0	0.18604651162790697	0.4	0.16842105263157894
318	http://www.cde.ca.gov/re/sd/details.asp?cds=3667959&public=Y	0.07960199004975124	0.0	0.0	0.42105263157894735	0.0	0	0	0	0	0	21	0.0	0.0	0.0	0.11594202898550725
319	http://www.cde.ca.gov/re/	0.0	0.0	0.0	0	0	0.0	0	0	0	0.0	2	0	0.0	0.0	0.0
320	http://www.cde.ca.gov/re/sd/index.asp	0.0	0.0	0.0	0	0.0	0	0	0	0	0	19	0.0	0.0	0.0	0.0
321	http://www.local.com/business/details/calimesa-ca/mountain-view-baptist-church-122416946/	0.05128205128205128	0.0	0	0	0	0.0	0.0	0	0	0	19	1.2553191489361701	0.1095890410958904	2.0	0.12903225806451613
322	http://www.local.com/business/results/calimesa-ca/baptist-churches/	0.06299212598425197	1.0	0.14814814814814814	0.0	0	0.0	0.0	0	0	0	28	0.0	0.1568627450980392	3.666666666666666	0.2318840579710145
323	http://www.seniorhousingnet.com/seniorliving-search/calimesa_ca/assisted-living_type	0.12903225806451613	0.054982817869415807	0.3333333333333333	0.0	0.0	0	0.0	0	0	0	32	0.0	0.11428571428571428	0.0	0.11428571428571428
325	http://www.tobi.com/product/60138-tobi-calimesa-skater-dress?color_id=86112	0.2	0.0	0.38095238095238093	0.0	0.0	0	0	0	0	0.0	176	0.0	0.12903225806451613	0.21052631578947367	0.2857142857142857
326	http://www.veterinarians.com/ca/calimesa/	0.06504065040650407	0.0	0.4	0	0.0	0.0	0.23529411764705882	0	0	0	2	0.11948051948051948	0.2962962962962963	1.4705882352941178	0.1702127659574468
327	http://www.atlasstoragecenters.com/	0.0	0.0	0.0	0.0	0.0	0	0	0	0	0	9	0.0	0.0	0.0	0.0
328	http://www.realtytrac.com/mapsearch/CA/Calimesa-foreclosures.html	0.06611570247933884	0.0	0.0	0.0	0.0	0.31761006289308175	0	0	0	0.37735849056603776	13	0.0	0.1568627450980392	19.615384615384613	0.17777777777777778
329	http://www.realtytrac.com/mapsearch/ca/riverside-county-foreclosures.html	0.0	0.0	0.0	0.0	0.0	0.0	0	0	0	0.0	10	0.0	0.0	1.0	0.0
330	http://www.realtytrac.com/mapsearch/ca/calimesa-foreclosures.html	0.06611570247933884	0.0	0.0	0.0	0.0	0.31761006289308175	0	0	0	0.37735849056603776	10	0.0	0.1568627450980392	19.615384615384613	0.17777777777777778
331	http://singletonheights.com/plan-4/	0.0	0.0	0.0	0	0.0	0	0	0	0	0.24242424242424243	31	0.0	0.0	0.0	0.19047619047619047
332	http://www.gardenofangels.org/	0.0	0.0	0.0	0.0	0.0	0	0	0	0	0.0	6	0	0.0	0.0	0.0
333	http://www.landscapingnetwork.com/pictures/patio_2/92320-ca-landscaping-network-stained-concrete-patio-teak-patio-furniture_6263/	0	0.6666666666666666	0.0	0.0	0.0	0	0	0	0	0	7	0.0	0.0	0.0	0.13793103448275862
334	http://www.landscapingnetwork.com/pictures/	0	0.0	0.0	0.0	0.0	0	0	0	0	0	7	0.0	0.0	0.0	0.0
335	http://www.landscapingnetwork.com/pictures/patio_2/	0	0.0	0.0	0.0	0.0	0	0	0	0	0	7	0.0	0.0	0.0	0.0
336	https://www.ourparents.com/california/calimesa/sunshine_house	0.05333333333333334	1.0	0.0	0.18604651162790697	0.0	0.26666666666666666	0.1568627450980392	0	0	0.09876543209876543	14	0.17959183673469387	0.17391304347826086	0.0	0.21621621621621623
337	https://www.ourparents.com/california/calimesa/sunshine_house	0.05333333333333334	1.0	0.0	0.18604651162790697	0.0	0.26666666666666666	0.1568627450980392	0	0	0.09876543209876543	14	0.17959183673469387	0.17391304347826086	0.0	0.21621621621621623
338	http://www.alltrails.com/us/california/calimesa	0.045454545454545456	0.2	0.2962962962962963	0	0	0	0	0	0	0	18	0.024242424242424242	0.24242424242424243	0.0	0.13793103448275862
339	http://www.alltrails.com/us?ref=header	0.0	0.0	0.0	0	0.0	0	0	0	0	0	18	0.0	0.0	0.0	0.0
340	http://www.alltrails.com/us/california?ref=header	0.0	0.0	0.0	0	0.0	0	0	0	0	0	18	0.0	0.0	0.0	0.0
341	http://gsalr.com/garage-sales-calimesa-ca.html	0.20382165605095542	0.0	0	0	0.0	0	0.0	0	0	0	65	0.0	0.21052631578947367	0.0	0.4055068836045056
342	https://twitter.com/CityOfCalimesa	0.07960199004975124	0.0	0.0	0.3076923076923077	0.13333333333333333	0.0	0	0	0	0	30	0.5515292267013221	0.32	2.4969696969696966	0.36363636363636365
343	http://www.seniorhomes.com/f/ca/the-granville-place-calimesa/	0.05263157894736842	0.0	0.0	0.0	0.0	0.0	0	0	0	0.0	2	0.01353637901861252	0.17391304347826086	1.0	0.23529411764705882
344	http://www.seniorhomes.com/c/ca/riverside-county/care-homes/	0.0	0.0	0.0	0.0	0.0	0.0	0	0	0	0.0	2	0.16571470074030265	0.0	0.0	0.0
345	http://www.seniorhomes.com/c/ca/calimesa/care-homes/	0.06896551724137931	0.0	0.42105263157894735	0.583554376657825	0.0	0.27586206896551724	0	0	0	0.42105263157894735	2	0.16571470074030265	0.2222222222222222	0.0	0.19047619047619047
346	http://www.pga.com/golf-courses/details/ca/calimesa	0.12903225806451613	0.0	0.24242424242424243	0	0.0	0.0	0	0	0	0.0	51	0.0	0.2222222222222222	0.25806451612903225	0.18604651162790697
347	http://www.pga.com/home	0.0	0.0	0	0.0	0.0	0.0	0	0	0	0.0	85	0.0	0.0	0.0	0.0
348	http://www.pga.com/golf-courses/details/%2A	0.0	0.0	0.0	0.0	0.0	0.0	0	0	0	0.0	51	0.0	0.0	0.0	0.0
349	http://www.pga.com/golf-courses/details/ca	0.0	0.0	0.0	0.0	0.0	0.0	0	0	0	0.0	51	0.0	0.0	0.0	0.0
353	http://local.fedex.com/ca/calimesa/color-printing.html	0.06015037593984962	0.0	0.17391304347826086	0.0	0.0	0	0	0	0	0	164	1.5757020757020757	0.18181818181818182	0.0	0.21052631578947367
355	https://www.mapquest.com/us/california/gas-stations-calimesa/calimesa-shell-272455190	0.21333333333333335	0.0	0.36363636363636365	0	0.0	0	0	0	0	0	10	0.0	0.2318840579710145	1.4444444444444444	0.375
356	https://www.yellowpagesgoesgreen.org/Calimesa-CA/Villa+Calimesa+Mobile+Home+Park/2543381	0.10101010101010101	0.5004887585532747	0	0.1568627450980392	0.0	0	0	0	0	0.17204301075268819	94	0.023391812865497075	0.2191780821917808	2.2857142857142856	0.15841584158415842
357	http://www.newsmirror.net/obituaries/	0.0	0.0	0.0	0	0.0	0.0	0	0	0	0.0	19	0.24693618103229087	0.0	0.0	0.0
358	http://www.topix.com/obits/calimesa-ca	0.21052631578947367	1.0	0.42105263157894735	0	0	0.0	0	0	0	0	4	0.21052631578947367	0.32	1.4210526315789473	0.38095238095238093
359	http://www.topix.com/county/riverside-ca	0.0	0.0	0.0	0	0	0.0	0.0	0	0	0	28	0.0	0.0	0.0	0.0
360	http://www.topix.com/city/calimesa-ca	0.16666666666666666	1.240841032175852	0.6153846153846154	0	0	0.0	0	0	0	0	13	1.2919819296688688	0.3333333333333333	1.6153846153846154	0.42105263157894735
361	http://www.gardenguides.com/local-nurseries/ca-calimesa/	0.12307692307692308	0.0	0.25	0.34782608695652173	0.0	0	0	0	0	0	3	0.21291208791208793	0.19047619047619047	0.0	0.25806451612903225
362	http://www.gardenguides.com/local/	0.0	0.0	0.0	0	0.0	0	0	0	0	0	3	0.0	0.0	0.0	0.0
363	http://www.yucaipacalimesasafeandlock.com/	0.0	0.0	0.1951219512195122	0.0	0	0.0	0	0	0	0	1	0.4070175438596491	0.26666666666666666	0.6644808743169399	0.1509433962264151
364	https://www.senioradvisor.com/local/granville-place-the-calimesa-ca	0.07407407407407407	0.0	0.21621621621621623	0.29924502402196296	0.21052631578947367	0.0	0	0	0	0.25806451612903225	2	0.041237113402061855	0.1509433962264151	2.1711001642036125	0.14545454545454545
365	https://www.senioradvisor.com/calimesa-ca	0.06666666666666667	0.36363636363636365	0.3076923076923077	0.6222405045934458	0.0	0.24242424242424243	0.10126582278481013	0	0	0.2222222222222222	1	0.06201550387596899	0.2857142857142857	0.0	0.14035087719298245
366	http://www.localconditions.com/weather-calimesa-california/92320/	0.11594202898550725	0.1058234855743639	0.4	0.16	0	0.3076923076923077	0	0	0	0.3018867924528302	57	0.0	0.1568627450980392	0.0	0.16326530612244897
367	http://www.localconditions.com/us/weather/california/	0.0	0.0	0.0	0.0	0	0.0	0	0	0	0.0	1312	0.0	0.0	0.0	0.0
368	http://www.assistedlivingfacilities.org/directory/ca/calimesa/	0.11267605633802817	0.0	0.20512820512820512	0.0	0	0.21621621621621623	0	0	0	0.23880597014925373	8	0.0625	0.1702127659574468	0	0.18823529411764706
369	http://www.assistedlivingfacilities.org/directory/ca/	0.0	0.0	0.0	0.0	0.0	0.0	0	0	0	0.0	13	0.0	0.0	0.0	0.0
370	http://www.clubplanet.com/Venues/124104/Calimesa/Rumors	0	0.3368662780427486	0.5721583652618135	0	0	0	0	0.47058823529411764	0	0	17	0.1453033268101761	0.2	0.4444444444444444	0.18181818181818182
371	http://www.clubplanet.com/US/Riverside-San-Bernardino-Ontario/venues	0	0.0	0.0	0	0	0	0	0	0	0	10	0	0.0	0.0	0.0
372	http://www.clubplanet.com/US/Riverside-San-Bernardino-Ontario/venues/Bar	0	0.0	0.0	0	0	0	0	0	0	0	10	0	0.0	0.0	0.0
373	http://www.mybanktracker.com/branch/Bank-of-America/CA/Calimesa/92320/1055-Calimesa-Boulevard-15068	0.15789473684210525	0.0	0.0	0.0	0.0	0.0	0	0	0	0	6	0.3076923076923077	0.1951219512195122	1.8811594202898552	0.32
374	https://calimesasda.courtyardapp.com/session/new	0	0.0	0.21621621621621623	0	0.0	0	0	0	0	0	1	0	0.21052631578947367	0	0.13114754098360656
375	http://www.travelmath.com/nearest-airport/Calimesa,+CA	0.07407407407407407	0.0	0	1.8543290043290042	0	0	0	0	0	0	93	0.0	0.1951219512195122	0.0	0.20512820512820512
376	https://www.ourparents.com/california/calimesa/sandalwood_manor	0.05128205128205128	1.0	0.0	0.18604651162790697	0.0	0.26666666666666666	0.1702127659574468	0	0	0.09302325581395349	14	0.1724572870083706	0.16666666666666666	0.0	0.20512820512820512
377	https://locality.com/ca/hair-salon-calimesa	0.043243243243243246	0.4	0	0.23529411764705882	0.22857142857142856	0.0	0	0	0	0	0	0.0	0.24242424242424243	6.606421036421036	0.19047619047619047
378	http://realestate.oodle.com/calimesa-ca/	0.041884816753926704	0.6153846153846154	0.17391304347826086	0.1702127659574468	0.0	0.0	0	0	0	0.18867924528301888	171	0	0.25806451612903225	11.151820728291314	0.12121212121212122
379	http://realestate.oodle.com/regions/	0.0	0.0	0.0	0	0	0	0	0	0	0.0	64	0.0	0.0	0.0	0.0
380	http://realestate.oodle.com/regions/california/	0.0	0.0	0.0	0	0.0	0	0	0	0	0.0	58	0.0	0.0	0.0	0.0
381	http://high-schools.com/directory/ca/cities/calimesa/	0.10738255033557047	0.0	0.2857142857142857	0.0	0.1568627450980392	0.6087781266352694	0	0	0	0	2	1.353561497274072	0.1951219512195122	0.0	0.2857142857142857
382	http://high-schools.com/directory/ca/	0.0	0.0	0.0	0.0	0.0	0.0	0	0	0	0	2	0.0	0.0	0.0	0.0
383	http://rivlib.info/riverside-county-library-system/	0	0.0	0	0	0	0.0	0.0	0	0	0	43	0	0.0	0.0	0.0
384	http://littlensons.com/	0.0	0.0	0.16326530612244897	0.0	0.0	0.0	0	0	0	0	24	0.02373887240356083	0.0	0.34541405420221327	0.19047619047619047
385	https://en.wikipedia.org/wiki/Riverside_ca	0	0.0	0.0	0.0	0.0	0	0	0	0	0	181	0.0	0.0	0.0	0.0
386	http://homelessresourcesca.org/Cities/CalimesaCaliforniaHomelessResources.html	0.0	0.0	0	0	0	0	0	0	0	0.0	115	0	0.11594202898550725	1.8247007894066718	0.12903225806451613
388	http://www.nonprofitfacts.com/CA/Calimesa-Cultural-Performing-Arts-Association.html	0	0.17777777777777778	0	0.0	0	0	0	0	0	0	14	0.16584317937701396	0.11428571428571428	0.5847953216374269	0.547008547008547
389	http://www.nonprofitfacts.com/index-California.html	0.0	0.0	0	0	0.0	0	0	0	0	0	0	0	0.0	0.0	0.0
390	http://www.cabletv.com/ca/calimesa	0.05714285714285714	0.0	0.1568627450980392	0.0	0.0	0	0	0	0	0	24	0.34797925617805925	0.38095238095238093	0.0	0.36363636363636365
391	http://www.cabletv.com/ca	0.0	0.0	0.0	0.0	0.0	0	0	0	0	0	5	0.0	0.0	0.0	0.0
392	http://www.addresses.com/white-pages/california/calimesa	0.08080808080808081	0.16666666666666666	0.3333333333333333	0.80219032556474	0	0	0	0	0	0.25806451612903225	42	0.19999999999999998	0.19047619047619047	0.4	0.2
393	http://www.addresses.com/white-pages	0.0	0.0	0.0	0.0	0.0	0	0	0	0	0	52	0	0.0	0	0.0
394	http://www.addresses.com/white-pages/california	0.0	0.0	0	0.0	0	0	0	0	0	0.0	46	0.0	0.0	0.0	0.0
395	http://www.funeralhomesguide.com/California/Calimesa/DesertLawnCemetery.html	0.18181818181818182	0.0	0.0	0	0	0	0	0	0	0	47	0.0	0.12903225806451613	0.0	0.18604651162790697
396	http://www.beachcalifornia.com/things-to-do/calimesa-ca.html	0.11483253588516747	0.0	0.2962962962962963	1.6682982074286419	0.32	0	0	0	0	0.32	6	0.09017713365539452	0.1702127659574468	0.2728289308405215	0.5
397	http://nursing-homes.healthgrove.com/l/1196/Calimesa-Post-Acute	0.0	1.0046070082367722	0	0.0	0.0	0	0	0.0	0	0.0	75	0.27871621621621623	0.1509433962264151	0.0	0.19047619047619047
398	http://www.localconditions.com/weather-calimesa-california/92320/traffic.php	0.06060606060606061	0.06639004149377593	0.2222222222222222	0.17391304347826086	0	0.9888517279821627	0	0	0	0.37209302325581395	103	0.1111111111111111	0.12903225806451613	0.0	0.10526315789473684
399	http://www.localconditions.com/us/weather/california/	0.0	0.0	0.0	0.0	0	0.0	0	0	0	0.0	1312	0.0	0.0	0.0	0.0
400	http://www.sale-tax.com/CalimesaCA	0.04419889502762431	0.0	0	0.5	0	0	0	0	0	0	1	0.13114754098360656	0.36363636363636365	1.0	0.2962962962962963
401	http://calimesacrossfit.com/928-3/	0	0.0	0.0	0	0.47058823529411764	0	0.0	0	0	0	60	0.7644444444444445	0.32	1.1490544543176122	0.27586206896551724
402	http://calimesacrossfit.com/blog/	0	0.0	0	0.0	0.47058823529411764	0	0	0	0	0	104	0.7644444444444445	0.3333333333333333	1.1490544543176122	0.27586206896551724
403	http://calimesacrossfit.com/category/news/	0	0.0	0	0.0	0.47058823529411764	0	0	0	0	0	104	0.7644444444444445	0.25	1.1490544543176122	0.27586206896551724
404	http://www.ranchocalimesa.com/properties/	0	0.0	0.0	0	0	0	0	0	0	0.14285714285714285	6	0	0.2857142857142857	0.0	0.18181818181818182
405	http://creativeconcretecalifornia.com/	0.04819277108433735	0	0	0	0	0	0	0	0	0.031496062992125984	0	0	0.0	0.0	0.048484848484848485
407	http://www.boomerater.com/senior-living/senior-housing-in-Calimesa_California	0.05228758169934641	0.0	0	0.18604651162790697	0	0	0	0	0	0	0	0.04289544235924933	0.125	5.7777777777777795	0.12307692307692308
408	http://commons.wikimedia.org/wiki/Category:Calimesa,_California	0	0.0	0.27586206896551724	0.2	0.0	0	0	0	0	0	10	0.0	0.1509433962264151	0.0	0.16326530612244897
409	http://www.smogtips.com/Calimesa-Smog-Check-Station-Test-Only-Center.cfm	0	0.14084507042253522	0.25	0	0	0	0	0	0	0.14814814814814814	17	0.0	0.13333333333333333	0.0	0.1509433962264151
410	http://portals.pmcworld.com/calimesa/	0	0.0	0.0	0	0.0	0	0	0	0	0	17	0.1409937888198758	0.2857142857142857	0	0.38095238095238093
411	http://calimesainsurance.net/contact-us/	0.05161290322580645	0.0	0.22857142857142856	0.0	0	0.0	0	0	0	0.07017543859649122	58	1.077919436271839	0.25806451612903225	0.0	0.12121212121212122
412	http://www.californiagasprices.com/Chevron_Gas_Stations/Calimesa/100317/index.aspx	0	0.0	0.0	0	0	0	0	0	0	0	24	0	0.11940298507462686	0.0	0.11267605633802817
413	http://www.estately.com/listings/info/9433-sharondale-road	0.0	0.23529411764705882	0.0	0.24242424242424243	0.0	0.0	0.0	0	0	0	41	0.0	0.0	1.8	0.15384615384615385
414	http://www.estately.com/CA/Yucaipa	0.0	0.0	0.0	0	0.0	0	0.0	0	0	0	463	0.0	0.0	0.0	0.0
415	http://actionrentalsonline.net/default.asp.f-rental_listings	0	0.0	0.0	0	0	0.0	0	0	0	0.07111111111111111	2	0	0.0	0.0	0.1095890410958904
416	http://www.21sushihouse.com/	0	0.0	0	0	0	0	0	0	0	0.23529411764705882	0	0	0.0	0	0.25806451612903225
417	http://calmhsa.org/	0.0	0.0	0	0	0	0	0	0	0	0.0	15	0.0	0.0	0.0	0.0
418	http://www.desertsun.com/story/news/local/2014/09/03/california-lottery-mega-millions-inland-empire-calimesa/15020569/	0	0.0	0.15384615384615385	0	0	0.15384615384615385	0	0.0	0	0	32	0.05757797552550817	0.08163265306122448	0.044444444444444446	0.15384615384615385
419	http://www.worldgolf.com/courses/usa/california/calimesa/	0.13675213675213677	0.32	1.0	0.7521367521367521	0	0	0	0	0	0.1927710843373494	48	0.0	0.1951219512195122	0.0	0.32
420	http://www.beachcalifornia.com/srca/churches/calimesa/1-newlife-christian-fellowship-909-795-9716.html	0.05955334987593052	0.49624060150375937	0.19047619047619047	0	0.36742424242424243	0	0	0	0	0.18604651162790697	0	0.05955334987593052	0.09195402298850575	0.0	0.1702127659574468
421	https://www.mhvillage.com/Communities/MobileHomePark.php?key=4097	0.17204301075268819	0.2033898305084746	0.6666666666666666	0	0.0	0.4444444444444444	0.0	0	0	0.20253164556962025	5	0.0	0.0	1.0	0.4
422	http://www.cityrating.com/crime-statistics/california/calimesa.html	0.08421052631578947	0.06349206349206349	0.20512820512820512	0.32	0	0	0	0	0	0.14201183431952663	1	0	0.1509433962264151	0.0	0.13559322033898305
423	http://www.cityrating.com/crime-statistics/	0.0	0.0	0.0	0.0	0	0	0	0	0	0.0	1	0	0.0	0.0	0.0
424	http://www.cityrating.com/crime-statistics/california/	0.0	0.0	0.0	0.0	0	0	0	0	0	0.0	1	0	0.0	0.0	0.0
425	http://www.nbclosangeles.com/news/local/Man-Killed-Deputy-Shooting-Suspected-Drugs-Incident-291041021.html	0.08333333333333333	0.0	0.0	0.061068702290076333	0.0	0	0	0	0	0.0851063829787234	37	0.38978015448603687	0.0	0.0	0.0
426	https://www.vagaro.com/salons/california/calimesa	0	0	0	0	0	0	0	0	0	0	0	0	0.23529411764705882	0	0
427	http://www.publicrecordcenter.com/calimesa_california_public_records.html	0.05161290322580645	0.0	0	0	0	0	0	0	0	0	17	0.2990180551156161	0.13114754098360656	0	0.12307692307692308
428	http://www.wellness.com/dir/2778963/animal-hospital/ca/calimesa/calimesa-veterinary-clinic	0.1523809523809524	0.0	0.3076923076923077	0.17391304347826086	0.2	0.6666666666666666	0	0	0	0	4	0	0.2191780821917808	2.2638679150307057	0.32653061224489793
429	http://mastercraftresidential.com/portfolio/singleton-heights-calimesa-ca/	0	0.0	0.25806451612903225	0	0.0	0.0	0	0	0	0	62	0.05128205128205128	0.125	0.6580645161290323	0.14035087719298245
430	http://www.calimesalions.com/	0	0.12914920131414978	0	0	0	0	0	0	0	0	9	0.0	0.47058823529411764	0	0.18181818181818182
431	http://www.roadsideamerica.com/story/12261	0.0	0.0	0.0	0.0	0.0	0.0	0	0.0	0	0	2	0.03162055335968379	0.0	0.5333333333333333	0.14545454545454545
432	https://ycjusd.rocketscanapps.com/	0	0.0	0	0	0.0	0.0	0	0	0	0	3	0	0.0	0.4808222986377608	0.0
433	https://www.buildzoom.com/contractor/borden-excavating-inc	0.050955414012738856	0.2962962962962963	0.0	0.0	0.0	0.0	0.24242424242424243	0.0	0	0	21	0.05673758865248227	0.0	1.5714285714285714	0.11428571428571428
434	http://www.21sushihouse.com/menu/	0	0.0	0	0	0	0	0	0	0	0.23529411764705882	9	0	0.0	0	0.25806451612903225
435	http://www.weichert.com/CA/Riverside/Calimesa/Listings/Homes/	0.1702127659574468	0.0	0	0	0	0	0	0	0	0.09876543209876543	6	0.0	0.18181818181818182	0.0	0.1951219512195122
436	http://www.fitbodybootcamp.com/calimesafitnessbootcamp/about-us/	0	0.0	0.0	0	0.0	0	0	0	0	0	31	0.1038961038961039	0.16	0.0	0.14814814814814814
437	http://intimateviolencedeathnews.blogspot.com/2011/05/calimesa-ca-calimesa-murder-alleged.html	0	0.03333333333333333	0.0	0.0	0.0	0.0	0	0	0	0	184	0.0	0.19047619047619047	0.0	0.11851851851851852
438	http://www.ycjusd.onlineacademy.schoolfusion.us/	0.1951219512195122	0.0	0	0	0	0	0	0	0	0.11594202898550725	40	0	0.0	0.0	0.0
439	http://www.distancebetweencities.net/calimesa_ca_and_menifee_ca/route	0.17391304347826086	0.386241342216185	0	0.0	0	0.0	0	0	0	0	11	0.0	0.14285714285714285	0	0.22857142857142856
440	http://www.decidio.com/local-businesses/bakeries-calimesa-CA-s40.html	0.07407407407407407	0.0	0	0.0	0.47058823529411764	0.0	0.0	0	0	0	6	0.8843429553390383	0.14285714285714285	0.0	0.3018867924528302
441	http://calimesa.ca.foreclosure-support.com/	0.11267605633802817	0.2857142857142857	0.17777777777777778	0.6622369878183831	0	0	0	0	0	0.26993865030674846	60	0.41640443624803186	0.22857142857142856	0.25	0.13114754098360656
442	http://librarytechnology.org/libraries/library.pl?id=11445	0.1437125748502994	0.0	0.0	0.0	0.0	0	0	0	0	0	85	0.0	0.0	1.4533333333333334	0.13333333333333333
443	http://abc7.com/society/odd-events-lead-ie-couple-to-win-mega-millions/293920/	0.07017543859649122	0.2962962962962963	0.20512820512820512	0	0	0	0	0	0	0.1702127659574468	58	0.06611570247933884	0.0	0.0	0.20512820512820512
444	http://www.churchcloud.com/CA/calimesa/	0	0.0	0.6666666666666666	0	0.0	0	0	0	0	0	11	0.0	0.32	0.0	0.23529411764705882
445	http://www.hudclips.org/california/calimesa-foreclosures	0.12030075187969924	0.0	0.27586206896551724	0.2	0	0	0	0	0	0	40	0.08247422680412371	0.18604651162790697	0.21052631578947367	0.26666666666666666
446	http://www.bringfido.com/attraction/13008/	0.0851063829787234	0.7617570054695804	0.0	0	0	0	0	0	0	0.37209302325581395	6	0.0	0.0	0	0.3333333333333333
450	https://foursquare.com/v/calimesa-street-fair/51698f90e4b038b931e8b873	0.16326530612244897	0.4	0.4	0	0.0	0.0	0	0	0	0.3380281690140845	17	1.0444444444444443	0.13559322033898305	2.8705882352941177	0.43636363636363634
451	https://foursquare.com/cities/united-states	0.0	0.0	0.0	0	0.0	0	0	0	0	0.0	16	0.0	0.0	0.0	0.0
452	https://www.officespace.com/calimesa-ca	0.05925925925925926	0.6868044515103339	0	0.7018181818181819	0	0	0	0	0	0	7	0	0.3076923076923077	1.0	0.14285714285714285
453	https://www.officespace.com/countries/usa	0.0	0.0	0.0	0.0	0	0	0	0	0	0	6	0	0.0	0.0	0.0
454	https://www.officespace.com/california	0.0	0.0	0	0.0	0	0	0	0	0	0	7	0	0.0	0.0	0.0
455	https://www.officespace.com/countries/usa/california	0.0	0.0	0.0	0.0	0	0	0	0	0	0	6	0	0.0	0.0	0.0
456	http://www.eliterealtygroup.net/	0.02702702702702703	0.0	0.0	0	0	0	0	0	0	0.02702702702702703	1	0.15429606279863195	0.0	0.0	0.0784313725490196
457	https://www.google.com/maps/dir/Current+Location/13700+Calimesa+Blvd+Yucaipa+CA	0.0	0.0	0	0	0	0	0	0	0	0	0	0	0.12698412698412698	0	0.0
458	https://dentalcareernow.com/hygienist-and-assistant-schools/calimesa-ca	0.05555555555555555	0.0	0.25	0.0	0.0	0	0	0	0	0	17	2.6857142857142855	0.13114754098360656	1.0	0.16
459	http://www.adventistdirectory.org/ViewEntity.aspx?EntityID=18861	0	0.0	0	0	0	0	0	0	0	0	23	0	0.0	0.6372688477951636	0.1111111111111111
460	http://www.decidio.com/local-businesses/party-rentals-calimesa-CA-s54.html	0.07079646017699115	0.0	0	0.0	0.36363636363636365	0.0	0.0	0	0	0	6	0.6381545284443592	0.13114754098360656	0.0	0.2857142857142857
461	http://calimesa.adventistfaith.org/	0.20512820512820512	0.3651282051282051	0	0	0.0	0	0	0	0	0	1	0.0	0.2962962962962963	0.06201550387596899	0.14035087719298245
462	http://www.vanlines.com/local_movers/92320_calimesa.html	0.09448818897637795	0.14545454545454545	0.2857142857142857	0.2191780821917808	0.0	0	0	0	0	0.0299625468164794	3	0.09696969696969697	0.18604651162790697	2.0	0.32
463	http://www.fillmanortho.com/	0.047337278106508875	0.0	0.0	0	0	0	0	0	0	0.041025641025641026	4	0.06666666666666667	0.0	0	0.125
464	http://www.hackpr.co/zen-garden-design-calimesa/	0.012944983818770227	0.016	0.3076923076923077	0.0	5.468963549428983	0	0	0	0	0	468	0.0	0.22857142857142856	0	0.21621621621621623
465	http://www.hackpr.co/zen-garden-design-calimesa/#	0.022598870056497175	0.01820250284414107	0.3076923076923077	0.0	5.468963549428981	0	0	0	0	0	468	0.0	0.2222222222222222	0	0.21621621621621623
466	http://www.partyjumpusa.com/Inflatable-Bounce-House-Rentals/CA/Calimesa	0.05755395683453238	0.0	0.3638242894056848	0	0.3638242894056848	0	0	0	0	0.38095238095238093	12	0.41178396072013096	0.14035087719298245	0.0	0.3333333333333333
470	http://www.youtube.com/watch?v=9AecWEzdIzU	0.12903225806451613	0.0	0.0	0.0	0.0	0.0	0	0	0	0.16	8	0.0	0.0	1.0187784101553674	0.0
471	http://www.travelmath.com/cities-near/Calimesa,+CA	0.06611570247933884	0.0	0	1.6809902740937224	0	0	0	0	0	0	92	0.19822241856257822	0.21621621621621623	0.0	0.25
472	http://www.salarylist.com/city/Calimesa-CA-Salary.htm	0.0893854748603352	1.9700841918688377	0.4	0	0	0	0	0	0	0	17	0.03571428571428571	0.2	0.0	0.5552941176470588
473	http://kaferoyale.com/	0	0.0	0	0.3404255319148936	0.0	0	0	0	0	0	4	0	0.0	0	0.0
474	http://crossfitcovert.com/index.asp?page=schedule	0.034934497816593885	0.0	0.0	0.0	0	0	0	0	0	0.06751054852320675	13	0	0.0	0	0.2857142857142857
475	http://www.moistrealtors.net/rental_listings	0.05333333333333334	0.0	0	0.0	0.0	0	0	0	0	0.0431266846361186	2	0.0	0.0	0.0	0.08163265306122448
476	http://www.eventective.com/USA/California/Calimesa/	0.0625	0.0	0.0	0.0	0	0.0	0	0	0	0	8	0	0.2222222222222222	0.0	0.2
477	http://www.frbo.com/United-States/California/Calimesa/17527.html	0.125	0.08121827411167512	0	0	0	0	0	0	0	0.23880597014925373	0	0	0.16326530612244897	0.0	0.08695652173913043
478	http://www.frbo.com/United-States/rentals/254.html	0	0.0	0	0	0.0	0.0	0	0	0	0	0	0	0.0	0.0	0.0
479	http://www.frbo.com/United-States/California/rentals/126.html	0.0	0.0	0	0	0	0	0	0	0	0.0	0	0	0.0	0.0	0.0
480	http://www.wellness.com/find/dentist/ca/calimesa	0.061068702290076333	0.0	0.4	0.0	0.4	0.3333333333333333	0	0	0	0.02952029520295203	4	0	0.24242424242424243	2.4317454558984952	0.26666666666666666
482	http://tel2name.com/909-918	0	0	0	0	0	0	0	0	0	0	0	0	0.0	0.0	0.26666666666666666
483	http://earthquake.usgs.gov/earthquakes/eventpage/ci37472279	0.0	0.0	0.27586206896551724	0.0	0	0	0	0	0	0.0	5	0	0.0	0.0	0.27586206896551724
484	http://24timezones.com/usa_time/ca_riverside/calimesa.htm	0.12698412698412698	0.0	0.2857142857142857	0.06666666666666667	0.7528142589118199	0	0	0	0	0.042328042328042326	2	0.2344189913940049	0.1702127659574468	0.0	0.19047619047619047
485	http://www.hireahelper.com/movers/calimesa_ca/	0.11678832116788321	0.0	0.24242424242424243	0.5665071770334928	0.9148015105461914	0.2962962962962963	0.0	0	0	0	14	0.1294446253663669	0.25	0.0	0.1568627450980392
486	http://www.citysearch.com/profile/35813569/calimesa_ca/subway.html	0.0547945205479452	0.0	0.0	0.0	0	0.0	0	0	0	0	37	0.0	0.1568627450980392	4.666666666666668	0.1951219512195122
487	http://www.citysearch.com/guide/calimesa-ca	0.09125475285171103	0.0	1.0	0.0	0	0.0	0	0	0	0	69	1.0	0.26666666666666666	0.5	0.25
488	http://www.citysearch.com/listings/calimesa-ca/restaurants/55744_1722	0.05128205128205128	0.0	0.2962962962962963	0.25806451612903225	0	0.0	0	0	0	0	51	0.0	0.14814814814814814	0.0	0.24242424242424243
490	http://bouncingworldandpartyrentals.com/	0.0	0.0	0	0	0	0	0	0	0	0.0	11	0	0.0	0.0	0.0
492	https://www.chamberofcommerce.com/calimesa-ca/39981591-jays-quality-pest-control	0.041237113402061855	0.0	0	0	0.0	0.0	0	0	0	0	0	0.0	0.12121212121212122	2.030651340996169	0.11267605633802817
493	http://www.lawncolandscaping.com/lawn-maintenance/lawn-maintenance-calimesa-california/	0	0.0	0.3705263157894737	0.25	0.36363636363636365	0.0	0.41263700838168926	0.0	0	0	67	0.3248175984671677	0.1095890410958904	0.16	0.1568627450980392
494	http://www.calimesayouth.com/	0	0	0	0	0	0	0	0	0	0	0	0	0.47058823529411764	0	0.5333333333333333
495	http://friendseat.com/coupons/C/Calimesa-Country-Club	0.07017543859649122	0.1214293715693962	0.26666666666666666	0.0	0	0	0	0.6233766233766234	0	0.215633423180593	26	0.0	0.18604651162790697	0.38095238095238093	0.16326530612244897
496	http://friendseat.com/cities/USA/CA	0.0	0.0	0.0	0	0	0	0	0	0	0.0	50	0	0.0	0.0	0.0
497	http://friendseat.com/cp/-coupons-C	0.0	0.0	0.0	0	0	0	0	0	0	0	22	0.0	0.0	0	0.0
498	http://friendseat.com/cp/-coupons-CA	0.0	0.0	0.0	0	0	0	0	0	0	0	22	0.0	0.0	0.0	0.0
499	http://friendseat.com/cp/American-coupons-C	0.0	0.0	0.0	0	0	0	0	0	0	0	22	0.0	0.0	0.0	0.0
500	http://earthquake.usgs.gov/earthquakes/eventpage/ci37703992	0.0	0.0	0.25806451612903225	0.0	0	0	0	0	0	0.0	5	0	0.0	0.0	0.25806451612903225
501	http://www.recordgazette.net/calendar/calimesa-country-club-presents-concerts-on-the-green/event_7a87b8fa-0866-11e4-9e71-0019bb2963f4.html	0.06015037593984962	0.0	0	0.15384615384615385	0.0	0.0	0	0	0	0.0	20	0.06015037593984962	0.06451612903225806	0.0	0.09195402298850575
502	http://www.zippyhandyman.com/door-installation/door-installation-calimesa-california/	0	0.17777777777777778	0.19047619047619047	0.19047619047619047	0	0	0	0.0	0	0	50	0.43059377178156116	0.11267605633802817	1.1430283381749509	0.19047619047619047
503	http://sunlakesrealty.com/	0	0.0	0	0.0	0.0	0.0	0	0	0	0	5	0.0	0.0	0.0	0.0
504	http://www.movoto.com/calimesa-ca/92320/demographics/	0.06751054852320675	0.0	0.0	0.0	0	0.3333333333333333	0	0	0	0	96	0.0	0.21052631578947367	16.86020607073239	0.20512820512820512
505	http://rwglaw.com/attorneys/kevin-g-ennis.aspx	0.0	0.0	0	0	0	0	0.0	0	0	0.0	1	0.009925558312655087	0.0	0	0.0
506	https://electricalcareernow.com/electrician-schools/calimesa-ca	0.055944055944055944	0.0	0.21052631578947367	0.0	0.0	0	0	0	0	0	17	0.6153266922895912	0.1509433962264151	1.0	0.12698412698412698
507	http://www.thegolfcourses.net/golfcourses/CA/Calimesa.htm	0	0.0	0.2857142857142857	0	0.0	0	0	0	0	0	8	0.0	0.18604651162790697	1.0	0.3333333333333333
508	http://www.411.com/white-pages/calimesa-ca	0.0	0.0	0.4	1.726868686868687	0	0.26666666666666666	0	0	0	0.0	33	0.0	0.27586206896551724	0.0	0.20512820512820512
509	http://www.411.com/white-pages/CA	0.0	0.0	0.0	0	0.0	0	0	0	0	0.0	8	0.0	0.0	0.0	0.0
511	http://zipcode.org/92320	0.11940298507462686	0.0	0.0	0.0	0	0	0	0	0	0.0	0	0	0.0	0	0.13559322033898305
512	http://zipcode.org/state/California	0.0	0.0	0.0	0.0	0	0	0	0	0	0.0	2	0.0	0.0	0	0.0
513	http://www.dogster.com/local/CA/Calimesa	0.05194805194805195	0.0	0.17777777777777778	0.0	0	0	0	0	0	0	49	0.04081632653061224	0.3076923076923077	0.0	0.17391304347826086
514	http://rlcplumbing.com/	0.0	0.0	0.0	0.0	0.09411764705882353	0	0	0	0	0	10	0.0	0.0	0	0.11267605633802817
515	http://www.rctc.org/about-us/commissioners/city-of-calimesa	0	0.1568627450980392	0	0	0	0	0	0	0	0	69	0	0.17777777777777778	0	0.2962962962962963
516	http://www.recycler.com/real-estate/mobile-homes-for-sale/calimesa-ca	0.0	0.0	0.0	0	0.0	0.0	0	0	0	0	45	0.0	0.14545454545454545	0.0	0.2222222222222222
517	http://www.libraryhours.org/ca/calimesa/calimesa-library/8082/	0.20253164556962025	0.0	0.5	0.0	0	0	0	0	0	0.3902439024390244	3	0	0.34782608695652173	1.4705882352941178	0.45714285714285713
518	http://www.libraryhours.org/ca	0.0	0.0	0.0	0.0	0	0	0	0	0	0.0	1	0	0.0	0	0.0
519	http://www.libraryhours.org/ca/riverside	0.0	0.0	0.0	0.0	0	0	0	0	0	0.0	1	0	0.0	0	0.0
520	http://www.libraryhours.org/ca/calimesa	0.14035087719298245	0.0	0.36363636363636365	0	0	0	0	0	0	0.2222222222222222	1	0	0.3076923076923077	0	0.21621621621621623
521	http://www.drywalltopainting.com/stucco-repair/stucco-repair-calimesa-california/	0	0.0	0.346046511627907	0.0	0	0.0	0	0.0	0	0	67	0.3153591887344983	0.11940298507462686	1.3176316156961316	0.1568627450980392
522	http://www.idcide.com/citydata/ca/calimesa.htm	0	0.0	0.4	0	0.0	0.0	0	0	0	0	0	0.2685546588407924	0.25	0	0.2909090909090909
523	http://www.assistedlivingfacilities.org/directory/ca/calimesa/sandalwood-manor/9240/	0.09876543209876543	0.0	0.0	0.0	0	0.21621621621621623	0	0	0	0.12903225806451613	8	0.0	0.11940298507462686	0.0	0.10526315789473684
524	http://www.assistedlivingfacilities.org/directory/ca/calimesa/	0.11267605633802817	0.0	0.20512820512820512	0.0	0	0.21621621621621623	0	0	0	0.23880597014925373	8	0.0625	0.1702127659574468	0	0.18823529411764706
525	http://www.thegolfcourses.net/golfcourses/CA/11066.htm	0	0.0	0	0.0	0.0	0	0	0	0	0	9	0.17179044329303397	0.0	0.38095238095238093	0.34782608695652173
526	http://www.teamsideline.com/Org/Content.aspx?d=m7hyabjjWOn0zsZ1%2fgFdtKG1dDBQv9Bpb1b0BoFzRfo%3d	0	0.0	0	0	0	0	0	0	0	0	21	0	0.0	0.0	0.17391304347826086
528	http://www.cahf.org/login.aspx?ReturnUrl=%2fAboutCAHF%2fCalendar%2fCalimesaPostAcute.aspx	0	0.0	0	0	0	0	0	0	0	0	188	0	0.1038961038961039	1.6842105263157894	0.0
529	http://www.cahf.org/login.aspx?ReturnUrl=%2fAboutCAHF%2fCalendar%2fCalimesaPostAcute.aspx	0	0.0	0	0	0	0	0	0	0	0	188	0	0.1038961038961039	1.6842105263157894	0.0
530	http://www.hours-locations.com/us-post-office/ca/calimesa/	0.0427807486631016	0.0	0.32	0.0	0.0	0	0	0	0	0	0	0.028985507246376812	0.18604651162790697	2.0	0.125
531	http://www.hours-locations.com/us-post-office/	0.0	0.0	0.0	0.0	0.0	0	0	0	0	0	0	0	0.0	0	0.0
532	http://www.hours-locations.com/us-post-office/ca/	0.0	0.0	0.0	0.0	0.0	0	0	0	0	0	0	0	0.0	0	0.0
533	http://cherry-berry-quilts.hub.biz/	0.1	0.0	0.0	0	0.0	0	0	0.0	0	0.0	27	2.5105601469237833	0.0	2.333333333333333	0.14814814814814814
534	https://hub.biz/Calimesa,CA/Quilting-Services	0.0425531914893617	0.0	0.0	0	0.0	0	0	0	0	0.0	27	0.7777777777777777	0.22857142857142856	4.228571428571428	0.15384615384615385
535	http://childcarecenter.us/california/calimesa_ca_childcare	0.07692307692307693	0.0	0.25806451612903225	0	0	0.0	0	0	0	0.13333333333333333	30	0.02628696604600219	0.16326530612244897	0.0	0.2807017543859649
536	http://childcarecenter.us/state/california	0.0	0.0	0.0	0.0	0.0	0	0	0	0	0.0	30	0.0	0.0	0.0	0.0
537	http://gaastrapoolspaservice.com/	0.025806451612903226	0.0	0.0	0.0	0	0.0	0	0	0	0.019975031210986267	3	0.05333333333333334	0.0	0.0	0.03940886699507389
538	http://www.nonprofitfacts.com/CA/Yucaipa-Calimesa-Girls-Softball-Asa.html	0	0.09523809523809523	0	0.0	0	0	0	0	0	0	14	0.07881773399014778	0.13333333333333333	0.12698412698412698	0.09523809523809523
539	http://www.nonprofitfacts.com/index-California.html	0.0	0.0	0	0	0.0	0	0	0	0	0	0	0	0.0	0.0	0.0
540	http://www.magnusonhotels.com/calimesa-inn-motel/	0	0.05491990846681922	0	0.4	0.0	0	0	0	0	0	6	0.37209302325581395	0.2222222222222222	0.0	0.21621621621621623
541	http://www.corkd.com/ac-repair/ca/ac-repair-calimesa-ca.php	0.0784313725490196	0.0	0.16666666666666666	0.13114754098360656	0.0	0.0	0	0	0	0	5	0.06775888962851834	0.17777777777777778	0.0	0.17582417582417584
542	http://www.receptionhalls.com/listing/calimesa-country-club-calimesa-ca	0.14414414414414414	0.0	0.34782608695652173	0	0	0	0	0	0	0.0	32	0.2962962962962963	0.27586206896551724	0	0.7445887445887446
543	http://www.distance-cities.com/distances-calimesa-ca/ca-b	0	0.0	0.3904761904761905	0.0	0	0	0	0	0	0	1	0.0	0.18181818181818182	30.21538461538459	0.1111111111111111
544	http://www.distance-cities.com/california	0	0.0	0.0	0.0	0	0	0	0	0	0	1	0.0	0.0	0.0	0.0
545	http://www.distance-cities.com/distances-calimesa-ca/ca-b	0	0.0	0.3904761904761905	0.0	0	0	0	0	0	0	1	0.0	0.18181818181818182	30.21538461538459	0.1111111111111111
546	http://www.distance-cities.com/california	0	0.0	0.0	0.0	0	0	0	0	0	0	1	0.0	0.0	0.0	0.0
547	http://www.shoebuy.com/rockport-calimesa/216398	0.0	0.0	0.0	0	0.0	0	0	0	0	0	25	0.0	0.23529411764705882	0.0	0.0
548	http://tel2name.com/909-797	0	0	0	0	0	0	0	0	0	0	0	0	0.0	0.0	0.26666666666666666
549	http://www.hours-locations.com/mcdonalds/ca/calimesa/	0.0446927374301676	0.0	0.38095238095238093	0.0	0.0	0	0	0	0	0	0	0.029850746268656716	0.21052631578947367	1.4210526315789473	0.13333333333333333
550	http://www.hours-locations.com/mcdonalds/	0.0	0.0	0.0	0.0	0.0	0	0	0	0	0	0	0	0.0	0	0.0
551	http://www.hours-locations.com/mcdonalds/ca/	0.0	0.0	0.0	0.0	0.0	0	0	0	0	0	0	0	0.0	0	0.0
552	http://www.bizapedia.com/ca/JP-RANCH-COMMUNITY-ASSOCIATION-INC.html	0	0.0	0.0	0	0	0	0	0	0	0	37	0	0.0	1.0	0.11764705882352941
553	http://www.drywalltopainting.com/wallpaper-removal/wallpaper-removal-calimesa-california/	0	0.18604651162790697	0.13333333333333333	0.22857142857142856	0.25	0.25806451612903225	0.1702127659574468	0.0	0	0	69	0.27238045409230305	0.10666666666666667	0.13333333333333333	0.13114754098360656
554	http://www.homefacts.com/offender-detail/CA40907256L5841/Jonathan-Lewis-Winningham.html	0.0784313725490196	0.0	0.0	0.0	0.0	0	0	0	0	0.053156146179401995	75	0.0	0.0	4.30600118835413	0.1
555	http://www.homefacts.com/offenders/California/Riverside-County.html	0.0	0.0	0.0	0.0	0.0	0	0	0	0	0.0	99	0.4444444444444444	0.0	1.0	0.0
556	http://www.homefacts.com/offenders/California/Riverside-County/Calimesa.html	0.09248554913294797	0.0	0.0	0.20652898067954695	0.21621621621621623	0	0	0	0	0.10847457627118644	108	3.5783475783475787	0.13114754098360656	4.666666666666667	0.13793103448275862
558	http://www.insiderpages.com/s/CA/Calimesa/Dentists	0.1038961038961039	0.0	0.0	0.0	0.27586206896551724	0	0	0	0	0.26373626373626374	1	0.0	0.22857142857142856	0.0	0.34782608695652173
559	http://www.insiderpages.com/s/CA/Calimesa/Orthodontists	0.0975609756097561	0.0	0.0	0.0	0.27586206896551724	0	0	0	0	0.26373626373626374	1	0.0	0.2	0.0	0.2857142857142857
560	http://www.lawncolandscaping.com/landscape-lighting/landscape-lighting-calimesa-california/	0	0.0	0.3984153933220147	0.0	0	0.0	0	0.0	0	0	60	0.37920591401527903	0.1038961038961039	0.3105636431504293	0.13793103448275862
562	http://www.insiderpages.com/s/CA/Calimesa/Dentists	0.1038961038961039	0.0	0.0	0.0	0.27586206896551724	0	0	0	0	0.26373626373626374	1	0.0	0.22857142857142856	0.0	0.34782608695652173
563	http://www.insiderpages.com/s/CA/Calimesa/Orthodontists	0.0975609756097561	0.0	0.0	0.0	0.27586206896551724	0	0	0	0	0.26373626373626374	1	0.0	0.2	0.0	0.2857142857142857
564	http://www.lawncolandscaping.com/landscape-lighting/landscape-lighting-calimesa-california/	0	0.0	0.3984153933220147	0.0	0	0.0	0	0.0	0	0	60	0.37920591401527903	0.1038961038961039	0.3105636431504293	0.13793103448275862
565	http://riverside.networkofcare.org/aging/services/agency.aspx?pid=DIALARIDECALIMESA_38_1_0	0.0	0.0	0.0	0.0	0.0	0.0	0	0	0	0	10	0.0	0.1	0.0	0.0
566	http://riverside.networkofcare.org/aging/services/index.aspx	0.0	0.0	0.0	0.0	0.0	0.0	0	0	0	0	8	0.0	0.0	0.0	0.0
567	http://www.newhomesdirectory.com/Riverside/builders/DR-Horton?source=bing&campaign=DRHortonRiverside	0.0	0.0	0.0	0	0.0	0	0	0.0	0	0.0	61	0.0	0.0	1.3243243243243243	0.0
568	http://www.independenceassistance.com/	0.019417475728155338	0.0	0.0	0.0	0	0	0	0	0	0.0	6	0.06347547145732665	0.0	0.0	0.0
569	http://ycjusd.wildwood.schoolfusion.us/modules/calendar/showCalendarMonth.phtml?com=t&oc_id[]=3238	0.0	0.0	0	0	0	0	0	0	0	0.0	49	0	0.0	0.0	0.0
570	http://www.manta.com/mb_51_ALL_1GM/calimesa_ca	0	0	0	0	0	0	0	0	0	0	0	0	0.24242424242424243	0	0
571	http://www.manta.com/mb	0	0	0	0	0	0	0	0	0	0	0	0	0.0	0	0
572	http://www.manta.com/mb_41_ALL_05/california	0	0	0	0	0	0	0	0	0	0	0	0	0.0	0	0
574	http://www.manta.com/c/mm2zf5z/rita-s-hallmark	0	0	0	0	0	0	0	0	0	0	0	0	0.0	0	0
575	http://www.manta.com/mb_55_B63B302W_1GM/gift_shop/calimesa_ca	0	0	0	0	0	0	0	0	0	0	0	0	0.1702127659574468	0	0
576	http://www.idcide.com/weather/ca/calimesa.htm	0	0.0	0.4	0	0.0	0.0	0	0	0	0	0	0.09394247038917089	0.25806451612903225	0	0.25806451612903225
577	http://www.manta.com/c/mm2zf5z/rita-s-hallmark	0	0	0	0	0	0	0	0	0	0	0	0	0.0	0	0
578	http://www.manta.com/mb_55_B63B302W_1GM/gift_shop/calimesa_ca	0	0	0	0	0	0	0	0	0	0	0	0	0.1702127659574468	0	0
579	http://www.idcide.com/weather/ca/calimesa.htm	0	0.0	0.4	0	0.0	0.0	0	0	0	0	0	0.09394247038917089	0.25806451612903225	0	0.25806451612903225
580	http://foodio54.com/restaurants/Calimesa_CA	0.04371584699453552	0.0	0.32	0.0	0	0	0	0	0	0	109	2.2852625635234327	0.23529411764705882	0.34782608695652173	0.1702127659574468
581	http://www.reodev.com/property-for-sale/california-calimesa-92320-319-midori-lane/	0.03864734299516908	0.07339449541284404	0.3708873379860419	0.0	0.0	0	0	0	0	0.020833333333333332	8	0	0.11764705882352941	0.5855981416957027	0.05194805194805195
582	http://www.directorycentral.com/business/ca/calimesa/champagne-pools-259936.html	0.11267605633802817	0.0	0.0	0.0	0	0.32	0	0	0	0.1038961038961039	1	0.0	0.12307692307692308	1.0	0.13559322033898305
583	http://www.youtube.com/watch?v=-3xTKeW8K4Q	0.0	0.0	0.0	0	0.0	0.0	0	0	0	0.0	8	0.0	0.0	0.6907475763289717	0.20512820512820512
584	http://calimesacollegiate.blogspot.com/	0	0.05640723270440252	0.38095238095238093	0.0	0.0	0	0	0	0	0	38	0	0.25806451612903225	3.090225563909774	0.42105263157894735
585	https://www.fontanaheraldnews.com/users/signup/?referer_url=%2Fclassifieds%2Fsale%2Fsale%2Fgarage%2Fcalimesa-desert-lawn-dr-sat-a--p-plantation-on%2Fad_46bbbc55-4e46-5460-9543-9d8d52be3876.html	0.0	0.0	0	0.0	0.0	0.0	0	0	0	0.0	20	0.0	0.0449438202247191	0.0	0.0
586	http://www.whitepages.ca/white-pages/calimesa-ca	0.0	0.0	0.4	1.726868686868687	0	0.26666666666666666	0	0	0	0.0	41	0.0	0.22857142857142856	0.0	0.19753086419753085
587	http://www.whitepages.ca/white-pages/CA	0.0	0.0	0.0	0.0	0.0	0	0	0	0	0.0	16	0.0	0.0	0.0	0.0
588	http://www.calimesabreakfastlionsclub.org/charity-golf-tournament.html	0	0.0	0	0.0	0	0	0	0	0	0	3	0	0.13793103448275862	0.34782608695652173	0.16326530612244897
589	http://www.calimesabreakfastlionsclub.org/charity-golf-tournament.html	0	0.0	0	0.0	0	0	0	0	0	0	3	0	0.13793103448275862	0.34782608695652173	0.16326530612244897
590	http://www.distancebetweencities.net/calimesa_ca_and_palm-springs_ca/	0.0898876404494382	0.3897480034551686	0	0.0	0	0.0	0	0	0	0	9	0.1392083644510829	0.14285714285714285	0	0.11764705882352941
591	http://www.classmates.com/places/school/Calimesa-Elementary-School/19805721	0.11940298507462686	0.6666666666666666	0.3076923076923077	0.0	0	0	0	0	0	0	41	0	0.13333333333333333	0.6153846153846154	0.1951219512195122
593	http://www.savvysource.com/preschools/ca/calimesa	0.07441860465116279	0.0	0.3076923076923077	0.2962962962962963	0.0	0	0.42105263157894735	0.0	0	0.2981366459627329	140	0.0	0.22857142857142856	0.0	0.13114754098360656
594	https://foursquare.com/v/busy-bee-quilt-shop/4f4fdbe0e4b0390ebaa92c4a	0.0	0.0	0.0	0	0.0	0.0	0	0	0	0.18604651162790697	17	0.7777777777777777	0.0	2.803921568627451	0.15384615384615385
595	https://foursquare.com/cities/united-states	0.0	0.0	0.0	0	0.0	0	0	0	0	0.0	16	0.0	0.0	0.0	0.0
596	http://www.localschooldirectory.com/public-school/345346643/CA	0.045714285714285714	0.0	0.0	0.0	0.0	0	0	0	0	0.06896551724137931	44	0.0	0.0	1.0	0.17777777777777778
597	http://www.localschooldirectory.com/city-schools/Calimesa/CA	0.055944055944055944	0.17391304347826086	0.5	0	0	0.5333333333333333	0	0	0	0.10810810810810811	28	0	0.17391304347826086	0.0	0.11594202898550725
598	http://garrigusrealestate.net/	0.0	0.0	0	0	0.0	0.0	0	0	0	0.0	2	0.06201550387596899	0.0	0.0	0.0
599	http://www.spoke.com/companies/oakview-construction-inc-3e122f809e597c10027cfd8a	0.031496062992125984	0.0	0.0	0.0	0.0	0.0	0	0	0	0	13	0.0	0.0	0.3333333333333333	0.17391304347826086
600	https://www.hoursinfo.com/salvation-army/california/calimesa/	0.058823529411764705	0.0	0.20512820512820512	0.3076923076923077	0	0.0	0	0	0	0.05161290322580645	88	0.0	0.17777777777777778	0.4444444444444444	0.09876543209876543
601	https://www.hoursinfo.com/salvation-army/california/	0.0	0.0	0.0	0.0	0	0.0	0	0	0	0.0	308	0.0	0.0	0.0	0.0
602	https://www.hoursinfo.com/salvation-army/california/calimesa/	0.058823529411764705	0.0	0.20512820512820512	0.3076923076923077	0	0.0	0	0	0	0.05161290322580645	88	0.0	0.17777777777777778	0.4444444444444444	0.09876543209876543
603	https://www.hoursinfo.com/salvation-army/california/	0.0	0.0	0.0	0.0	0	0.0	0	0	0	0.0	308	0.0	0.0	0.0	0.0
604	http://jimspub.riversidesheriff.org/	0	0	0	0	0	0	0	0	0	0	0	0.0	0.0	0	0.0
605	http://yucaipa-ca-real-estate.com/	0.0	0.0	0	0	0	0.0	0	0	0	0	5	0.0	0.0	0.0	0.0
606	http://www.distance-cities.com/distances-redlands-ca/ca-c	0	0.0	0.0	0.0	0	0	0	0	0	0	1	0.0	0.0	0.0	0.0
607	http://www.distance-cities.com/california	0	0.0	0.0	0.0	0	0	0	0	0	0	1	0.0	0.0	0.0	0.0
608	http://www.citysearch.com/profile/521858/calimesa_ca/new_york_pizzeria.html	0.0898876404494382	0.0	0.0	0.0	0	0.0	0	0	0	0	33	0.0	0.13333333333333333	2.4444444444444446	0.15384615384615385
609	http://www.citysearch.com/guide/calimesa-ca	0.09125475285171103	0.0	1.0	0.0	0	0.0	0	0	0	0	69	1.0	0.26666666666666666	0.5	0.25
610	http://www.citysearch.com/listings/calimesa-ca/pizza/55744_11299	0.04878048780487805	0.0	0	0.4444444444444444	0	0.0	0	0	0	0	27	0.4444444444444444	0.16326530612244897	0.25	0.2962962962962963
611	http://www.classmates.com/places/school/Calimesa-Elementary-School/17682621	0.06015037593984962	0.0	0.3076923076923077	0.0	0	0	0	0	0	0	41	0	0.13333333333333333	0.6153846153846154	0.09876543209876543
612	http://childcarecenter.us/california_homecare/calimesa_ca_city	0.07920792079207921	0.0	0.18181818181818182	0	0	0.0	0	0	0	0.1951219512195122	26	0.026875699888017916	0.1509433962264151	0.0	0.27586206896551724
613	http://childcarecenter.us/california_homecare	0.0	0.0	0.0	0.0	0.0	0	0	0	0	0.0	31	0.0	0.0	0.0	0.0
614	http://www.familyappliancerepaircenter.com/	0.0	0.0	0.0	0	0	0	0	0	0	0	2	0.0	0.0	0	0.0
615	http://www.dogsnow.com/location/calimesa-california.htm	0.08421052631578947	0.25806451612903225	0.5333333333333333	0	0	0.0	0	0	0	0.22377622377622378	52	0.0	0.19047619047619047	1.0	0.21621621621621623
616	http://www.dogsnow.com/puppiesforsale.htm	0.0	0.0	0.0	0	0	0.0	0	0	0	0	52	0.0	0.0	0.0	0.0
617	http://www.dogsnow.com/california.htm	0.0	0.0	0.0	0	0	0.0	0	0	0	0.0	52	0.0	0.0	0.0	0.0
621	http://www.housesforsalelists.com/property/california-calimesa-92320-319-midori-lane/	0.03669724770642202	0.11764705882352941	0.125	0.22857142857142856	0.0	0	0	0	0	0.024615384615384615	1	0	0.11267605633802817	0.5855981416957027	0.04145077720207254
622	http://yucaipateacher.blogspot.com/	0	0.0	0.2962962962962963	0.0	0.0	0	0	0	0	0	43	0	0.0	2.24	0.32
623	http://www.passportlocations.net/California/Calimesa/CalimesaPostOffice.html	0.2222222222222222	0.0	0.4	0	0.0	0	0	0	0	0	12	0.0	0.25806451612903225	0	0.37209302325581395
624	http://www.deligeorge.com/	0.0	0.0	0.0	0.0	0.0	0	0	0.0	0	0.0	1	0	0.0	0.0	0.0
625	http://riversidewaterdamagepros.com/	0	0.0	0	0.0	0	0.0	0	0	0	0	0	0.0	0.0	0.0	0.0
626	http://www.chiproducts.com/	0.0	0.0	0	0.0	0.0	0	0	0	0	0.0	17	0.0	0.0	0.0	0.0
627	http://www.spanishdict.com/translate/calinda	0.0	0.0	0.0	0	0	0.0	0	0	0	0	64	0	0.0	0.0	0.0
628	http://www.seecalifornia.com/parks/calimesa-parks.html	0.32	0.0	0	0.16666666666666666	0.0	0	0	0	0	0	37	0.0	0.1951219512195122	0.0	0.18604651162790697
629	http://eagerbeaverfleshingmachine.weebly.com/contact-us.html	0	0.0	0	0.0	0	0	0	0	0	0	0	0	0.0	0.0	0.0
630	http://www.epictrip.com/Calimesa-attractions-l2180-s-a-c-o-p-reviews,things-to-do-Calimesa-California.html	0.05194805194805195	0.0	0	0	0	0	0	0	0	0.0761904761904762	0	0	0.1702127659574468	0.6877973848862913	0.27586206896551724
631	http://www.allroadsdesign.com/	0.0	0.0	0.0	0.0	0	0	0	0	0	0	7	0.0	0.0	0	0.0
632	http://theponddigger.com/contact-us/	0	0.0	0.0	0.0	0	0	0	0	0	0	55	0.0	0.0	0.0	0.0
633	http://www.calimesachurch.blogspot.com/	0	0.0	0.0	0	0	0	0.0	0	0	0	12	0.1038961038961039	0.2962962962962963	0	0.0
634	http://www.seecalifornia.com/things-to-do/calimesa.html	0.11851851851851852	0.0	0	0.9353846153846155	0.0	0	0	0	0	0	40	0.0	0.19047619047619047	0.0	0.25
635	http://email04.secureserver.net/webmail.php?login=1	0	0.0	0	0	0.0	0	0	0	0	0	2	0.0	0.0	0.0	0.0
636	http://www.topperformance.biz/	0	0.0	0.0	0.0	0.0	0	0	0	0	0	6	0.0	0.0	0.0	0.010638297872340425
637	http://www.getacoolbox.com/pods-san-diego/	0.0	0.0	0.0	0.0	0.0	0.0	0	0	0	0	40	0.0	0.0	0.0	0.0
639	http://www.uspspostoffices.com/ca/calimesa/calimesa	0.06060606060606061	0.0	0	0.4	0.0	0	0	0	0	0.22857142857142856	1	0.0	0.43243243243243246	2.0	0.1509433962264151
640	http://www.uspspostoffices.com/ca	0.0	0.0	0.0	0.0	0	0	0	0	0	0.0	0	0.0	0.0	0.0	0.0
642	http://www.uspspostoffices.com/ca/calimesa/calimesa	0.06060606060606061	0.0	0	0.4	0.0	0	0	0	0	0.22857142857142856	1	0.0	0.43243243243243246	2.0	0.1509433962264151
643	http://www.uspspostoffices.com/ca	0.0	0.0	0.0	0.0	0	0	0	0	0	0.0	0	0.0	0.0	0.0	0.0
644	http://www.californiagasprices.com/ARCO_Gas_Stations/Calimesa/70969/index.aspx	0	0.0	0.0	0	0	0	0	0	0	0	25	0	0.12698412698412698	0.0	0.2318840579710145
645	http://www.clearcoatautobody.com/	0.0	0	0	0	0	0	0	0	0	0	3	0	0.0	0.0	0.0003759445607087808
646	http://childnutrition-ycjusd.com/	0.0	0.0	0	0	0	0.0	0	0	0	0.0	17	0.0	0.0	0.0	0.1038961038961039
647	http://rvpaintdepartment.com/	0.0	0.0	0.0	0.0	0.0	0.0	0.0	0	0	0.0	8	0.0	0.0	0.0	0.00013065307874647703
648	http://www.clearcoatcollision.com/RV-Collision.htm	0.0	0.0	0.0	0	0.0	0.0	0.0	0	0	0.0	27	0.0	0.0	0.0	0.00018822529353279142
649	http://rvcollisionrepairservice.com/	0	0	0.0	0.0	0	0	0	0	0	0.0	4	0.0	0.0	0.0	0.00013082608980056717
650	http://www.inlandempiredreamhomes.com/	0.0	0	0	0	0	0	0	0	0	0.0	0	0	0.0	0	0.0
