index	url	description	div	h1	h2	h3	h4	h5	h6	inbound_links	keywords	outbound_links	p	root	span	title
1	http://www.ci.claremont.ca.us/	0	0.0	0.5294117647058824	0.0	0	0	0	0	0	0	3	0.3830205150589262	0.5	0.0	0.24324324324324326
2	http://www.claremont.edu/	0	0.0	0	0.0	0	0	0	0	0	0	7	0.05429864253393665	0.6923076923076923	1.4127690700104494	0.375
3	http://www.fairmont.com/claremont-berkeley/	0.03	0.0	0.3103448275862069	0.0	0.0	0	0	0	0	0.0	25	1.0145559845559844	0.3	0.3103448275862069	0.20930232558139536
4	http://www.claremontnh.com/	0.5	0.0	0	0.0	0	0	0	0	0	0.5	3	1.2893043047178385	0.6	0.0	0.28125
5	https://en.wikipedia.org/wiki/Claremont,_California	0	0.47368421052631576	0.42857142857142855	0.0	0.0	0	0	0	0	0	83	1.8522642326242822	0.21951219512195122	2.0	0.16071428571428573
6	http://www.cusd.claremont.edu/	0	0.11538461538461539	0	0.0	0	0	0	0	0	0	37	0.0	0.5	0.0	0.20454545454545456
7	http://www.cgu.edu/pages/1.asp	0.04017857142857143	0.0	0	0	0.0	0	0	0	0	0.027411167512690356	25	0.48684210526315785	0.0	0	0.1956521739130435
8	https://en.wikipedia.org/wiki/Claremont%2C_Cape_Town	0	0.16666666666666666	0.45	0.0	0.0	0	0	0	0	0	29	1.3661771388728154	0.21428571428571427	5.0	0.16363636363636364
9	https://www.cmc.edu/	0	0.0	0.0	0.34615384615384615	0.0	0.2647058823529412	0	0	0	0	44	0.21428571428571427	0.0	0.0	0.36
10	http://thevillageclaremont.com/	0.06040268456375839	1.1597784558680266	0	0	0	0	0	0	0	0.06293706293706294	21	0	0.391304347826087	0.957697771401647	0.15254237288135594
11	http://claremont.com/	0.05806451612903226	0.30991447449584136	0.0	1.0567563108397953	0.0	0	0	0	0	0	17	2.366429137924455	0.6923076923076923	0.0	1.0957446808510638
12	http://www.cuc.claremont.edu/	0	0.0	0.0	0.0	0.391304347826087	0	0	0	0	0	36	0.0	0.5294117647058824	1.3068212543852145	0.2903225806451613
13	http://www.cmc.edu/	0	0.0	0.0	0.34615384615384615	0.0	0.2647058823529412	0	0	0	0	44	0.21428571428571427	0.0	0.0	0.36
14	http://www.property24.com/for-sale/claremont/cape-town/western-cape/11741	0.0861244019138756	0.45	0.21951219512195122	0.0	0.0	0.0	0.0	0	0	0	27	0.0	0.15789473684210525	10.661640580486013	0.1782178217821782
15	http://www.claremont.org/	0.06818181818181818	0.4090909090909091	0	0	0	0	0	0	0	0.03488372093023256	8	0	0.6923076923076923	0.1836734693877551	0.06382978723404255
16	http://www.claremontmn.com/	0.45	0.0	0.0	0.0	0.0	0	0	0	0	0.6	4	0	0.6	3.9009803921568627	0.36
17	http://cityofclaremont.org/	0	1.0721078140348812	0	0	0	0	0	0	0	0	6	0.0	0.47368421052631576	0	0.32142857142857145
18	http://www.apsva.us/Domain/634	0	0.0	2.25	0	0	0.0	0	0.3333333333333333	0	0	226	0.09439697666776209	0.0	0.0	0.2647058823529412
20	http://www.cgu.edu/pages/103.asp	0.08411214953271028	0.0	0.0	0	0.0	0	0	0.0	0	0.0	94	0.48684210526315785	0.0	0	0.1836734693877551
21	http://www.cgu.edu/pages/103.asp	0.08411214953271028	0.0	0.0	0	0.0	0	0	0.0	0	0.0	94	0.48684210526315785	0.0	0	0.1836734693877551
22	http://www.claremontfurnishing.com/	0.05202312138728324	0.0	0.0	0	0.0	0	0	0	0	0	4	1.0164638315136132	0.391304347826087	0.0	0.45
23	http://www.dreeshomes.com/custom-homes/raleigh-durham/community/claremont/claremont/	0.025974025974025976	0.14285714285714285	1.0	0.0	0.0	0.07627118644067797	0.0	0	0	0	20	0.023376623376623377	0.26865671641791045	4.0	0.32142857142857145
24	http://www.city-data.com/city/Claremont-California.html	0.23684210526315788	0.0	0	0	6.302088600757482	0	0	0	0	0	34	3.9473772996653445	0.21428571428571427	0.42857142857142855	0.04568527918781726
25	https://www.pomona.edu/	0	0.47368421052631576	0	0.0	0	0	0	0	0	0	2	0.0	0.0	0.0	0.16071428571428573
27	http://cmsathletics.org/	0	0.0	0.0	0.0	0.0	0	0	0	0	0	37	0.375	0.0	23.186681496415726	0.1978021978021978
28	https://www.nationaltrust.org.uk/claremont-landscape-garden/whats-on	0.0	0.0	0.0	0	0	0	0	0	0	0	0	0.0	0.16666666666666666	0	0.0
29	http://www.claremontwichita.com/	0.07142857142857142	0.0	0.21951219512195122	0.0	0	0	0	0	0	0.0782608695652174	5	0.0	0.45	0.4939453125	0.45
30	http://www.theclaremonthotel.com/	0.0	0.16071428571428573	0	0.8181818181818182	0	0	0	0	0	0.0	11	0.16527021365731043	0.42857142857142855	0.0	0.0
31	http://www.zillow.com/claremont-ca/	0.05732484076433121	0.026548730320677512	0.375	0	0	1.2935599869238312	0.0	0.0	0	0	102	0.0	0.4090909090909091	38.7700078677947	0.29508196721311475
32	http://www.city-data.com/city/Claremont-New-Hampshire.html	0.21951219512195122	0.0	0	0	5.594967188626485	0	0	0	0	0	34	4.662857961509909	0.2	0.375	0.046632124352331605
33	http://libraries.claremont.edu/	0	0.0	0	0.3	0	0	0	0	0	0	44	0.03643724696356275	0.391304347826087	1.3560591133004927	0.34615384615384615
34	http://www.claremontnh.com/visitors/	0.34615384615384615	0.0	0.42857142857142855	0	0	0	0	0	0	0.34615384615384615	4	1.3321705187834538	0.391304347826087	0.0	0.2727272727272727
35	http://www.claremontchamber.org/	0.1935483870967742	0.0	0	0.20454545454545456	0.32142857142857145	0	0	0	0	0.17142857142857143	31	0.3215311004784689	0.45	0.09221311475409837	0.2857142857142857
36	http://www.claremontapts.com/	0.05844155844155844	0.0	0.36	0	0	0	0	0	0	0.03643724696356275	7	0	0.5294117647058824	1.1	0.16981132075471697
37	http://discoverclaremont.com/	0.06	0.18215845290081098	0.45	0	0	0	0	0	0	0	6	0.6968916139354648	0.42857142857142855	0.0	0.31153846153846154
38	http://catawbaschools.net/schools/claremont	0	0.0	2.0	0.0	0.0	0	0	0	0	0	74	0.5861173175752372	0.2647058823529412	0.0	0.1875
39	http://www.trulia.com/CA/Claremont/	0.06923076923076923	22.12317813765182	0.3103448275862069	0.1956521739130435	0	0	0.0	0	0	0	4	0.0	0.42857142857142855	0.0	0.34615384615384615
40	http://www.greatschools.org/california/claremont/schools/	0.13043478260869565	5.304211835591697	0.14285714285714285	0	0	0	0	0	0	0	167	0.0	0.21428571428571427	1.0	0.3333333333333333
41	http://www.greatschools.org/california/	0.0	0.0	0.0	0.0	0.0	0.0	0	0	0	0.0	30	0.0	0.0	0.0	0.0
42	http://www.greatschools.org/california/claremont/	0.12413793103448276	3.0	0.5294117647058824	0.0	0.0	0.0	0	0	0	0.36627906976744184	18	0.0	0.2571428571428571	4.6923076923076925	0.23684210526315788
43	http://www.greatschools.org/california/claremont/schools/	0.13043478260869565	5.304211835591697	0.14285714285714285	0	0	0	0	0	0	0	167	0.0	0.21428571428571427	1.0	0.3333333333333333
44	http://www.greatschools.org/california/	0.0	0.0	0.0	0.0	0.0	0.0	0	0	0	0.0	30	0.0	0.0	0.0	0.0
45	http://www.greatschools.org/california/claremont/	0.12413793103448276	3.0	0.5294117647058824	0.0	0.0	0.0	0	0	0	0.36627906976744184	18	0.0	0.2571428571428571	4.6923076923076925	0.23684210526315788
46	http://www.scrippscollege.edu/	0.42857142857142855	0.0	0.0	0	0.0	0.0	0.5625	0	0	0	20	0.0	0.0	0.0	0.28125
47	http://www.ci.claremont.ca.us/government/departments-divisions/human-services/special-events/fourth-of-july-celebration	0	0.0	0.5294117647058824	0.0	0.0	0	0	0	0	0	26	1.0212332485592643	0.08737864077669903	0.0	0.15254237288135594
48	http://www.laemmle.com/viewtheatre.php?thid=17	0	0.0	0	0	0	0	0	0	0	0	58	0	0.0	1.8181818181818183	0.0
49	http://claremont.sd63.bc.ca/course/category.php?id=125	0	0.0	0.0	0.0	0	0	0	0	0	0.3333333333333333	133	0.0	0.2	0.5625	0.47368421052631576
51	http://www.claremontschool.co.uk/prep-school/	0	0.19148936170212766	0.0	0.0	0.0	0	0	0	0	0	87	0.23976462940941878	0.28125	0.0	0.3
52	http://www.claremontcompanies.com/	0.09	0.0	0.0	0.6026785714285714	0	0	0	0	0	0	6	0.03461538461538462	0.4090909090909091	0	0.16071428571428573
53	http://www.thevillageclaremont.com/restaurants.html	0.05232558139534884	0.0	0	0	0	0	0	0	0	0.06293706293706294	72	0.0	0.23076923076923078	0.0	0.3103448275862069
54	https://claremont.sd63.bc.ca/course/category.php?id=125	0	0.0	0.0	0.0	0	0	0	0	0	0.3333333333333333	133	0.0	0.2	0.5625	0.47368421052631576
55	https://sakai.claremont.edu/portal/	0	0.10843373493975904	0.0	0.34615384615384615	0	0	0	0	0	0	19	0	0.36	1.1300791729372506	0.17647058823529413
56	http://lacf.com/communitydays/claremont/	0	0.0	1.0	0.36	0	0	0	0	0	0	27	0.20466780349229774	0.3	0.0	0.6428571428571429
57	https://www.scrippscollege.edu/	0.42857142857142855	0.0	0.0	0	0.0	0.0	0.5625	0	0	0	20	0.0	0.0	0.0	0.28125
58	http://www.claremontv.org/	0	0.0	0	0	0	0	0	0	0	0.6428571428571429	2	0	0.6428571428571429	0	0.2571428571428571
59	http://www.fandango.com/claremont5_aauoj/theaterpage	0.06766917293233082	0.0	0.21428571428571427	0.0	0.0	0.0	0.0	0	0	0	218	0.0	0.23076923076923078	0.0	0.2571428571428571
60	http://www.realtor.com/realestateandhomes-search/Claremont_CA	0.16363636363636364	0.0	0.16071428571428573	0.6428571428571429	0.0	0.5550284629981025	0.0	0	0	0	96	0.44978109106911573	0.1875	16.692307692307693	0.34615384615384615
61	http://www.realtor.com/realestateandhomes-search/California	0.0	0.0	0.0	0	0.0	0.0	0.0	0	0	0	91	0.0	0.0	0.0	0.0
62	http://www.cuc.claremont.edu/humanresources/	0	0.0	0.0	0.0	0.0	0	0	0	0	0	20	0.0	0.2903225806451613	0.9606674082313682	0.28125
63	https://claremonthotelblackpool.co.uk/	0.13043478260869565	0.0	0.36	0.0	0.0	0	0	0	0	0	8	0.10759049739257723	0.3103448275862069	0.0	0.24324324324324326
64	https://www.nationaltrust.org.uk/claremont-landscape-garden	0.0	0.0	0.0	0	0	0	0	0	0	0	0	0.0	0.1956521739130435	0	0.0
65	http://www.fairmont.com/claremont-berkeley/dining/	0.0	0.0	0.0	0.0	0.0	0	0	0	0	0.0	21	0.5101214574898785	0.25	0.3103448275862069	0.1836734693877551
66	http://www.cmsathletics.org/sports/mbkb/index	0	0.0	0.0	0.0	0.0	0	0	0	0	0	42	0.408210332103321	0.0	1.2237128723645836	0.391304347826087
67	http://www.realtor.com/realestateandhomes-search/Claremont_CA/pg-2	0.16071428571428573	0.0	0.16071428571428573	0.6428571428571429	0.0	0.5550284629981025	0.0	0	0	0	99	0.40935271511344357	0.17307692307692307	16.692307692307693	0.2571428571428571
69	http://www.realtor.com/realestateandhomes-search/Claremont_CA	0.16216216216216217	0.0	0.16071428571428573	0.6428571428571429	0.0	0.5550284629981025	0.0	0	0	0	96	0.3847163006916196	0.1875	16.692307692307693	0.34615384615384615
71	http://www.claremont.org/crb/	0.06474820143884892	0.0	0.0	0	0	0	0	0	0	0.03488372093023256	98	0.36	0.5625	0.0	0.06382978723404255
72	http://www.ossiningufsd.org/schools/claremont/	0	0.0	0.0	0	0.0	0.05263157894736842	0.0	0.0	0	0	127	0.6432637571157496	0.28125	0.5625	0.15517241379310345
73	http://www.topix.com/city/claremont-ca	0.17142857142857143	1.3385986106916339	0.6428571428571429	0	0	0.0	0.0	0	0	0	34	1.3655895388887407	0.36	1.6428571428571428	0.45
74	http://www.topix.com/state/ca	0.0	0.0	0.0	0	0	0.0	0.0	0	0	0	28	0.0	0.0	0.0	0.0
75	http://www.topix.com/county/los-angeles-ca	0.0	0.0	0.0	0	0	0.0	0.0	0	0	0	28	0.0	0.0	0.0	0.0
76	http://chs-claremont-ca.schoolloop.com/	0	0.1956521739130435	0	0.0	0	0	0	0	0	0	52	0	0.2903225806451613	0.0	0.28125
77	http://www.dooney.com/collections/claremont/	0.15517241379310345	0.0	0.0	0.0	0.0	0	0	0	0	0.0	342	0.0	0.3	1.0	0.2727272727272727
78	http://www.zillow.com/claremont-nc/	0.057692307692307696	0.02651101046384507	0.375	0	0	0.9022556390977443	0.0	0.0	0	0	102	0.0	0.4090909090909091	35.43043075152617	0.29508196721311475
79	http://www.claremontso.org/	0.17307692307692307	0.0	0	0.0	0	0	0	0	0	0.0379746835443038	6	0	0.6	0.32142857142857145	0.3050847457627119
80	http://www.claremontspeedway.net/	0	0.0	0	0.0	0	0	0	0	0	0	7	0	0.42857142857142855	0.2571428571428571	0.15789473684210525
81	http://doubletree3.hilton.com/en/hotels/california/doubletree-by-hilton-hotel-claremont-ONTCLDT/index.html	0.1125	0.0	0	0.0	0.0	0	0	0.0	0	0.36486486486486486	70	0.5188524724143116	0.09574468085106383	10.229381129690903	0.2903225806451613
82	https://www.yelp.com/biz/claremont-village-claremont	0.03643724696356275	0.0	0.23076923076923078	0.0	0.0	0.0	0	0	0	0.0	130	1.163467380972138	0.47368421052631576	1.5294117647058822	0.4000786782061369
83	https://www.yelp.com/c/claremont-ca-us/shopping	0.036734693877551024	0.0	0.34615384615384615	0.0	0.0	0	0	0	0	0.0	96	0.0	0.28125	0.0	0.32142857142857145
84	https://www.yelp.com/c/claremont-ca-us/shoppingcenters	0.07758620689655173	0.0	0.0	0.0	0.0	0.0	0	0	0	0.0	89	0.0	0.23076923076923078	1.0919117647058822	0.2
85	http://www.claremontyoga.com/	0.052734375	0.0	0.0	0.16216216216216217	0.0	0	0	0	0	0	9	0.4036624203821656	0.5294117647058824	0.33621584226911105	0.6428571428571429
86	http://www.claremonthotelwestwood.com/	0.035856573705179286	0.0	0.0	0.0	0	0	0	0	0	0	1	0.33757338551859095	0.34615384615384615	0.0	0.6
87	https://www.claremont-courier.com/	0.0	0.0	1.4049773755656108	0	0.985460191981931	0.0	0	0	0	0.10650887573964497	13	0.38194334303610405	0.42857142857142855	0.0	0.29508196721311475
88	https://www.safarinow.com/destinations/claremont/hub.aspx	0.06474820143884892	3.722727272727273	0.0	0.32142857142857145	0.8181818181818182	0.6428571428571429	0	0	0	0.36486486486486486	8	0.0	0.21428571428571427	1.608739722707708	0.375
89	http://www.courts.state.nh.us/courtlocations/sulldistdir.htm	0.0	0.0	0	0	0	0	0	0	0	0.0	4	0.0	0.0	0.0	0.0
90	http://www.moviefone.com/theater/claremont-cinema-6/7614/showtimes/	0.12413793103448276	0.0	0.32142857142857145	0	0.0	0	0	0	0	0	83	0	0.17647058823529413	0.0	0.2222222222222222
91	http://www.claremontrug.com/	0.0	0.3103448275862069	0	1.033743842364532	0.35307692307692307	0	0.0	0	0	0.0	5	0.12348042500239303	0.5625	0.25	0.13846153846153847
92	http://www.claremontrug.com/	0.0	0.3103448275862069	0	1.033743842364532	0.35307692307692307	0	0.0	0	0	0.0	5	0.12348042500239303	0.5625	0.25	0.13846153846153847
93	https://www.claremontrealtygroup.com/	0	0.0	0	0	0	0	0	0	0	0	2	0.0	0.375	1.2205133228840126	0.2647058823529412
94	http://colleges.usnews.rankingsandreviews.com/best-colleges/claremont-mckenna-college-1170	0.06	0.0	0.09574468085106383	0.0	0.0	0.0	0.0	0	0	0.1111111111111111	147	0.8129448827121498	0.1111111111111111	0.0	0.20149253731343283
95	http://claremont.com.sg/	0.07964601769911504	0.0	0.28125	0	0.0	0	0	0	0	0.3	8	0.8991128182467113	0.5625	0.3103448275862069	0.13636363636363635
96	http://www.fandango.com/claremontcinemacenter_aakco/theaterpage	0.06206896551724138	0.0	0.16666666666666666	0.0	0.0	0.0	0.0	0.0	0	0	240	0.0	0.18	0.0	0.21951219512195122
97	http://www.apartmentguide.com/apartments/California/Claremont/	0.046632124352331605	0.0	0	0.6923076923076923	2.1435469835211114	0.0	0.0	0	0	0	18	0.0	0.19148936170212766	4.160714285714286	0.18
98	http://www.apartmentguide.com/apartments/California/	0.0	0.0	0.0	0.0	0.0	0.0	0.0	0	0	0	17	0.0	0.0	0.0	0.0
99	http://www.theclaremontreview.ca/	0.059602649006622516	0	0	0	0	0	0	0	0	0.1111111111111111	0	0	0.42857142857142855	0	0.15789473684210525
100	http://www.trulia.com/NH/Claremont/	0.06923076923076923	22.12317813765182	0.3103448275862069	0.1956521739130435	0	0	0.0	0	0	0	4	0.0	0.42857142857142855	0.0	0.34615384615384615
101	http://workdayinfo.claremont.edu/	0	0.0	0.0	0.0	0.0	0	0	0	0	0	3	0.03125	0.36	0.24324324324324326	0.23076923076923078
102	https://www.redfin.com/city/3578/CA/Claremont	0.13333333333333333	27.51623376623379	0.42857142857142855	1.5569892473118279	0.0	0	0	0	0	0	18	0	0.3103448275862069	12.935960126445085	0.34615384615384615
103	https://www.redfin.com/states/CA	0.0	0.0	0.0	0	0.0	0	0	0	0	0	84	0.0	0.0	0.0	0.0
104	https://www.redfin.com/county/321/CA/Los-Angeles-County	0.0	0.0	0.0	0.0	0.0	0	0	0	0	0	17	0.0	0.0	0.0	0.0
105	https://www.redfin.com/city/3578/CA/Claremont	0.13333333333333333	27.51623376623379	0.42857142857142855	1.5569892473118279	0.0	0	0	0	0	0	18	0	0.3103448275862069	12.935960126445085	0.34615384615384615
106	https://www.redfin.com/states/CA	0.0	0.0	0.0	0	0.0	0	0	0	0	0	84	0.0	0.0	0.0	0.0
107	https://www.redfin.com/county/321/CA/Los-Angeles-County	0.0	0.0	0.0	0.0	0.0	0	0	0	0	0	17	0.0	0.0	0.0	0.0
108	https://www.55places.com/oregon/communities/claremont	0.07627118644067797	0.13846153846153847	0.375	0.0	1.2236842105263157	0.47368421052631576	0.0	0	0	0.4864864864864865	12	0.7413865061475367	0.23684210526315788	3.0	0.15254237288135594
109	https://www.55places.com/oregon/area/portland	0.0	0.0	0.0	0.0	0.0	2.0	0	0	0	0	17	0.0	0.0	0.0	0.0
110	https://www.55places.com/oregon/city/portland	0.0	0.0	0.0	0.0	0.0	2.0	0	0	0	0	18	0.0	0.0	0.0	0.0
111	http://www.gswater.com/claremont/	0	0.0	0	0.0	0	0	0	0	0	0	66	0.11739241633434058	0.45	0.0	0.15517241379310345
112	http://www.theclaremont.us/	0	0.0	0	0	0	0	0	0	0	0	1	0.0	0.6	0	0.09473684210526316
113	https://www.hotels.com/de1529285/hotels-claremont-california/	0.05921052631578947	0.42857142857142855	0	1.095	1.5588867654085046	0.7383900928792569	0.0	0	0	0.0	68	0.029801324503311258	0.1956521739130435	4.69971699058305	0.17647058823529413
114	http://leaguelineup.com/welcome.asp?url=claremontaysoregion3	0.09473684210526316	0.625	0.25	0	0	0	0	0	0	0.3	22	0	0.17307692307692307	0.25	0.2231404958677686
115	http://www.bucadibeppo.com/restaurants/ca/claremont/	0.05	0.0	0	0.391304347826087	0.0	0.0	0	0	0	0	30	0.031322505800464036	0.24324324324324326	0.0	0.1267605633802817
116	http://www.massageenvy.com/clinics/CA/Claremont.aspx	0	0	0	0	0	0	0	0	0	0	0	0	0.23684210526315788	0	0
117	https://www.facebook.com/claremontofficial/	0.07086614173228346	0.3333333333333333	0	0	0	0	0	0	0	0	127	0.0	0.3103448275862069	3.0176470588235293	0.32142857142857145
118	http://claremontcomms.com/	0.0	0.0	0.0	0.0	0.09183673469387756	0.0	0	0	0	0	2	0.9321699930795456	0.5	0.0	0.17307692307692307
119	https://www.claremonttoyota.com/	0.10778443113772455	0.5625	0.391304347826087	0.721503371895389	0.225	0.0	0	0	0	0.140625	12	0.7623923555468659	0.47368421052631576	0.9345545680033072	0.3673469387755102
120	http://www.claremontmanor.org/	0.12	0.0	0	0.0	0.0	0.0	0.10465116279069768	0	0	0	9	0.04746835443037975	0.5	0.0	0.1875
121	http://www.accuweather.com/en/us/claremont-ca/91711/weather-forecast/2154386	0.10588235294117647	0.0	0.6923076923076923	0.0	0.34615384615384615	0.0	0.0	0	0	0.1323529411764706	186	0.0	0.15254237288135594	0.5294117647058824	0.16666666666666666
122	http://www.accuweather.com/en/us/united-states-weather	0.0	0.0	0.0	0.0	0.0	0.0	0.0	0	0	0.0	160	0.0	0.0	0.0	0.0
123	http://www.accuweather.com/en/us/ca/california-weather	0.0	0.0	0	0.0	0.0	0.0	0.0	0	0	0	208	0.0	0.0	0.0	0.0
124	http://www.claremontflow.org/	0	0.1487603305785124	0	0.0	0	0	0	0	0	0	10	0.8784937621475519	0.5294117647058824	0.0	0.6428571428571429
125	http://chstheatre.cusd.claremont.edu/	0.10843373493975904	0.01764705882352941	0	0.15789473684210525	0	0	0	0	0	0.17142857142857143	7	0	0.3103448275862069	0.28125	0.25
126	https://www.facebook.com/pages/Claremont-Speedway/517512145057380	0.12	0.45962566844919783	0	0	0	0	0	0	0	0	96	0.9789073186257791	0.18	3.375	0.3103448275862069
127	http://colleges.claremont.edu/qrc/	0.18569674647022713	0.0	0	0.0	0	0.19148936170212766	0	0	0	0	33	0.09375759047850377	0.36	0.0	0.19148936170212766
128	http://claremontwinewalk.com/	0.15	0.16666666666666666	0	0	0	0	0	0	0	0.11688311688311688	4	0	0.42857142857142855	0.4525423728813559	0.17307692307692307
129	http://maps.latimes.com/neighborhoods/neighborhood/claremont/	0.04838709677419355	0.14285714285714285	1.0	1.0	0	0.0	0	0	0	0.04477611940298507	155	0.0	0.18	0.0	0.17307692307692307
130	http://www.opentable.com/ca/claremont-restaurants	0.05325443786982249	0.2727272727272727	0.42857142857142855	0.0	0.561115668580804	0.42857142857142855	0	0.0	0	0.0	62	0	0.25	1.5083253588516745	0.2727272727272727
131	http://www.lepainquotidien.com/store/claremont/	0.09278350515463918	0.0	1.0	0	0.0	0.0	0	0	0	0	73	0.08468046386463517	0.2727272727272727	0.0	0.24324324324324326
132	http://claremontucc.org/	0	0.0	0	0.0	0	0	0	0	0	0.21951219512195122	8	0.27305176148846927	0.5625	0.0	0.225
133	http://www.claremontgi.com/	0.05921052631578947	0.0	0.0	0.0	0.0	0.0	0.0	0	0	0	6	1.1446784922394677	0.6	0.12	0.16666666666666666
134	http://colapublib.org/libs/claremont/index.php	0	0.0	0.5294117647058824	0.0	0	0	0	0	0	0	90	0.5840643979562326	0.25	0	0.16071428571428573
135	http://colapublib.org/history/claremont/faq.html	0	0.0	0.0	0.0	0	0	0	0	0	0	29	0.4805684819012016	0.23684210526315788	1.4834518422753717	0.11842105263157894
136	https://www.groupon.com/local/claremont-nh	0.027190332326283987	0.5696118135124457	0.5	0.0	0.0	0.0	0.0	0.0	0	0.01956521739130435	64	1.0	0.32142857142857145	1.0	0.567487684729064
137	https://www.groupon.com/local	0.0	0.0	0.0	0.0	0.0	0.0	0	0.0	0	0.0	85	0.0	0.0	0.0	0.0
138	https://www.groupon.com/local/new-hampshire	0.0	0.0	0.0	0.0	0.0	0.0	0.0	0.0	0	0.0	90	0.0	0.0	0.0	0.0
139	http://olaclaremont.org/index.stm	0	0.0	0.0	0	0	0.019867549668874173	0	0	0	0.0	21	0.0	0.36	0.0	0.16981132075471697
140	http://www.subaruofclaremont.com/	0.036885245901639344	0.05172413793103448	0.225	0.7466391616088919	0.2727272727272727	0.0	0	0	0	0.2647058823529412	2	0.3373681691273974	0.42857142857142855	3.061292471685543	0.2222222222222222
141	http://www.subaruofclaremont.com/service/index.htm	0.11920529801324503	0.05389221556886228	0.3304195804195804	0	0.0	0.0	0	0	0	0.20930232558139536	2	0.06382978723404255	0.24324324324324326	2.1781376518218623	0.20454545454545456
142	http://discoverclaremont.com/nightlife/	0.11392405063291139	0.14285714285714285	0.0	0.36	0	0	0	0	0	0	76	0.31394336336791095	0.3	0.0	0.3868421052631579
143	http://www.claremontcsl.org/	0.1111111111111111	0.0	0	0	0	0	0	0	0	0.05102040816326531	5	0.0	0.5625	0.24324324324324326	0.20930232558139536
144	http://www.claremonteap.com/	0.04265402843601896	0.0	0	0	0	0.0	0	0	0	0.01618705035971223	1	0	0.5625	0.21428571428571427	0.6923076923076923
145	http://local.dmv.org/new-hampshire/sullivan-county/claremont/dmv-office-locations.php	0.07563025210084033	0.0	0.20930232558139536	0	0	0	0	0	0	0	17	0.0	0.12162162162162163	0.24324324324324326	0.2
146	http://local.dmv.org/new-hampshire/dmv-office-locations.php	0.0	0.0	0.0	0	0.0	0	0	0	0	0	17	0.0	0.0	0.0	0.0
147	http://local.dmv.org/new-hampshire/sullivan-county/dmv-office-locations.php	0.0	0.0	0.0	0	0.0	0	0	0	0	0	18	0.0	0.0	0.0	0.0
148	http://www.claremontchamber.org/pages/FridayNightsLive/	0	0.0	0	0	0.32142857142857145	0	0	0	0	0	42	0.3215311004784689	0.21951219512195122	3.3403859180101403	0.18
149	http://chrisclaremont.com/	0.06818181818181818	0.0	0	0	0	0	0	0	0	0.17475728155339806	8	0	0.5	0.0	0.0
150	http://www.thefreedictionary.com/Claremont	0.23275862068965517	0.3008241758241758	1.0	0.0	0	0	0	0	0	0.14594594594594595	104	0.0	0.3	13.0	0.3103448275862069
151	http://elroble.cusd.claremont.edu/	0	0.0	0	0.0	0	0	0	0	0	0	24	0.0	0.34615384615384615	0.21428571428571427	0.0
152	https://www.yelp.com/biz/claremont-hills-wilderness-trail-claremont	0.036585365853658534	0.0	0.16666666666666666	0.0	0.0	0.0	0	0	0	0.0	137	0.06542242241850482	0.33962264150943394	1.28125	0.32065217391304346
153	https://www.yelp.com/c/claremont-ca-us/active	0.1125	0.0	0.3103448275862069	0.0	0.3333333333333333	0	0	0	0	0.0	96	0.0	0.3	0.8958333333333333	0.2903225806451613
154	https://www.yelp.com/c/claremont-ca-us/hiking	0.07377049180327869	0.0	0.0	0.0	0.0	0.0	0	0	0	0.0	89	0.0	0.3	2.84375	0.2571428571428571
155	http://www.thebackabbey.com/	0	0.0	0	0	0	0	0	0	0	0.12857142857142856	5	0	0.0	0.20454545454545456	0.14754098360655737
156	http://www.topix.com/city/claremont-nc	0.23684210526315788	1.2045454545454546	0.6428571428571429	0	0	0.0	0.0	0	0	0	19	1.2312611806797853	0.36	1.6428571428571428	0.45
157	http://www.topix.com/state/nc	0.0	0.0	0.0	0	0	0.0	0.0	0	0	0	28	0.0	0.0	0.0	0.0
158	http://www.topix.com/county/catawba-nc	0.0	0.0	0.0	0	0	0.0	0.0	0	0	0	16	0.0	0.0	0.0	0.0
159	http://www.claremontcorporation.com/#!	0	0	0	0	0	0	0	0	0	0	0	0	0.34615384615384615	0	0.32142857142857145
160	http://claremontcarecenter.com/	0	0.08108108108108109	0	0.0	0.5294117647058824	0.0	0	0	0	0	8	0.07142857142857142	0.391304347826087	2.179411764705882	0.4090909090909091
161	https://online.cmc.edu/	0	0.0	0	0	0	0.2647058823529412	0	0	0	0	49	0.6364764267990075	0.0	0.0	0.19148936170212766
162	http://blogs.cuc.claremont.edu/realestate/	0	0.0	0.0	0.0	0.0	0.0	0	0	0	0	78	0.0	0.2727272727272727	0.0	0.0
163	http://www.rsabg.org/	0.0	0.0	0.0	0.0	0	0	0	0	0	0.06040268456375839	0	0.11688311688311688	0.0	0.0	0.0
164	http://www.claremont-lodge.com/	0.12413793103448276	0.0	0.34615384615384615	0	0.0	0.0	0	0	0	0.5294117647058824	1	0.23684210526315788	0.47368421052631576	0	0.47368421052631576
165	http://www.claremontcorporation.com/	0	0	0	0	0	0	0	0	0	0	0	0	0.375	0	0.32142857142857145
166	http://www.claremont.wa.gov.au/	0.0	0.0	0.0	0.9761904761904763	0.5226244343891403	0	0	0	0	0	5	0.7826296018547599	0.47368421052631576	3.9230797909082504	0.3103448275862069
167	http://sustainableclaremont.org/	0	0	0	0	0	0	0	0	0	0	0	0	0.375	0	0
168	http://creativity.claremont.edu/	0	0.0	0	0	0.0	0.0	0	0	0	0	0	0.0	0.375	0.0	0.0
169	http://www.claremontretirement.com/	0.057692307692307696	0.0	0	0.20930232558139536	0.0	0	0	0	0	0	2	0.0	0.391304347826087	0.628829577085391	0.1956521739130435
170	http://www.bayanclaremont.org/	0	0.24435385242560131	0.0	0.3333333333333333	0	0.0	0	0	0	0	35	0.6909090909090909	0.5	0.0	0.2727272727272727
171	http://iplace.claremont.edu/	0.025210084033613446	0.0	0	0	0	0	0	0	0	0	17	0.16822429906542055	0.45	0.27475538160469665	0.21686746987951808
172	http://www.theclaremontreview.ca/#!	0.059602649006622516	0	0	0	0	0	0	0	0	0.1111111111111111	0	0	0.391304347826087	0	0.15789473684210525
173	http://indianhill-villas.com/	0	0.0	0.0	0.0	0.0	0	0	0	0	0	2	0.1785233809328572	0.0	0.8181818181818182	0.10714285714285714
175	https://cst.edu/about	0	0.04831396592286305	0.0	0.0	0	0	0	0	0	0	106	0.6386435610644744	0.0	0.0	0.2727272727272727
176	http://www.claremontcraftales.com/	0	0.0	0	0	0	0	0	0	0	0	1	0	0.4090909090909091	0	0.45
177	http://www.claremontonline.co.za/	0.08108108108108109	0.0	0.32142857142857145	0	0	0	0	0	0	0.09278350515463918	24	3.413402560240278	0.42857142857142855	0.0	0.16981132075471697
179	http://drucker.cgu.edu/	0	0.0	0.0	0.1125	0.0	0.0	0	0	0	0	12	0.017341040462427744	0.0	0.0	0.0
180	http://www.claremont.co.uk/	0.04568527918781726	0.0	0	0.0	0.0	0.0	0.0	0	0	0.1965065502183406	4	1.0588235294117647	0.6	0.6	0.1323529411764706
181	http://www.thecmaninn.com/claremont/	0.391304347826087	0	0	0	0	0	0	0	0	0.391304347826087	8	0	0.391304347826087	0.0	0.20454545454545456
182	http://www.princetonreview.com/schools/1023694/college/claremont-mckenna-college	0.05625	0.16349261892773856	0.0	0.0	0	0.0	0	0.0	0	0	111	0.0	0.13846153846153847	1.3599999999999999	0.15
183	http://claremontnhkiwanis.com/	0	0.34615384615384615	0	0	0	0	0	0	0	0	4	0.0	0.4090909090909091	1.6622245268343272	0.2727272727272727
184	http://claremonthouse.com.au/	0.45	0.0	0.0	0.0	0.0	0	0	0	0	0.4864864864864865	1	1.121459611943914	0.42857142857142855	0.0	0.4090909090909091
185	http://www.youtube.com/user/ClaremontMcKenna1	0.05625	0.11372418387741506	0.0	0.24324324324324326	0.0	0.0	0	0	0	0.0	8	0.0	0.28125	0.2	0.23684210526315788
186	http://www.chantrellescatering.com/	0.058823529411764705	0.24324324324324326	0	0.0	0	0.0	0	0	0	0.0	12	0	0.0	0.42857142857142855	0.16071428571428573
187	http://scholarship.claremont.edu/	0	0.0	0.4090909090909091	0.0	0	0	0	0	0	0	25	0.10112359550561797	0.36	0.0	0.32727272727272727
188	https://iplace.claremont.edu/	0.025210084033613446	0.0	0	0	0	0	0	0	0	0	17	0.16822429906542055	0.45	0.27475538160469665	0.21686746987951808
189	http://claremont-ca.schoolloop.com/Adult	0	0.11538461538461539	0	0.21428571428571427	0	0	0	0	0	0	15	0.3142857142857143	0.28125	0.8924789763354356	0.18
190	http://www.yellowpages.com/claremont-nh	0.13333333333333333	2.2777777777777777	0.42857142857142855	0.0	0.2903225806451613	0.36	0	0	0	0	16	0.0	0.3333333333333333	1.0236742424242424	0.4090909090909091
191	http://www.newhampshiregasprices.com/Claremont/index.aspx	0.13846153846153847	0.0	0.0	0.0	0	0	0	0	0	0	39	0.0	0.20454545454545456	0.0	0.23376623376623376
192	http://www.claremontfc.com.au/	0	0.0	0	0	0.0	0.0	0	0	0	0	88	0.225	0.5	0.0	0.391304347826087
193	https://www.tripadvisor.com/Attractions-g32215-Activities-Claremont_California.html	0.1	4.682432432432433	0.6729559748427673	0.3	0	0	0	0	0	0.17928286852589642	1	0	0.12857142857142856	3.0026525198938994	0.13740458015267176
194	https://www.tripadvisor.com/Tourism-g28926-California-Vacations.html	0.0	0.0	0.0	0	0.0	0.0	0	0	0	0.0	1	0.0	0.0	0.0	0.0
195	https://www.tripadvisor.com/Tourism-g32215-Claremont_California-Vacations.html	0.1956521739130435	4.195340431279315	0.9285714285714286	0	0.5715725806451613	0	0	0	0	0.20930232558139536	20	0.47307692307692306	0.13846153846153847	2.1791231081291933	0.3050847457627119
196	https://claremont.collegiatelink.net/	0	0.0	0.2903225806451613	0.09782608695652174	0.16666666666666666	0.0	0	0	0	0	4	0.46043632075471697	0.32142857142857145	0.0	0.23684210526315788
197	http://claremontcycle.com/	0.0	0.0	0.42857142857142855	0	0	0	0	0	0	0.0	4	0.0	0.5	0.6654135338345865	0.21176470588235294
198	http://libraries.claremont.edu/resources/databases/	0	0.0	0	0.0	0.0	0	0	0	0	0	46	0.0	0.21951219512195122	0.927487684729064	0.23684210526315788
199	http://universityclubofclaremont.org/	0.04568527918781726	0.1232876712328767	0.20930232558139536	0.0	0	0	0	0	0	0.14285714285714285	4	0.20147058823529412	0.3103448275862069	0	0.32142857142857145
200	http://www.claremont.wa.gov.au/Parks-and-Recreation	0	0.0	0.0	0	0	0	0	0	0	0	2	0	0.23076923076923078	3.9230797909082504	0.2
201	http://www.greatschools.org/new-hampshire/claremont/	0.12162162162162163	2.5714285714285716	0.5294117647058824	0.0	0.0	0.0	0	0	0	0.36	20	0.0	0.23684210526315788	6.0769230769230775	0.22784810126582278
202	http://www.greatschools.org/new-hampshire/	0.0	0.0	0	0.0	0	0	0	0	0	0.0	8	0.0	0.0	0.0	0.0
203	http://ccdl.libraries.claremont.edu/	0	0.0	0.2647058823529412	0	0	0	0	0	0	0	4	0.10526315789473684	0.32142857142857145	0.0	0.2647058823529412
204	http://claremontdistillery.com/	0	0.0	0.2727272727272727	0.3333333333333333	0.0	0	0	0	0	0	16	0.485	0.391304347826087	0	0.2903225806451613
205	http://www.metrolinktrains.com/stations/detail/station_id/90.html	0.06923076923076923	0.0	0	0.5294117647058824	0	0.0	0	0.0	0	0.13043478260869565	7	0.5294117647058824	0.0	0.0	0.3103448275862069
206	http://www.nycgovparks.org/parks/claremontpark	0	0.0	0.6428571428571429	0.0	1.0905194805194807	0	0	0	0	0	15	0.12761324041811847	0.2727272727272727	0.0	0.34615384615384615
207	http://www.nycgovparks.org/parks/	0	0.0	0.0	0.0	0.0	0	0	0	0	0	13	0.0	0.0	0.0	0.0
208	http://www.thecman.com/restaurants-and-menus/common-man-restaurants/common-man-claremont.aspx	0	0.0	0.45	0	0	0	0	0	0	0.0	22	0.5929352557066835	0.11392405063291139	0.0	0.140625
209	http://www.claremontoptometry.com/	0	0.0	0.0	0.0	0	0	0	0	0	0	5	0.0	0.4090909090909091	0.2	0.3333333333333333
210	http://www.claremontpiefestival.com/	0.11464968152866242	0	0	0	0	0	0	0	0	0.375	0	0	0.375	0	0.4090909090909091
211	http://claremont.ca.lwvnet.org/	0	0.0967741935483871	0.0	0.05232558139534884	0.0	0	0	0	0	0	5	0.10112359550561797	0.391304347826087	0.0	0.20454545454545456
212	http://claremonthoteldouglas.com/	0.06206896551724138	0.0	0.6	0	0	0	0	0	0	0.0	7	1.6454071449691643	0.36	0.0	0.16981132075471697
213	http://catalog.claremontmckenna.edu/	0.20454545454545456	0.0	0.0	0.140625	0.0	0.1125	0	0	0	0.14516129032258066	54	0.031914893617021274	0.32142857142857145	1.3461538461538463	0.225
214	http://www.maxpreps.com/high-schools/claremont-wolfpack-(claremont,ca)/football/home.htm	0.05421686746987952	0.0	0	0.0	0.0	0	0	0	0	0	32	0.8229150154879714	0.2465753424657534	1.1423076923076922	0.2
215	http://www.maxpreps.com/national/football.htm	0.0	0.0	0.0	0.0	0	0	0	0	0	0	14	0.0	0.0	0.0	0.0
216	http://www.maxpreps.com/state/football/california.htm	0.0	0.0	0.0	0.0	0.0	0	0	0	0	0	18	0.0	0.0	0.0	0.0
219	http://www.laserderm-sa.com/branch/claremont/	0	0.0	0.8181818181818182	0.6428571428571429	0.0	0	0	0	0	0	43	0.20184948979591838	0.2903225806451613	0.0	0.42857142857142855
220	http://www.sau6.org/	0.12162162162162163	0.47368421052631576	0	0	0.0	0.14754098360655737	0	0	0	0	14	0	0.0	0.0	0.0
221	http://www.opentable.com/tutti-mangia	0.037037037037037035	1.0588235294117647	0.0	0	0.0	0.20454545454545456	0.0	0.0	0	0	56	0.2183121572730393	0.0	1.0	0.17647058823529413
222	http://www.claremontartwalk.com/	0.23376623376623376	0.0	0	0	0	0	0	0	0	0	13	0	0.45	3.8652834170414376	0.5
223	https://www.kecksci.claremont.edu/	0.025495750708215296	0.0	0	0.0	0	0	0	0	0	0	11	0.0	0.42857142857142855	1.0	0.10714285714285714
224	https://www.hotelscombined.com/Place/Claremont.htm	0.13846153846153847	0.0	0.34615384615384615	0.7663043478260869	0.0	0	0	0	0	0.39375	18	3.9632597492499375	0.25	0.0	0.3
225	http://www.ccpa.net/index.aspx?nid=109	0.0	0.5347490347490348	0.45	0.0	0.0	0	0	0	0	0.21951219512195122	3	0	0.0	0.0	0.5
226	http://www.ccpa.net/index.aspx?nid=109	0.0	0.5347490347490348	0.45	0.0	0.0	0	0	0	0	0.21951219512195122	3	0	0.0	0.0	0.5
227	http://claremontplace.com/	0	0.14754098360655737	0.0	0.0	0.0	0.0	0	0	0	0	5	1.1178008961448895	0.5	1.5635732553891122	0.29508196721311475
228	http://mrclaremont.com/	0	0	0	0	0	0	0	0	0	0	0	0	0.6	0	0.6428571428571429
229	http://claremontscrealestate.com/	0.1111111111111111	0.0	1.0	0.0	0.45	0	0	0	0	0	18	0.30756766510285094	0.36	0	0.25
230	http://ccdl.libraries.claremont.edu/cdm/landingpage/collection/cce	0	0.0	0.3103448275862069	0.0	0	0	0	0	0	0	12	0.0	0.16363636363636364	0.0	0.3103448275862069
231	http://www.whereis.com/wa/claremont-6010	0.09090909090909091	0.0	0.36	0.961304347826087	0.75	0	0	0	0	0.39622641509433965	10	0.0	0.3333333333333333	1.0	0.2571428571428571
232	http://www.whereis.com/wa	0.0	0.0	0.0	0.0	1.0	0	0	0	0	0.0	10	0.0	0.0	0.0	0.0
233	http://sumner.cusd.claremont.edu/	0	0.0	0	0.0	0	0	0	0	0	0	11	0.0	0.36	0.2903225806451613	0.0
234	http://hotelclaremont.com/	0.02702702702702703	0.34615384615384615	0.10344827586206896	0.0	0.0	0	0.0	0	0	0.0	46	0.3539766081871345	0.5	0.10588235294117647	0.10588235294117647
235	http://www.theclaremonthouse.net/	0	0	0	0	0	0	0	0	0	0	3	0.5153508771929824	0.42857142857142855	0	0.6
236	https://www.hmc.edu/	0	0.0	0.0	0.0	0.0	0	0	0	0	0	9	0.0	0.0	0.0	0.24324324324324326
237	http://claremontmusic.org/	0.046632124352331605	0.3514512661251792	0	0	0	0	0	0	0	0.0703125	5	0.0	0.5	0	0.11392405063291139
238	http://www.richdale.com/minneapolis/claremont-apartments	0.036585365853658534	0.0	0	0.0	0	0	0	0	0	0.0	17	0.1319255071788686	0.20930232558139536	0.0	0.140625
239	http://claremontshows.com/	0	0.0	0	0	0	0	0	0	0	0.23076923076923078	0	0.0	0.5	0	0.12162162162162163
240	http://www.claremontcorp.com/	0	0.1836734693877551	0	0	0	0	0	0	0	0	1	0	0.5294117647058824	0.0	0.0
241	http://www.symphonybuffalogrove.com/	0	0.0	0.3	0.0	0.0	0.0	0	0	0	0	5	0.15789473684210525	0.0	0.0	0.0
242	http://ccms.claremont.edu/REU	0	0.0	0	0.3	0.0	0	0	0	0	0	16	0	0.42857142857142855	0.1956521739130435	0.22784810126582278
243	http://board.cuc.claremont.edu/	0	0.0	0	0.0	0.0	0	0	0	0	0	0	0.09808481532147743	0.391304347826087	0.2903225806451613	0.2903225806451613
244	http://www.casa425.com/	0.059602649006622516	0.0	0.20930232558139536	0.0	0.0	0	0	0	0	0.13846153846153847	73	0.09721095334685598	0.0	0.21951219512195122	0.14516129032258066
245	https://www.claremont-courier.com/articles/sports/t20614-volleyball	0.20454545454545456	0.0	1.4049773755656108	0	0	0	0	0	0	0.1978021978021978	10	1.2288005317227633	0.17307692307692307	0.0	0.15789473684210525
246	http://www.roomsforafrica.com/dest/south-africa/western-cape/cape-town/claremont.jsp	0.18243243243243243	0.23356901815844447	1.0	0.24324324324324326	0	4.500000000000001	0.0	0	0	0.22842639593908629	87	0	0.1323529411764706	0.0	0.27692307692307694
247	http://claremonthighalumnisociety.com/	0.06	0.0	0.0	0	0	0	0	0	0	0.22784810126582278	15	0.6304347826086957	0.3	1.5509439956052733	0.29508196721311475
248	http://www.claremont.worcesterschools.org/	0	0.0	0.0	0.0	0	0	0	0	0	0	22	0.0	0.3	0.0	0.0
249	http://www.claremontlacrosse.com/	0.0	0.0	0	0.0	0.0	0	0	0.0	0	0.0	16	0.44999999999999996	0.42857142857142855	0.0	0.36
250	http://ccms.claremont.edu/	0	0.0	0	0	0.0	0	0	0	0	0	14	0	0.5	0.1956521739130435	0.16981132075471697
251	http://www.claremont-school.co.uk/	0	0.0	0.24324324324324326	0.0	0	0	0	0	0	0	27	0.5225274725274724	0.4090909090909091	0.2953125	0.2727272727272727
252	http://www.claremontbiblechapel.com/	0	0.0	0	0.2727272727272727	0	0	0	0	0	0	4	0.0	0.375	0.0	0.4090909090909091
253	http://www.collegescalendar.org/	0	0.16981132075471697	0.3103448275862069	0.0	0	0	0	0	0	0	4	0	0.0	0.0	0.28125
255	http://www.theclaremont.com.au/	0.0	0.07377049180327869	0.3103448275862069	0	0.0	0	0.3333333333333333	0	0	0	8	0.41379129526036196	0.47368421052631576	1.4736842105263157	0.28125
256	http://claremont.home.schooljotter2.com/site/disabled/	0	0.13043478260869565	0	0	0.0	0	0	0	0	0	1	0.0	0.20454545454545456	0	0.0
257	http://foothilltransit.org/line/187/	0	0.0	0.8181818181818182	0	0.0	0.0	0	0	0	0	13	0.046153846153846156	0.0	0.0	0.8181818181818182
258	http://doubletree3.hilton.com/en/hotels/california/doubletree-by-hilton-hotel-claremont-ONTCLDT/dining/index.html	0.14285714285714285	0.0	0	0.0	0.0	0	0	0.0	0	0.07860262008733625	65	0.4341968376451135	0.09	9.255696919164587	0.14516129032258066
259	http://www.barrebody.co.za/claremont/	0	0.0	0.0	0	0.0	0.0	0	0	0	0	27	0.09574468085106383	0.375	0.0	0.2727272727272727
260	http://www.granitecreek.org/	0.1875	0.0	0.0	0	0.0	0.2903225806451613	0.2903225806451613	0.0	0	0	32	0.0	0.0	3.051835096215114	0.11392405063291139
261	http://claremontcenterselfstorage.com/	0.07086614173228346	0.0	0	0	0	0	0	0	0	0.0	3	0.0	0.3	0	0.12162162162162163
263	http://claremontbrewfest.com/	0	0.40909090909090906	0.0	0.0	0	0.0	0	0	0	0	13	0.49843260188087773	0.42857142857142855	0.3333333333333333	0.225
264	http://www.armstronggarden.com/pages/claremont	0.0	0.0	0.2571428571428571	0	0.1956521739130435	0.0	0	0	0	0.025880661394680086	165	0.0	0.2727272727272727	0.031914893617021274	0.1125
265	http://campusreform.org/?ID=7977	0.08256880733944955	0.0	0.2	0.34615384615384615	0.0	0	0	0	0	0.13846153846153847	12	0.08333333333333333	0.0	0.72	0.2
266	http://autoconnect.claremont.edu/	0.0	0.0	0	0	0	0	0	0	0	0	1	0	0.36	0.0	0.0
267	http://autoconnect.claremont.edu/	0.0	0.0	0	0	0	0	0	0	0	0	1	0	0.36	0.0	0.0
268	http://www.theclaremonthotel.com/dining	0.05806451612903226	0.16071428571428573	0	0.0	0	0	0	0	0	0.0	10	0.0	0.3333333333333333	0.0	0.07627118644067797
269	http://collegeapps.about.com/od/choosingacollege/tp/claremont-colleges.htm	0	0.0	0.4090909090909091	0	0.2	0	0.0	0	0	0	120	1.170582556746853	0.14285714285714285	0.606060606060606	0.20454545454545456
270	http://collegeapps.about.com/od/choosingacollege/	0	0.0	0.0	0	0.0	0.0	0.0	0	0	0	177	0.0	0.0	0.0	0.0
271	http://sycamore.cusd.claremont.edu/	0	0.0	0	0.0	0	0	0	0	0	0	16	0.0	0.3333333333333333	0.0	0.0
272	http://www.rivervalley.edu/	0.0	0.0	0	0.0	0	0	0	0	0	0.0	16	0.0	0.0	0.0	0.0
273	http://clermontlounge.net/	0.0	0.0	0	0	0	0.0	0	0	0	0.02702702702702703	7	0.0	0.0	0.0	0.0
274	http://www.claremontsunriserotary.org/	0.21428571428571427	0	0	0	0	0	0	0	0	0.17142857142857143	12	0.13636363636363635	0.34615384615384615	0.0	0.2535211267605634
275	http://www.cybsa.info/	0.34615384615384615	0	0	0	0	0	0	0	0	0.14516129032258066	0	0	0.0	0	0.0
277	http://claremontsanctuarypilates.com/	0.12162162162162163	0.0	0	0.0	0	0	0	0	0	0.13432835820895522	4	0.1875	0.3103448275862069	0.0	0.26865671641791045
278	http://claremontsanctuarypilates.com/	0.12162162162162163	0.0	0	0.0	0	0	0	0	0	0.13432835820895522	4	0.1875	0.3103448275862069	0.0	0.26865671641791045
279	http://www.kgi.edu/	0.0	0.0	0	0	0	0	0	0	0	0.0	9	0.0	0.0	0	0.16981132075471697
281	http://claremontcenter.org/	0.15126050420168066	0.0	0.0	0.15126050420168066	0	0	0	0	0	0	8	0.2903225806451613	0.47368421052631576	0.0	0.0
282	http://www.etickernewsofclaremont.com/	0	0.0	0.0	0	0.6923076923076923	0	0	0	0	0	38	1.2251024837231734	0.34615384615384615	0.0	0.34615384615384615
283	http://nysparks.com/historic-sites/16/details.aspx	0	0.0	0	0.0	0.0	0.0	0	0	0	0	15	0.0	0.0	0.0	0.0
284	https://www.instagram.com/explore/tags/claremont/	0.15254237288135594	0	0	0	0	0	0	0	0	0	0	0	0.2727272727272727	0	0.21428571428571427
285	https://commons.wikimedia.org/wiki/Category:Claremont,_California	0	0.0	0.3	0.21951219512195122	0.0	0	0	0	0	0	36	0.0	0.16666666666666666	0.0	0.18
286	http://www.casa425.com/attractions_about.htm	0	0.0	0.34615384615384615	0.0	0.0	0	0	0	0	0.13846153846153847	115	0.16021436840635295	0.0	0.21951219512195122	0.22784810126582278
287	http://claremontfd.net/	0	0.0	0	0	0	0	0	0	0	0	1	0.0	0.6	0	0.21428571428571427
288	http://www.indeed.com/l-Claremont,-NH-jobs.html	0.11688311688311688	0.2903225806451613	0	0.0	0	0	0	0	0	0.3351063829787234	3	0.0	0.2571428571428571	4.62753036437247	0.1956521739130435
289	http://www.sunriseseniorliving.com/communities/sunrise-of-claremont/overview.aspx	0	0.0	0.0	0.34615384615384615	0.0	0.0	0.0	0	0	0	12	0.0	0.13432835820895522	1.8981521797970717	0.20454545454545456
290	http://www.forbes.com/colleges/claremont-mckenna-college/	0.0	0	0	0	0	0	0	0	0	0.0	0	0	0.20930232558139536	0.0	0.0
291	http://claremontrotary.co.za/home/	0	0.0	0	0	0.0	0	0	0	0	0	253	0.5624267953989188	0.36	0.0	0.375
292	http://www.claremontheritage.org/	0.1276595744680851	0.09782608695652174	0	0	0	0	0	0	0	0.0989010989010989	11	0.375	0.42857142857142855	0.0	0.3333333333333333
293	https://portal.claremontmckenna.edu/ics/	0	0.0	0	0	0	0	0	0	0	0	3	0	0.3	0.0	0.0
294	http://www.dhhs.nh.gov/directions/claremont.htm	0.17647058823529413	0.0	0	0	0	0	0	0	0	0.09090909090909091	5	0.0	0.2647058823529412	0.0	0.08823529411764706
295	http://claremontprint.com/	0.15	0.0	0	0	0	0	0	0	0	0.014900662251655629	0	0	0.5	0.0	0.5625
296	http://www.leaguelineup.com/welcome.asp?url=claremontboyssoccer	0.42857142857142855	0.7285714285714285	0.42857142857142855	5.609293637575137	0.0	0.0	0.0	0	0	0.0	536	4.8592360163126465	0.17647058823529413	2.444466213102776	0.2571428571428571
297	http://www.ddsb.ca/school/claremont/Pages/default.aspx	0	0.1232876712328767	0	0.0	0	0	0.391304347826087	0	0	0	83	0.0	0.23076923076923078	0.0	0.15
298	http://theclaremontgroup.com/	0	0.08653846153846154	0	0	0	0	0	0	0	0	0	0.05042016806722689	0.42857142857142855	0.0	0.47368421052631576
299	http://www.symphonyhanoverpark.com/	0.0	0.0	0.28125	0.0	0.0	0.0	0	0	0	0	5	0.16666666666666666	0.0	0.0	0.0
300	http://claremontbluesandbrews.com/	0	0.6309967466347626	0	0.08256880733944955	0	0	0	0	0	0	3	0	0.34615384615384615	0.1323529411764706	0.2
301	http://pitweb.pitzer.edu/about/	0.05806451612903226	0.0	0.0	0	0	0	0	0	0	0	67	0.07802867447190293	0.0	0.0	0.0
302	http://www.americantowns.com/ca/claremont	0.10588235294117647	0.0	0	0.0	0.0	1.3885780885780885	0.0	0	0	0.30927835051546393	30	6.101130774490697	0.32142857142857145	1.4090909090909092	0.17307692307692307
303	https://www.onlinebiller.com/claremont/	0	0.09473684210526316	0.15517241379310345	0	0.34615384615384615	0.0	0	0	0	0	1	0.0967741935483871	0.36	0	0.2647058823529412
304	http://www.golflink.com/golf-courses/city.aspx?dest=Claremont+CA	0.07627118644067797	0.8286713286713286	0.2647058823529412	0.0	0.0	0	0	0	0	0.35064935064935066	28	0.04072398190045249	0.17647058823529413	0.23684210526315788	0.23076923076923078
305	http://www.golflink.com/golf-courses/state.aspx?state=CA	0.0	0.0	0.0	0.0	0.0	0	0	0	0	0.0	28	0.0	0.0	0.0	0.0
307	http://kent.schooljotter.com/claremontprim/	0.06293706293706294	0.0	0.3103448275862069	0	0	0	0	0	0	0	23	0	0.2647058823529412	0.02735562310030395	0.2
309	http://claremontmormonstudies.org/	0.15517241379310345	0.0	0	0.0	0	0	0.2571428571428571	0	0	0	7	0.8034174513626569	0.34615384615384615	0.3103448275862069	0.21951219512195122
310	https://www.justia.com/lawyers/california/claremont	0.05357142857142857	0.014240506329113924	0	0	0	0.0	0.0	0	0	0.15254237288135594	258	0.5203125	0.25	29.280502392344502	0.24
311	https://www.justia.com/lawyers	0.0	0.0	0	0	0	0.0	0	0	0	0.0	47	0.0	0.0	0.0	0.0
312	https://www.justia.com/lawyers/california	0.0	0.0	0	0	0	0	0.0	0	0	0.0	292	0.0	0.0	0.0	0.0
313	http://www.claremontoperahouse.info/	0	0.0	0	0.0	0.0	0.0	0	0	0	0	20	0	0.375	0	0.4090909090909091
314	http://business.claremontchamber.org/list	0.1125	0.0	0.20930232558139536	0	0.32142857142857145	0	0	0	0	0.22784810126582278	89	0.3215311004784689	0.2727272727272727	0.0	0.18556701030927836
315	http://claremontchiropractic.com/	0.09473684210526316	0.0	0.2647058823529412	0.0	0	0	0	0	0	0	15	0.08614157527417747	0.36	0.391304347826087	0.391304347826087
316	http://www.centercityteam.com/philadelphia-apartments/claremont/	0.2727272727272727	0.0	0	0	0.0	0	0	0.0	0	0	81	0.18051948051948052	0.18	0.0	0.2727272727272727
317	http://raymondjames.com/claremontnh/	0	0.0	0	0.0	0	0	0	0	0	0	11	0.0	0.3333333333333333	2.188311688311688	0.4090909090909091
318	https://www.myfonts.com/fonts/redrooster/claremont-rr/	0.0	0.15	0	0	0.0	0.0	0.0	0	0	0	10	0.0	0.23684210526315788	0.0	0.42857142857142855
319	http://claremontca.blogspot.com/	0	0.02875399361022364	0.47368421052631576	1.0588235294117647	0.0	0	0	0	0	0.5625	58	0.18	0.375	1.0027926167219736	0.5294117647058824
320	https://connect.cmc.edu/interview/	0	0.0	0.0	0	0	0.2647058823529412	0	0	0	0	51	0.2903225806451613	0.0	1.3599999999999999	0.20454545454545456
321	https://connect.cmc.edu/interview/	0	0.0	0.0	0	0	0.2647058823529412	0	0	0	0	51	0.2903225806451613	0.0	1.3599999999999999	0.20454545454545456
322	http://www.clairemontequipment.com/	0.0	0.0	0.0	0.0	0.0	0.0	0.0	0	0	0	13	0.0	0.0	0	0.0
323	http://www.claremontforum.org/	0.06976744186046512	0.9379008449557161	0	0.3	0.0	0.0	0.0	0	0	0	8	0.14133199266575974	0.5	0.0	0.36
324	http://www.bonitaterrace.com/	0.0703125	0.23076923076923078	0.225	0.0	0	0	0	0	0	0.0	7	0	0.0	0.0	0.16666666666666666
325	http://www.folkmusiccenter.com/	0.10975609756097561	0.0	0.0	0	0	0	0	0	0	0.06338028169014084	9	0.6551724137931034	0.0	0.0	0.0
326	http://www.reliableselfstorage.com/claremont-facility/	0.13846153846153847	0.0	0.1956521739130435	0.3333333333333333	1.0	0.0	0	0	0	0	36	0.0	0.21951219512195122	0.0	0.13043478260869565
328	http://www.meetup.com/CCC-CYCLING/	0.05806451612903226	0.04128440366972477	0.0	0.0	0.0	0.0	0.0	0	0	0.12857142857142856	283	0.08923948615249352	0.0	1.6428571428571428	0.32727272727272727
329	http://www.claremontsurgery.co.uk/	0	0.0	0	0	0.0	0	0	0	0	0	10	0.0	0.4090909090909091	0.2857142857142857	0.0
330	http://claremonttrio.com/	0	0.10465116279069768	0	0	0	0	0	0	0	0	0	0	0.5294117647058824	0	0.42857142857142855
331	http://www.claremontflock.com/	0.0	0	0	0	0	0	0	0	0	0.0	0	0	0.5	0	0.24324324324324326
332	http://vista.cusd.claremont.edu/	0	0.0	0	0.0	0	0	0	0	0	0	10	0.49547511312217196	0.375	0.47368421052631576	0.0
333	http://www.claremontevaluationcenter.com/	0	0.0	0	0.25	0.0	0	0	0	0	0	66	0.022756005056890013	0.3103448275862069	0.0	0.32142857142857145
335	http://www.searshometownstores.com/locations/claremont-nh	0.061224489795918366	3.0	0	0	0.0	0.0	0	0	0	0	51	0.1397252174454247	0.20454545454545456	1.0	0.20930232558139536
336	http://www.indeed.com/l-Claremont,-NC-jobs.html	0.11688311688311688	0.2903225806451613	0	0.0	0	0	0	0	0	0.3351063829787234	3	0.0	0.2571428571428571	4.103259056011159	0.1956521739130435
337	http://claremontindependent.com/	0	0.0	0.0	0.16071428571428573	0	0	0	0	0	0	0	0	0.375	0.0	0.4821428571428572
338	https://www.pomona.edu/admissions	0.0	0.5834403080872914	0	0.0	0	0	0	0	0	0	15	0.0	0.0	0.0	0.13043478260869565
339	http://m.www.cuc.claremont.edu/	0	0.0	0.0	0.0	0	0	0	0	0	0	19	0.0	0.47368421052631576	0.9606674082313682	0.2903225806451613
340	https://wendyknits.net/2015/11/29/claremont/	0	0.0	1.0	0	0.0	0.0	0	0	0	0	95	0.20307623411071687	0.2903225806451613	0.0	1.0
341	http://www.claremontdentalinstitute.com/	0.07894736842105263	0.0	0.21951219512195122	0.43074324324324326	0.0	0	0	0	0	0	7	0.3234489685310654	0.32142857142857145	0.23376623376623376	0.3333333333333333
342	https://www.tripadvisor.com/ShowTopic-g32066-i664-k1428576-The_Claremont_Resort_Haunted-Berkeley_California.html	0.033962264150943396	0.0	0.40665342601787485	0.0	0	0.0	0	0	0	0.15517241379310345	8	0.4203245048114192	0.09090909090909091	2.392857142857143	0.13432835820895522
343	https://www.tripadvisor.com/Tourism-g32066-Berkeley_California-Vacations.html	0.0	0.0	0.0	0	0.0	0	0	0	0	0.0	7	0.0	0.0	0.0	0.0
344	https://www.tripadvisor.com/ShowForum-g32066-i664-Berkeley_California.html	0.0	0.0	0.0	0	0	0	0	0	0	0.0	6	0.0	0.0	0.0	0.0
345	https://www.tripadvisor.co.uk/Hotel_Review-g186332-d605710-Reviews-Claremont_Hotel-Blackpool_Lancashire_England.html	0.0891089108910891	1.5324321555962594	0.2647058823529412	0.0	0.946969696969697	0	0	0	0	0.06923076923076923	4	0.29071358748778103	0.08737864077669903	0.27582496413199425	0.16666666666666666
346	https://www.tripadvisor.co.uk/Tourism-g186332-Blackpool_Lancashire_England-Vacations.html	0.0	0.0	0.0	0	0.0	0	0	0	0	0.0	3	0	0.0	0.0	0.0
347	https://www.tripadvisor.co.uk/Hotels-g186332-Blackpool_Lancashire_England-Hotels.html	0.0	0.0	0.0	0.0	0	0	0	0	0	0.0	2	0	0.0	0.0	0.0
348	http://idaas.pomona.edu/	0	0.0	0.0	0.36	0.0	0	0	0	0	0	10	0	0.0	0.0	0.18
349	http://www.claremontquarter.com.au/	0	0.0	0.36	0.0	0	0.0	0	0	0	0	608	2.522986560148873	0.391304347826087	0.10975609756097561	0.5
350	http://www.claremonthigh.co.za/	0.21951219512195122	1.7142857142857142	0	0.0	0.0	0	0	0	0	0.34615384615384615	3	1.6075103353238402	0.47368421052631576	0.5867366054702136	0.4
351	http://claremontindependent.com/safe-spaces-segregate-the-claremont-colleges/	0	0.0	0.20454545454545456	0.3652597402597403	0.0	0	0	0	0	0	369	0.3232142857142857	0.2647058823529412	0.047619047619047616	0.25
352	http://www.claremontvillas.com/	0.07377049180327869	0.0	0.2903225806451613	0.0	0	0	0.0	0	0	0.09375	13	0.0	0.47368421052631576	0.32142857142857145	0.125
353	http://www.claremontpres.org/	0	0.17307692307692307	0	0	0.0	0	0	0	0	0	11	0.25833333333333336	0.5294117647058824	0.0	0.3103448275862069
354	http://www.property24.com/for-sale/claremont/pretoria/gauteng/275	0.08695652173913043	0.47368421052631576	0.225	0.0	0.0	0.0	0.0	0	0	0	30	0.0	0.1836734693877551	9.919225197599246	0.18181818181818182
355	http://www.georgianindex.net/Prn_Charlotte/Claremont.html	0	0	0	0	0	0	0	0	0	0	23	0.17866004962779158	0.20454545454545456	0	0.28125
356	http://www.claremontcrosscountrypeople.org/	0.13953488372093023	0.225	0	0	0.0	0.0	0	0	0	0	4	0	0.2903225806451613	0.07627118644067797	0.2571428571428571
357	http://www.mapleboutique.com/	0.046632124352331605	0.0	0	0.0	0.0	0	0	0	0	0	27	0.0	0.0	0.0	0.6428571428571429
358	http://www.booking.com/hotel/gb/claremont-house-saundersfoot.html	0.061224489795918366	0.7130852340936374	0.0	0.5079491255961844	0.7764705882352941	0.0	0.0	0	0	0.15789473684210525	82	0.4616718341169804	0.17647058823529413	0.6221952698605215	0.14754098360655737
359	http://www.alfmuseum.org/	0.0	0.0	0	0	0.0	0.0	0	0	0	0	9	0.0	0.0	0.0	0.0
361	http://www.squarevillage.com/	0.024793388429752067	0.0	0.0	0.0	0.0	0	0	0	0	0.36486486486486486	4	0.1200314836678473	0.0	0.0	0.21428571428571427
362	https://www.instagram.com/claremont_music/	0.0	0	0	0	0	0	0	0	0	0	0	0	0.32142857142857145	0	0.1875
363	http://www.claremont.nsw.edu.au/	0.06976744186046512	0.0	0	0	0	0	0	0	0	0.06766917293233082	2	0.19547038327526134	0.45	0.32142857142857145	0.11538461538461539
364	http://locations.oreillyauto.com/nh/claremont/323-washington-st.html	0.023255813953488372	0.0	0.0	0.75	0.2727272727272727	0.3333333333333333	0	0.0	0	0	156	0.0	0.15517241379310345	3.8181818181818183	0.16666666666666666
365	http://www.lakeclaremont.com/#!	0.05625	0	0	0	0	0	0	0	0	0.0	0	0	0.47368421052631576	0	0.45
366	http://www.trainweb.org/usarail/claremont.htm	0	0.0	0	0	0	0	0	0	0	0	8	0.0	0.28125	0.0	0.32142857142857145
367	http://www.claremontchefsacademy.com/	0.04072398190045249	0	0	0	0	0	0	0	0	0.0	0	0	0.36	0	0.391304347826087
368	http://tapestryclaremont.org/	0.060810810810810814	0.8336842105263158	0.3	0.23076923076923078	0	0.0	0.0	0	0	0	12	0.9886052209254846	0.42857142857142855	1.26	0.19148936170212766
369	http://theclaremontgroup.com/about-us/	0	0.08653846153846154	0	0	0	0	0	0	0	0	10	0.1333739098590968	0.3103448275862069	0.36	0.45
370	http://colleges.claremont.edu/ifc/	0.06509967038141579	0.0	0	0.0	0	0	0	0	0	0	35	0.0	0.36	0.1980174081237911	0.0
371	http://www.claremontcompanies.com/about-us/our-team/	0.0661764705882353	0.0	0.0	0.0	0.0	0	0	0	0	0	120	0.4373335767192733	0.23684210526315788	0.042184969269949996	0.19148936170212766
372	http://www.claremontcompanies.com/about-us/	0.16666666666666666	0.0	0.0	0.0	0.0	0	0	0	0	0	120	0.11503359949403116	0.3	0.0	0.14285714285714285
373	https://claremontsummer.org/	0.04466501240694789	0.0	0.0	0.0	0.0	0	0	0.0	0	0	5	1.2961428900725016	0.47368421052631576	0.4090909090909091	0.1323529411764706
374	http://www.ussportscamps.com/tennis/nike/claremont-mckenna-college-nike-tennis-camp/	0.05660377358490566	0.0	0.19148936170212766	0.2727272727272727	0.0	0.0	0.0	0	0	0	25	0.20175225163924607	0.13043478260869565	1.5973859837559288	0.19148936170212766
375	http://www.claremontfoundation.org/	0.14285714285714285	0.0	0.0	0.0	0	0	0	0	0	0.13705583756345177	4	0.548889652014652	0.391304347826087	0.0	0.225
376	http://www.bringfido.com/lodging/city/claremont_ca_us/	0.04736842105263158	0.7188940092165899	0.0	0	0	0	0	0	0	0.2727272727272727	6	0.0	0.23076923076923078	0.21951219512195122	0.225
377	https://education.tas.edu.au/academy/claremont/Pages/Home.aspx	0	0.0	0.0	0.15254237288135594	0	0	0	0	0	0	11	0.0	0.18	3.2677873778242446	0.3333333333333333
378	http://ochem.jsd.claremont.edu/	0.0	0.0	0	0.0	0.0	0	0	0	0	0	1	0.0	0.391304347826087	0.0	0.0
379	http://www.teamunify.com/Home.jsp?team=catcc	0	0.03202846975088968	0	0	0	0	0	0	0	0	8	0	0.0	0.0	0.42857142857142855
380	https://claremontcountryclubnh.com/	0.1323529411764706	0.375	0	0	0	0	0	0	0	0.0	4	0	0.34615384615384615	0.9316147407579632	0.4090909090909091
381	http://www.claremontanimalhospital.com/	0	0.0	0.0	0.25	0.0	0	0	0	0	0	6	0.20930232558139536	0.3333333333333333	0.2903225806451613	0.23684210526315788
382	http://www.claremontpreschool.org/	0.05389221556886228	0.0	0.18	0.0	0.0	0	0	0	0	0	1	0.097837646224743	0.4090909090909091	0	0.18
383	http://www.tasteofclaremont.org/	0	0.5134535710604968	0	0	0.0	0.0	0	0	0	0	2	0.5295555160560184	0.45	0.0	0.45
384	http://www.airnav.com/airport/KCNH	0.07407407407407407	0.0	0	0	0.6736842105263158	0.0	0	0	0	1.0	11	0.0	0.0	0	0.21428571428571427
385	http://www.claremontimaging.com/	0.06040268456375839	0	0.225	0.0	0.0	0	0	0	0	0.025139664804469275	0	0.10843373493975904	0.45	0	0.15254237288135594
386	http://www.theclaremont.eu/	0.058823529411764705	0.0	0.0	0.0	0.0	0.45	0.0	0.0	0	0.0	4	1.0553517910660768	0.6	0	0.15
387	http://www.claremontangkorhotel.com/	0	0.4090909090909091	0	0.0	0.7188940092165899	0	0	0	0	0	22	0.5117178252978773	0.375	0.059668071654373024	0.0
388	http://claremontmuseum.org/	0	0.0	0.0	0.0	0.0	0	0	0	0	0	0	0	0.47368421052631576	0	0.1875
389	http://local.vons.com/ca/claremont-2155.html	0.06293706293706294	0.0	0.0	0.0	0.34615384615384615	0	0	0	0	0	26	0.0	0.2571428571428571	2.0	0.15517241379310345
390	http://catamountstadium.com/claremont.htm	0	0.0	0	0	0	0	0	0	0	0	0	0.06221198156682028	0.2727272727272727	0.0	0.17307692307692307
391	http://www.travelmath.com/drive-distance/from/Claremont,+CA/to/Los+Angeles,+CA	0.09326424870466321	0.0	0	0.7380952380952381	0.0	0	0	0	0	0	56	0.24627699180938198	0.14516129032258066	0.0	0.16666666666666666
392	http://californiaobits.tributes.com/browse_obituaries?city=Claremont&state=CA	0.061224489795918366	0.0	0.18	0	0	0	0	0	0	0.17746478873239438	33	0.04411764705882353	0.13043478260869565	0.0	0.13846153846153847
393	http://www.claremontschool.co.uk/	0.05806451612903226	0.19148936170212766	0.3333333333333333	0.0	0.0	0	0	0	0	0	8	0.21669359737962057	0.42857142857142855	0.3644619741100324	0.1836734693877551
394	http://www.bringfido.com/restaurant/city/claremont_ca_us/	0.04326923076923077	0.8200607902735562	0.0	0	0	0	0	0	0	0.28125	6	0.0	0.21428571428571427	0.0	0.2
395	http://www.oregongolf.com/courses/portland/claremont/	0.06569343065693431	3.0466834014572592	0	0	0.0	0	0	0	0	0.42857142857142855	32	0.06569343065693431	0.23684210526315788	0.42857142857142855	0.2727272727272727
396	http://www.claremont-high.org.uk/	0.0782608695652174	0.0	0	0.0	0	0	0	0	0	0.14754098360655737	9	0.0	0.42857142857142855	0.0	0.21428571428571427
397	http://www.costaprecision.com/	0.06923076923076923	0.0	0.0	0	0	0	0	0	0	0.2	1	0.0	0.0	0.0	0.1956521739130435
398	https://commons.wikimedia.org/wiki/Category:Claremont_(Metrolink_station)	0	0.0	0.23684210526315788	0.1836734693877551	0.0	0	0	0	0	0	10	0.0	0.14516129032258066	0.0	0.15517241379310345
399	http://theclaremontguesthouse.co.uk/	0	0.16666666666666666	0	0	0	0	0	0	0	0	0	0.3064011379800854	0.32142857142857145	0.0	0.5294117647058824
400	http://sherwoodflowersonline.com/	0.11180124223602485	0.0	0.16363636363636364	0.12857142857142856	0.0	0	0	0	0	0	10	0.0	0.0	0.49071247126574663	0.16071428571428573
401	http://claremontresort.com.au/	0.1	0.0	0	0.45	0.0	0	0	0	0	0	2	0.5	0.4090909090909091	0.0	0.5625
402	http://kspc.org/	0	0.0	0	0	0.4090909090909091	0	0	0	0	0	10	0.05732484076433121	0.0	0.0	0.0
403	http://www.charitynavigator.org/index.cfm?bay=search.summary&orgid=9808	0.047872340425531915	0.12171052631578946	0.3103448275862069	0.0	0.0	0	0	0	0	0.0	164	0.06801007556675064	0.0	0.391304347826087	0.16666666666666666
404	http://www.claremonthistories.co.za/	0	0.0	0	0	0	0	0	0	0	0	1	0	0.375	1.3327751196172248	0.5806451612903226
405	http://www.connollycounseling.com/locations/claremont	0.05921052631578947	0.0	0.5625	0	0.5294117647058824	0	0	0	0	0	53	0.056782334384858045	0.225	1.0	0.375
406	http://www.geoffhamill.com/	0.0	0.0	0.0	0.0	0.0	0.0	0	0	0	0.0	12	0.0	0.0	0.8181818181818182	0.15517241379310345
407	http://www.gswater.com/claremontccr/	0	0.0	0.3	0.0	0	0.0	0	0	0	0	56	0.11848755832037325	0.391304347826087	0.0	0.15254237288135594
410	http://www.hondaclaremont.co.za/	0.08411214953271028	0.5625	0.12162162162162163	0	0.0	0	0	0	0	0.0	1	0.29433528305539913	0.45	0.0	0.15517241379310345
411	http://www.claremont-hospital.co.uk/	0.09	0.09574468085106383	0.17307692307692307	0.43636363636363634	0.0	0.5583333333333333	0	0	0	0.21951219512195122	15	1.0180258031087948	0.375	0.0	0.1267605633802817
412	http://wise.cgu.edu/	0	0.1836734693877551	0.0	0	0.0	0	0	0	0	0	2	0.0	0.0	0	0.0
413	http://claremontseniorapartments.com/	0.0	0.2660098522167488	0	0	0	0.0	0	0	0	0	1	0	0.3103448275862069	0.0	0.3333333333333333
414	http://www.claremontheritage.org/collegestour.html	0.1276595744680851	0.0	0	0	0	0	0	0	0	0.0989010989010989	15	0.4288316645186874	0.23684210526315788	0.2791410295960567	0.2222222222222222
415	http://www.claremont-hospital.co.uk/consultants/	0	0.09574468085106383	0.0	0.0	0.0	0	0	0	0	0	7	0.0	0.2571428571428571	0.0	0.225
416	http://www.claremontsmiledesign.com/	0	0.0	0	0.25	0.0	0.0	0	0	0	0	6	0.4986962190352021	0.375	1.0	0.16071428571428573
417	http://claremontvet.com/	0.21428571428571427	0.0	0.3103448275862069	0	0.0	0	0	0	0	0.05070422535211268	0	0	0.5625	0.0	0.3103448275862069
418	http://scholarship.claremont.edu/ppr/	0	0.0	0.0	0.0	0	0.0	0	0	0	0	37	0.0	0.32142857142857145	0.0	0.24324324324324326
419	http://claremontglassworks.com/	0.0	0.0	0	0	0	0.0	0	0	0	0.0	5	0.0	0.391304347826087	0.28125	0.13333333333333333
420	http://www.clasp4kids.org/	0	0.3466666666666667	0.0	0.24324324324324326	0.0	0	0	0	0	0	1	0	0.0	0	0.2
421	http://www.claremont.co.za/	0	0.0	0	0	0	0.0	0.0	0	0	0.013574660633484163	1	0.0	0.6	0.0	0.2571428571428571
422	http://islamiccenterofclaremont.org/	0	0.20733483384085793	0	0.0	0.3333333333333333	0.0	0	0	0	0	16	0.5738608610704068	0.32142857142857145	0.0	0.517080745341615
423	http://www.4icu.org/reviews/5049.htm	0.05	0.0	0	0	0	0.0	1.0	0.0	0	0	17	0.038502673796791446	0.0	0.0	0.225
424	http://www.4icu.org/North-America/	0.0	0.0	0	0	0	0	0	0	0	0	8	0	0.0	0	0.0
425	http://www.4icu.org/us/index.html	0.0	0.0	0	0.0	0	0	0	0.0	0	0	8	0	0.0	0	0.0
426	http://www.golflink.com/golf-courses/course.aspx?course=61134	0.19708029197080293	0.0	0.42857142857142855	0.6903409090909092	2.8115437774300007	0	0	0	0	0.375	37	0.7212672648452465	0.0	1.3402382645803694	0.36
427	http://www.golflink.com/golf-courses/city.aspx?dest=Claremont+CA	0.07627118644067797	0.8286713286713286	0.2647058823529412	0.0	0.0	0	0	0	0	0.35064935064935066	28	0.04072398190045249	0.17647058823529413	0.23684210526315788	0.23076923076923078
428	http://claremontdrive.webs.com/	0.0	0.0	0.0	0.0	0.0	0	0	0	0	0.0	1	0.0	0.391304347826087	1.0947368421052632	0.6
429	http://www.runnings.com/store-locations/runnings-of-claremont-nh.htm	0	0.0	0	0	0	0.0	0	0	0	0.0	10	0.0	0.16363636363636364	0.36	0.24324324324324326
430	http://www.runnings.com/store-locations/runnings-of-claremont-nh.htm	0	0.0	0	0	0	0.0	0	0	0	0.0	10	0.0	0.16363636363636364	0.36	0.24324324324324326
431	http://www.filinvest.com.ph/claremont	0	0.0	0.0	0.0	0.0	0	0	0	0	0.0	14	0.0	0.36	0.5718697252908129	1.0
432	http://www.filinvest.com.ph/projects/residential	0	0.0	0	0.0	0	0	0	0	0	0	14	0.0	0.0	0.0	0.0
433	http://www.filinvest.com.ph/projects/residential/house-and-lot	0.0	0.0	0	0.0	0	0	0	0	0	0.0	14	0.0	0.0	0.0	0.0
434	http://mydeelux.com/claremont-ca/	0.06	0.0	0	0.14516129032258066	0.0	0	0	0	0	0	14	0.018329938900203666	0.375	0.0	0.16071428571428573
435	http://claremontpackinghouse.com/wp/	0	0.0	0.0	0	0.0	0	0	0	0	0	10	0.05013927576601671	0.3333333333333333	0.36136363636363633	0.1232876712328767
436	http://db.cs.berkeley.edu/claremont/	0	0	0.16363636363636364	0.0	0.0	0	0	0	0	0	1	0.5625	0.3333333333333333	0	0.21951219512195122
437	http://tunein.com/radio/KSPC-887-s35447/	0.08955223880597014	0.0	0.0	0.0	0.34615384615384615	0.0	0	0	0	0.21428571428571427	17	0.0	0.0	10.687556561085971	0.20454545454545456
438	http://www.synedgen.com/	0	0.0	0.0	0.0	0.0	0	0	0	0	0	4	0.0	0.0	0.0	0.0
439	http://www.candlelightpavilion.com/	0	0.015254237288135594	0.0	0	0	0	0	0	0	0	4	0	0.0	0.0	0.0
440	http://www.ourkiwanisauction.com/	0	0.0	0	0	0	0	0	0	0	0	2	0.28125	0.0	0	0.34615384615384615
441	http://claremonthistoricalsociety.org/	0.13432835820895522	0.0	0.1956521739130435	0	0	0.0	0	0	0	0.3671970624235006	1	0.39791967130172745	0.3	0	0.29508196721311475
442	http://www.lakeclaremont.com/	0.05625	0	0	0	0	0	0	0	0	0.0	0	0	0.5294117647058824	0	0.45
443	http://www.claremontmn.com/index.asp?Type=B_BASIC&SEC={5502C36C-2B71-4332-B82E-83918320ADEE}	0.45	0.0	0.0	0.0	0.0	0	0	0	0	0.6	51	0.13043478260869565	0.1125	3.6759803921568626	0.28125
444	http://claremontinteriors.com/	0	0.0	0.47368421052631576	0.05660377358490566	0.0	0	0	0	0	0	12	1.0500535107962825	0.4090909090909091	0.0661764705882353	0.47368421052631576
445	http://www.cvhvet.com/	0	0.0	0	0	0	0	0	0	0	0	4	0.6100831496694049	0.0	0.0	0.0
446	http://cscclub.org/	0	0	0	0	0	0	0	0	0	0	1	0.0	0.0	0	0.3
447	http://www.claremonthotel.com.au/	0	0.0	0.3	0	0	0	0	0	0	0	2	0.04017857142857143	0.42857142857142855	0.0	0.6
448	http://www.ivywalkhomes.com/	0.07142857142857142	0.0	0.0	0.0	0	0	0.0	0	0	0	4	0.1913354763296318	0.0	0.0	0.21428571428571427
449	http://www.ebparks.org/parks/claremont_canyon	0	0.0	0.2647058823529412	0.0	0	0.0	0	0	0	0	41	0.4098320351399293	0.28125	0	0.2647058823529412
450	http://www.eurekarestaurantgroup.com/	0.0	0.0	0	0	0	0	0	0	0	0	2	0	0.0	0	0.0
451	http://www.carlislehomes.com.au/home-designs/claremont/	0.0	0.0	1.0	0.6915485829959513	0.0	0.3333333333333333	0	0.0	0	0	38	0.32012390514847255	0.21951219512195122	2.0	0.9
452	http://www.carlislehomes.com.au/home-designs/claremont/	0.0	0.0	1.0	0.6915485829959513	0.0	0.3333333333333333	0	0.0	0	0	38	0.32012390514847255	0.21951219512195122	2.0	0.9
453	http://www.zippyhandyman.com/tag/interior-door-installation-claremont-ca/	0	0.3673469387755102	0.20454545454545456	0.3103448275862069	0.3103448275862069	0.2903225806451613	0.2571428571428571	0.0	0	0	69	1.0079839969917794	0.15254237288135594	1.2696611898739558	0.225
454	http://www.claremontlittleleague.org/	0	0.0	0.36	0.391304347826087	0.0	0	0	0	0	0	19	0.0	0.36	0.21428571428571427	0.2571428571428571
455	http://www.photobucket.com/images/claremont/	0.12162162162162163	0.0	0.0	0	0	0	0	0	0	0.0	53	0.0	0.3	0.05389221556886228	0.3333333333333333
456	http://claremontlac.com.au/	0	0.17094017094017094	0.0	0	0.0	0	0	0	0	0	1	0.05454545454545454	0.47368421052631576	0.0	0.23684210526315788
457	http://www.claremontserenitydentistry.com/	0.05027932960893855	0.0	0	0.0	0	0	0	0	0	0.14634146341463414	12	0.05202312138728324	0.3	0.9	0.3525423728813559
458	http://claremontpackinghouse.com/	0	0	0	0	0	0	0	0	0	0	0	0	0.36	0	0.0
459	http://www.4icu.org/reviews/5050.htm	0.05113636363636364	0.0	0	0	0	0.0	1.0789473684210527	0.0	0	0	17	0.02891566265060241	0.0	0.0	0.25
460	http://www.4icu.org/North-America/	0.0	0.0	0	0	0	0	0	0	0	0	8	0	0.0	0	0.0
461	http://www.4icu.org/us/index.html	0.0	0.0	0	0.0	0	0	0	0.0	0	0	8	0	0.0	0	0.0
462	http://www.claremontservice.com/	0.0	0.0	0	0	0.0	0	0.375	0	0	0.0	2	0.6147808186933318	0.45	1.8903077824049974	0.0
463	http://claramountinn.com/	0.0	0.0	0.0	0	0.0	0.0	0	0	0	0	2	0.0	0.0	0.0	0.0
464	http://www.ecoterracompoundingrx.com/	0.0	0.0	0.0	0	0	0	0	0	0	0.0	1	0.0	0.0	0.0	0.0
465	http://claremontblackpool.net/	0	0.0	0.0	0.0	0.6428571428571429	0	0	0	0	0	7	0.3662337662337662	0.4090909090909091	0.0	0.2571428571428571
466	http://www.lantzdiamondcenter.com/	0.0782608695652174	0.0	0	0	0	0.0	0.0	0	0	0.0	7	0.0	0.0	0.0	0.11842105263157894
467	http://www.claremontgroup.com/	0	0.0	0	0.2727272727272727	0	0	0	0	0	0	3	0.443093323022671	0.5	0	0.6
470	http://lonelyclaremontnewhampshiregirls.dtlinepf.com/	0.05142857142857143	0.0	0.25	0.25	0.25	0	0	0	0	0.25	9	0.031914893617021274	0.2	0.0	0.16363636363636364
471	https://www.linkedin.com/company/claremont-group-interiors	0.12413793103448276	0.0	0	0.0	0	0	0	0	0	0	33	0	0.20454545454545456	0.0	0.45
472	http://qlrc.cgu.edu/about.htm	0	0.0	0.0	0	0.0	0	0	0	0	0	4	0.5198091382301908	0.0	0	0.0
473	http://www.4sportspros.com/	0.04455445544554455	0.03383458646616541	0.0	0.0	0.0	0.0	0	0	0	0	57	0.0	0.0	0.0	0.08411214953271028
474	http://www.claremontnottingham.co.uk/	0.25	0.0	0	0.0	0	0	0	0	0	0.25	7	0.0	0.36	0.25	0.20930232558139536
475	http://www.claremontnottingham.co.uk/	0.25	0.0	0	0.0	0	0	0	0	0	0.25	7	0.0	0.36	0.25	0.20930232558139536
476	http://www.claremontlibrary.org/	0	0.23076923076923078	0	0	0	0	0	0	0	0	7	0	0.45	0.5205882352941177	0.0
477	http://www.whereis.com/qld/clermont-4721	0.0	0.0	0.0	0.0	0.0	0	0	0	0	0.0	10	0.0	0.0	0.0	0.0
478	http://www.whereis.com/qld	0.0	0.0	0.0	0.0	0.0	0	0	0	0	0.0	10	0.0	0.0	0.0	0.0
479	http://www.seniorhousingnet.com/seniorliving-search/claremont_ca	0.06474820143884892	0.06818181818181818	0.391304347826087	0.0	0.0	0	0.0	0	0	0	32	0.0	0.17647058823529413	2.0	0.12857142857142856
480	http://www.claremontchorale.org/	0	0.09375	0.0	0	0	0	0	0	0	0	7	0.3	0.45	0.140625	0.42857142857142855
481	http://www.ccclaremont.org/	0	0.0	0	0.0	0.0	0.0	0	0	0	0	1	0.10227272727272728	0.6	0	0.36
482	http://www.richardclaremont.com/	0.10344827586206896	0.0	0	0	0	0	0	0	0	0	0	0.0	0.45	0.5294117647058824	0.4864864864864865
483	http://tvtropes.org/pmwiki/pmwiki.php/Creator/ChrisClaremont	0.05732484076433121	0.0	0.0	0.0	0.0	0.0	0	0	0	0	92	0.0	0.1836734693877551	0.75	0.24324324324324326
484	http://colleges.startclass.com/l/312/Claremont-McKenna-College	0.06206896551724138	6.470250189861067	0.0	0.0	0.0	0	0	0.0	0	0.0	198	3.0334294578209673	0.17307692307692307	1.1033484615064328	0.20454545454545456
485	http://claremontvw.co.za/	0	0.225	0	0	0	0	0	0	0	0.017578125	0	0.0	0.5294117647058824	0.0	0.36
486	http://claremontvw.co.za/	0	0.225	0	0	0	0	0	0	0	0.017578125	0	0.0	0.5294117647058824	0.0	0.36
487	https://www.claremontrealtygroup.com/contact.html	0	0.0	0.0	0.0	0.4090909090909091	0	0	0	0	0	0	0.0	0.25	0.7840909090909092	0.0
488	http://www.pensketruckrental.com/locations/new_hampshire/claremont/621021/	0.0371900826446281	0.0	0.0	0.0	0.0	0	0.0	0	0	0.16822429906542055	106	0.0	0.15517241379310345	2.0	0.16071428571428573
489	http://www.pensketruckrental.com/locations/new_hampshire/	0.0	0.0	0.0	0.0	0	0.0	0.0	0	0	0.0	122	0.0	0.0	0.0	0.0
490	http://www.pensketruckrental.com/locations/new_hampshire/claremont/	0.03862660944206009	0.0	0.0	0.18	0.17307692307692307	0.0	0.0	0	0	0.2109375	105	0.0	0.17307692307692307	1.0	0.16981132075471697
491	http://claremont-school.com/	0.0	0.0	0	0.0	0	0	0	0	0	0.09183673469387756	8	0.5234756294606997	0.45	0.3	0.18947368421052632
492	http://www.homeinthefingerlakes.com/claremont-salad/	0.06716417910447761	0.6	0.6	0	0.0	0.0	0	0.0	0	0	60	0.5551563906410317	0.23076923076923078	0.0	1.2
493	http://www.eexpressdjs.com/	0.0	0.0	0	0	0	0	0	0	0	0.07758620689655173	0	0	0.0	0	0.15254237288135594
494	http://nh.tributes.com/browse_obituaries?city=Claremont&state=NH	0	0.0	0.18	0.0	0	0	0	0	0	0.0	32	0.043478260869565216	0.16071428571428573	0.0	0.15517241379310345
495	http://www.stevensalumninh.com/	0	0.0	0	0	0	0	0	0	0	0	38	1.461804284371444	0.0	3.558076923076923	0.1323529411764706
496	http://www.klaremont.com/	0.0	0.0	0	0.0	0	0	0	0	0	0.0	4	0	0.0	0.0	0.0
497	https://twitter.com/ClaremontFarm	0.12735849056603774	0.10344827586206896	0.0	0.36	0.15517241379310345	0.0	0	0	0	0	29	3.84806241703502	0.375	2.4475853094274145	0.43902439024390244
498	http://www.claremontfc.com.au/the-club/history/	0	0.0	0.4090909090909091	0	0.0	0.0	0	0	0	0	116	4.502459621971354	0.2727272727272727	0.0	0.375
499	http://www.claremontcricketclub.com/	0	0.0	0.0	0	0.0	0	0	0	0	0	28	1.391497440171947	0.375	0.10344827586206896	0.4090909090909091
500	http://www.realestate.com.au/buy/in-claremont%2c+wa+6010/list-1	0.11688311688311688	1.0	0.0	0	0.6200607902735562	0	0.8191287878787878	0	0	0	54	0.0	0.1836734693877551	0.125	0.13043478260869565
501	http://heirloomclaremont.com/	0	0.0	0	0	0	0	0	0	0	0	5	0	0.42857142857142855	0.037037037037037035	0.0
502	http://www.claremontandmay.com/	0.0	0.0	0	0	0.0	0.0	0	0	0	0.6	3	0.0	0.47368421052631576	0.0	0.12162162162162163
503	http://www.claremontfarms.com/	0.0	0.0	0	0.0	0	0	0	0	0	0.0	3	0.18759837937849877	0.5	0.0	0.17647058823529413
506	http://www.claremontdentalperth.com.au/	0.061224489795918366	0.5897582633778469	0	0.0	0.10344827586206896	0	0.0	0	0	0	5	0.2727272727272727	0.3333333333333333	0.0	0.0
507	https://trca.ca/learning/facilities/claremont-field-centre/	0	0.0	0.4090909090909091	0.0	0.0	0.0	0.0	0	0	0	403	0.6137100017234446	0.19148936170212766	0.769090909090909	0.13636363636363635
508	https://trca.ca/learning/	0	0.0	0.0	0.25	0.0	0.0	0.08571428571428572	0	0	0	288	0.0	0.0	0.0	0.0
509	https://trca.ca/learning/facilities/	0	0.0	0.0	0	0.0	0.0	0	0	0	0	276	0.0	0.0	0.0	0.0
510	https://trca.ca/learning/facilities/claremont-field-centre/	0	0.0	0.4090909090909091	0.0	0.0	0.0	0.0	0	0	0	403	0.6137100017234446	0.19148936170212766	0.769090909090909	0.13636363636363635
511	https://trca.ca/learning/	0	0.0	0.0	0.25	0.0	0.0	0.08571428571428572	0	0	0	288	0.0	0.0	0.0	0.0
512	https://trca.ca/learning/facilities/	0	0.0	0.0	0	0.0	0.0	0	0	0	0	276	0.0	0.0	0.0	0.0
514	http://www.claremont.lu/	0	0.0	0.225	0	0	0.0	0	0.3103448275862069	0	0	0	0	0.75	0.0	0.2903225806451613
515	http://www.claremontso.org/youth-symphony.html	0.0703125	0.0	0	0.0	0	0	0	0	0	0.10778443113772455	6	0	0.2647058823529412	0.32142857142857145	0.28125
516	http://www.ucomparehealthcare.com/nhs/claremont_rehab_and_living_center/	0.10404624277456648	0.0	0.21428571428571427	0.36	0.5625	0.0	0	0	0	0	5	0.9279634946677604	0.15517241379310345	1.125	0.5625
517	http://www.ucomparehealthcare.com/nhs/illinois/buffalo_grove.html	0.0	0.0	0.0	0.5625	0.0	0.0	0	0	0	0	3	0.0	0.0	0.0	0.0
518	http://www.claremontconservative.com/	0	0.06923076923076923	0	0.7762237762237763	0.0	0	0	0	0	0	54	0.0	0.36	0.0	0.34615384615384615
519	http://clarmindcontrol.blogspot.com/	0	0.18460957845834502	0	0.0	0.0	0	0	0	0	0	81	0	0.0	0.0	0.24324324324324326
520	http://friendsoflakeclaremont.org/	0	0.7011870010723221	0	0	0.0	0	0	0	0	0	2	0	0.34615384615384615	0.05921052631578947	0.3333333333333333
522	https://claremont56.bandcamp.com/	0.1836734693877551	0.0	0	0	0.0	0	0	0	0	0	8	0.10843373493975904	0.375	0.75	0.45
523	http://www.claremontvillagefamilydental.com/	0.08181818181818182	0.0	0.19148936170212766	0	0	0	0	0	0	0.11320754716981132	1	0.5294117647058824	0.28125	0.03982300884955752	0.19148936170212766
524	http://floristclaremontnh.flowerspnk.com/	0.06870229007633588	0.0	0.45	0.45	0.45	0	0	0	0	0.45	11	0.04072398190045249	0.2727272727272727	0.0	0.225
525	http://postcodez.com.au/postcode/wa/claremont	0.13043478260869565	0.0	0.391304347826087	0	0	0	0	0	0	0	24	0.08463949843260188	0.2571428571428571	0.0	0.391304347826087
526	http://claremontpolymer.com/	0.02425876010781671	0.0	0.2571428571428571	0	0	0	0	0	0	0.027777777777777776	3	0.0	0.45	0	0.1111111111111111
527	http://www.signalbox.org/overseas/australia/clmnt.htm	0.08411214953271028	0	0.45	0.0	0.0	0	0	0	0	0.11688311688311688	1	0.8119402038866297	0.0	0	0.21428571428571427
528	http://www.claremontprime.com/	0	0.4475806451612903	0	0	0	0	0	0	0	0	1	0.08108108108108109	0.5	0.0	0.14754098360655737
529	http://www.claremontfarm.co.uk/	0	0.6428571428571429	0.0	0.0	0.0	0	0	0	0	0	8	0.06206896551724138	0.47368421052631576	0.0	0.42857142857142855
530	http://claremontjournal.com/	0	0.0	0.0	0	0	0.0	0	0	0	0	4	0.0	0.45	0.0	0.08411214953271028
531	http://www.goldencrossamb.com/	0	0.0	0.0	0.0	0.0	0	0	0	0	0	19	0.0	0.0	0.0	0.0
532	http://www.ipn.com.au/gp/wa-claremont-claremont-medical-centre/	0	0.0	0.375	0.1836734693877551	0	0	0.0	0	0	0	30	0.23745116775807312	0.3673469387755102	3.0	0.375
533	http://www.ipn.com.au/gp/wa-claremont-claremont-medical-centre/	0	0.0	0.375	0.1836734693877551	0	0	0.0	0	0	0	30	0.23745116775807312	0.3673469387755102	3.0	0.375
534	http://www.darvishrestaurant.com/	0.09183673469387756	0	0.06569343065693431	0.07627118644067797	0	0	0	0	0	0.12080536912751678	4	0.0	0.0	0.0	0.09375
535	http://www.lifehealthcare.co.za/hospitals/DisplayHospital.aspx?nHospitalId=55	0	0.0	0	0.0	0.0	0	0.0	0	0	0	8	0.0	0.0	0	0.0
536	http://www.claremont-project.org/	0	0.0	0.0	0.0	0.0	0	0	0	0	0	7	0.8904513998927818	0.42857142857142855	0.0391304347826087	0.375
537	http://eventful.com/claremont/events	0.12	0.0	0.3103448275862069	0.0	0.0	0	0	0	0	0	176	0.0	0.3333333333333333	1.3846153846153846	0.11538461538461539
538	http://maladialyme.org/784-supplement-tx68-mckenna-2016-essay-claremont	0	0.0	0	0.20454545454545456	0.0	0	0	0	0	0	29	0.0	0.14285714285714285	0.20454545454545456	0.20454545454545456
539	http://www.colorado.com/bed-and-breakfast/claremont-inn-winery	0	0.842857142857143	0.6428571428571429	0.0	0.0	0	0	0	0	0	13	0.1267605633802817	0.1836734693877551	0.0	0.6428571428571429
540	http://www.claremart.co.za/	0.0	0.0	0	0.0	0.0	0.0	0	0	0	0.0	5	0.0	0.0	0.0	0.0
541	http://www.claremontaptskc.com/	0.12	0.0	0.3103448275862069	0.0	0	0	0	0	0	0.08256880733944955	7	0.010169491525423728	0.47368421052631576	0.0	0.15
543	http://www.rent.com/california/upland-apartments/parc-claremont-apartments-4-437986	0.05263157894736842	0.0	0.36	0.0	0.0	0.0	0	0.0	0	0	9	0.04655172413793104	0.13043478260869565	0.5294117647058824	0.10588235294117647
544	http://www.rent.com/california/1-19	0.0	0.0	0.0	0.0	0.0	0	0	0.0	0	0	9	0.0	0.0	0.0	0.0
545	http://www.rent.com/california/upland-apartments/2-1579	0.0	0.0	0.0	0.0	0.0	0.0	0	0.0	0	0	13	0.0	0.0	0.0	0.0
546	http://www.travelmath.com/drive-distance/from/Claremont,+CA/to/San+Diego,+CA	0.09523809523809523	0.0	0	0.749189335254909	0.0	0	0	0	0	0	58	0.2532467532467532	0.15	0.0	0.17307692307692307
547	http://www.palosstudio.com/	0	0.0	0	0.0	0.0	0	0.0	0	0	0	11	0.0	0.0	0.0	0.06428571428571428
548	http://movies.eventful.com/theaters-showtimes/claremont-cinema-6-/T0-001-000001967-2	0.05202312138728324	0.0	0.5	0.3103448275862069	0.16071428571428573	0.0	0	0	0	0	164	0.0	0.12162162162162163	1.3103448275862069	0.3103448275862069
549	http://movies.eventful.com/claremont_nh/theaters-showtimes	0.0645933014354067	0.0	0.0	0.0	0.0	0.0	0	0	0	0	90	0.0	0.1836734693877551	3.313186813186813	0.2903225806451613
550	http://www.thepocketclaremont.com.au/	0	2.6564303982462554	0.0	0.0	0.0	0	0.0	0.0	0	0	11	0.4674048958784206	0.36	0.0	0.8571428571428571
551	http://www.theclaremont.co.nz/	0.11042944785276074	0.2903225806451613	0.0	0.2571428571428571	0	0	0	0	0	0.04	5	0.18049216390867415	0.5	0.0	0.09782608695652174
552	http://www.claremontgi.com/contact-us/	0.06382978723404255	0.0	0.0	0	0.0	0.0	0.0	0	0	0	59	1.45	0.36	0.12	0.12857142857142856
553	http://claremontconsulting.org/	0	0.0	0.2903225806451613	0.0	0.0	0	0	0	0	0	11	0.3112244897959184	0.391304347826087	0	0.45
554	http://www.claremontapartments.net.au/	0.12162162162162163	0.0	0.45	0.21428571428571427	0	0	0	0	0	0.09278350515463918	1	0.23678571428571427	0.34615384615384615	0.0	0.45
555	http://www.claremontyachtclub.org.au/	0.45	0.3893844781445138	0	0	0	0	0	0	0	0.45	5	0.0	0.36	0.0	0.36
556	http://www.claremonttennis.webeden.co.uk/	0.28125	0.0	0.0	0	0	0	0	0	0	0.08823529411764706	3	0.0	0.3103448275862069	0.8021390374331551	0.23076923076923078
557	http://neuroeconomicstudies.org/	0.03435114503816794	0.0	0	0	0.0	0	0	0	0	0.03435114503816794	53	0.0	0.0	0.0	0.0
559	http://www.clairmontcake.co.id/	0.0	0.0	0	0	0.0	0	0	0	0	0.0	11	0.0	0.0	0.0	0.0
561	http://claremontclothing.com/	0.0	0.0	0	0	0	0	0	0	0	0.0	9	0.0	0.42857142857142855	0.391304347826087	0.23076923076923078
562	http://www.lemongrassthai-claremont.com.au/	0.1125	0.0	0.24324324324324326	0.0	0.0	0.0	0	0	0	0	11	0.24863685932388221	0.2903225806451613	2.6	0.34615384615384615
563	http://igodcreated.com/essay-on-mckenna-699-claremont-leadership	0	0.0	0.4864864864864865	0.24324324324324326	0.0	0	0	0	0	0	28	0.0	0.16071428571428573	0.24324324324324326	0.24324324324324326
564	http://www.epodunk.com/cgi-bin/genInfo.php?locIndex=10000	0.06666666666666667	2.336904761904762	0.24324324324324326	0.32142857142857145	0.0	0	0	0	0	0.34615384615384615	180	1.3146185525847176	0.0	0	0.1875
565	http://www.epodunk.com/counties/ca_county.html	0.0	0.0	0	0	0	0	0	0	0	0.0	7	0.0	0.0	0	0.0
566	http://www.epodunk.com/cgi-bin/genInfo.php?locIndex=10443	0.0	0.0	0.0	0.0	0.0	0	0	0	0	0.0	106	0.03488372093023256	0.0	0	0.0
567	http://www.claremontjfc.com.au/	0.1125	0.0	0.0	0	0.0	0	0	0.0	0	0.23893805309734514	39	0.27976432344575375	0.47368421052631576	0.0	0.3673469387755102
568	http://www.claremontjfc.com.au/	0.1125	0.0	0.0	0	0.0	0	0	0.0	0	0.23893805309734514	39	0.27976432344575375	0.47368421052631576	0.0	0.3673469387755102
569	http://claremontcomms.com/about/	0	0.0	0.6	0.0	0.09183673469387756	0	0	0	0	0	20	0.4938880167451596	0.391304347826087	0.43074324324324326	0.6666666666666666
570	http://www.claremontgolf.com.au/	0	0.0	0.0	0	0	0.0	0	0	0	0.11538461538461539	16	0.0	0.45	0.36	0.3829787234042553
571	http://www.youtube.com/watch?v=EdS6w9fllHw	0.05625	0.0	0.0	0.0	0.0	0.0	0	0	0	0.08411214953271028	8	0.026392961876832845	0.0	0.6106276472853291	0.16363636363636364
572	http://claremontrotary.org.au/	0.039647577092511016	0.17307692307692307	0.3333333333333333	0	0.0	0	0	0	0	0	4	0.0	0.4090909090909091	0.0	0.3
573	http://www.claremontmasters.org/	0.13432835820895522	1.3097374452173214	0.0	0	0.0	0	0	0	0	0.0	3	0.3333333333333333	0.45	0.0	0.0
574	http://www.claremontcreek.com/view.cfm/15/Our-Team	0.07258064516129033	0.0	0.0	0.0	0	0	0	0	0	0.06521739130434782	1	0.02102803738317757	0.25	0.42857142857142855	0.140625
575	http://claremontcars.com/	0	0.0	0	0	0	0	0	0	0	0.5294117647058824	0	0.6428571428571429	0.5294117647058824	0	0.47368421052631576
576	http://www.durandtoyota.com/	0.07659574468085106	0.0	0.15126050420168066	0.15126050420168066	0.0	0.0	0	0	0	0.08256880733944955	33	0.0	0.0	0.6923076923076923	0.12949640287769784
577	http://www.southeycottage.co.za/	0.061224489795918366	0.0313588850174216	0.0	0	0.0	0	0	0	0	0.19285714285714287	4	0.046153846153846156	0.0	0.0	0.9
578	http://www.southeycottage.co.za/	0.061224489795918366	0.0313588850174216	0.0	0	0.0	0	0	0	0	0.19285714285714287	4	0.046153846153846156	0.0	0.0	0.9
579	http://whatpostcode.com.au/postcodes/wa/claremont	0.1258741258741259	0.0	0.391304347826087	0	0.0	0	0	0	0	0	0	0.1978021978021978	0.23076923076923078	0	0.391304347826087
580	http://lifecaredesign.com/873-supplemental-mckenna-claremont-essay	0	0.0	0.15789473684210525	0	0.0	0.0	0	0	0	0	48	0.0	0.15517241379310345	0.25	0.19148936170212766
581	http://secure-easy-loan.com/Claremont-Installment-Loans.bing	0.13333333333333333	0.0156794425087108	0.0	0.3333333333333333	0.18	0	0	0	0	0.3333333333333333	5	0.3550200803212851	0.17307692307692307	0	0.17647058823529413
582	http://www.embroidmeclaremont.com.au/	0	0.0	0	0.0	0.0	0	0	0	0	0	9	0.703484276620169	0.36	0.6923076923076923	0.0989010989010989
584	http://www.carehome.co.uk/carehome.cfm/searchazref/20003020CLAB	0.12442396313364056	0.0	0.0	0.19148936170212766	0	0	0	0	0	0.24107142857142858	167	1.851407425347087	0.0	0.6666666666666666	0.12
585	http://greetingsfrombessemer.com/essay-569-claremont-admissions-mckenna	0	0.0	0.2647058823529412	0	0	0	0	0	0	0	11	0.0	0.14285714285714285	0.2647058823529412	0.2647058823529412
586	http://claremont.corvette.co.uk/?cat=4	0	0.0	0	0	0	0	0	0	0	0	112	0.01939655172413793	0.3	0.0	0.47368421052631576
587	http://claremont.corvette.co.uk/?cat=4	0	0.0	0	0	0	0	0	0	0	0	112	0.01939655172413793	0.3	0.0	0.47368421052631576
588	http://www.cedg-design.com/	0	0	0	0	0	0	0	0	0	0	0	0	0.0	0	0.0
589	http://www.claremontgroup.co.uk/	0	0.0	0	0	0	0	0	0	0	0	3	0.0	0.45	0	0.375
590	http://homes.trovit.co.za/for-rent-claremont-cape-town	0.15	0.0	0.28125	0	0.0	0	0	0	0	0	94	0.06206896551724138	0.1956521739130435	1.4736842105263157	0.225
591	http://www.claremontfarm.co.uk/fishing/	0	0.6428571428571429	0.0	0.0	0.0	0	0	0	0	0	42	0.0	0.34615384615384615	0.06293706293706294	0.375
592	http://www.zenithmusic.com/	0	0.0	0.0	0.0	0.0	0	0	0	0	0	5	0.18043890146471914	0.0	0.0	0.0
593	http://www.claremontfirearms.com.au/	0	0.18	0	0.3103448275862069	0.0	0.0	0	0	0	0	1	0.0	0.375	0.25	0.36
594	http://founding.com/	0	0.1232876712328767	0.0	0.0	0	0	0	0	0	0	3	0	0.0	0.0	0.24324324324324326
595	http://claremontroadrunners.co.uk/	0	0.0	0	0	0.719435736677116	0	0	0	0	0	7	0.7487466245146318	0.34615384615384615	0.0	0.4090909090909091
596	http://claremontinn.co.uk/	0.06293706293706294	0.0	1.0588235294117647	0.0	0	0	0	0	0	0	2	0.0968441757542449	0.5	0.0	0.23684210526315788
597	http://support.planetary.org/site/R?i=Bwdypsy_WCl0wcDeecRUQQ	0.0	0.0	0	0	0.24324324324324326	0	0	0	0	0.0	76	0.0	0.0	1.5	0.0
598	http://www.claremont-high.org.uk/Contact/	0.0782608695652174	0.0	0.0	0.0	0	0	0	0	0	0.14754098360655737	2	0.4509698275862069	0.32142857142857145	0.0	0.2
599	http://claremontsurety.com/	0.16666666666666666	0.0	0	0.32142857142857145	0	0	0	0	0	0.0	3	0.3586854460093897	0.47368421052631576	0.0	0.16666666666666666
600	http://www.claremontcoachworks.co.za/	0.06818181818181818	0.0	0	0.0	0.0	0	0	0	0	0.09375	50	0.20454545454545456	0.36	0.0	0.45
601	http://www.claremontcapital.com/	0	0.0	0	0	0	0	0	0	0	0	1	0.23076923076923078	0.45	0	0.3103448275862069
602	http://www.carehome.co.uk/carehome.cfm/searchazref/20001510CLAB	0.13636363636363635	0.0	0.0	0.21428571428571427	0	0	0	0	0	0.2903225806451613	161	1.0728575557508644	0.0	0.8181818181818182	0.0989010989010989
603	http://www.claremontrailwayltc.com/	0	0	0	0	0	0	0	0	0	0	0	0	0.391304347826087	0	0.47368421052631576
604	https://www.claremont-collection.de/	0	0.0	0.0	0	0	0	0	0	0	0	2	0	0.391304347826087	0	0.3103448275862069
605	http://www.mtclaremontfarmersmarket.com.au/	0.0	0.17647058823529413	0.3333333333333333	0.0	0	0	0	0	0	0	3	0.043795620437956206	0.2903225806451613	0	0.13846153846153847
606	http://stjohnslcms.tripod.com/	0	0.0	0	0	0	0	0	0	0	0	6	0.0	0.0	0	0.21428571428571427
607	http://claremonthouse.com.au/history/	0.45	0.0	0.0	0.0	0.0	0	0	0	0	0.4864864864864865	33	0.3060776752314514	0.32142857142857145	0.0	0.36
608	http://www.claremontmotors.co.uk/index.php	0.05625	0.1232876712328767	0	0.0	0	0	0	0	0	0.0	5	0.0823639774859287	0.3	0.0	0.0
609	http://claremontofficefurniture.com/	0	0.0	0	0	0.0	0	0	0	0	0	8	0.07692307692307693	0.32142857142857145	0	0.2571428571428571
610	http://www.claremont.perth.anglican.org/	0.0	0.0	0.0	0.0	0	0	0	0	0	0.16265060240963855	5	0.11538461538461539	0.32142857142857145	0.0	0.3
611	http://www.claremontshowground.com.au/	0	0.0	0.06040268456375839	0.0	0	0	0	0	0	0	2	0.49191259031033896	0.34615384615384615	0.34615384615384615	0.36
612	http://www.claremonthomes.co.uk/	0.059602649006622516	0.0	0	0	0.04285714285714286	0	0	0	0	0	1	0	0.45	0.5294117647058824	0.0
613	http://claremont.corvette.co.uk/	0	0.0	0	0	0.3103448275862069	0	0	0	0	0	2	0.012857142857142857	0.375	0.0	0.5
614	http://www.claremontr.co.uk/	0	0	0	0	0	0	0	0	0	0	0	0.0	0.5625	0	0.0
615	http://www.claremontmethodist.org.za/	0	0.19148936170212766	0	0	0	0	0	0	0	0	7	0	0.36	0.0	0.34615384615384615
616	http://www.baptistchurch.co.za/	0.0	0.2903225806451613	0	0.0	0	0	0	0	0	0.036	2	0	0.0	0.375	0.2903225806451613
617	http://claremont.postalcodez.co.za/postalcode/wc/city-of-cape-town/cape-town/claremont	0.13432835820895522	0.0	0.34615384615384615	0	0	0	0	0	0	0	53	0.06293706293706294	0.24324324324324326	0.0	0.34615384615384615
618	http://4seasonscountryclub.ca/	0	0	0	0	0	0	0	0	0	0	0	0	0.0	0	0.0
619	http://www.claremont.nsw.edu.au/school_services.html	0.06976744186046512	0.0	0	0	0	0	0	0	0	0.06766917293233082	5	0.21053351573187415	0.225	0.0	0.11538461538461539
620	http://www.claremont-ingredients.co.uk/about.html	0	0.05921052631578947	0	0	0	0	0	0	0	0	0	0.024725274725274724	0.24324324324324326	0	0.28125
621	http://www.claremontmedicalpractice.co.uk/	0	0.0	0.24324324324324326	0.24324324324324326	0.0	0.0	0	0	0	0	19	0.3446389546225473	0.3	0.0	0.2
622	http://claremontmanor.com.au/	0	0.0	0.6	0.3	0.0	0	0	0	0	0	0	0.450302866867747	0.42857142857142855	0.0	0.6
623	http://claremontchorale.blogspot.com/	0	0.0	0.32142857142857145	0.0	0.0	0	0	0	0	0	42	0	0.3103448275862069	0.0703125	0.34615384615384615
624	http://claremontcyclist.blogspot.com/	0	0.0	0.4090909090909091	0.45	0.0	0	0	0	0	0	186	0	0.3103448275862069	0.5003842326404246	0.45
625	http://www.claremontm-p.schools.nsw.edu.au/	0.03643724696356275	0.0	0	0.0	0.0	0	0	0	0	0	11	0.0	0.2903225806451613	0.11751832804464384	0.23684210526315788
626	http://www.claremontoptical.com.au/	0.07894736842105263	0.0	0.3673469387755102	0	0	0	0	0	0	0.15606936416184972	5	0.0	0.391304347826087	0.29792490118577075	0.1651376146788991
627	http://www.claremontr.co.uk/	0	0	0	0	0	0	0	0	0	0	0	0.0	0.5625	0	0.0
628	http://www.claremontmethodist.org.za/	0	0.19148936170212766	0	0	0	0	0	0	0	0	7	0	0.36	0.0	0.34615384615384615
629	http://www.baptistchurch.co.za/	0.0	0.2903225806451613	0	0.0	0	0	0	0	0	0.036	2	0	0.0	0.375	0.2903225806451613
630	http://claremont.postalcodez.co.za/postalcode/wc/city-of-cape-town/cape-town/claremont	0.13432835820895522	0.0	0.34615384615384615	0	0	0	0	0	0	0	53	0.06293706293706294	0.24324324324324326	0.0	0.34615384615384615
631	http://4seasonscountryclub.ca/	0	0	0	0	0	0	0	0	0	0	0	0	0.0	0	0.0
632	http://www.claremont.nsw.edu.au/school_services.html	0.06976744186046512	0.0	0	0	0	0	0	0	0	0.06766917293233082	5	0.21053351573187415	0.225	0.0	0.11538461538461539
633	http://www.claremont-ingredients.co.uk/about.html	0	0.05921052631578947	0	0	0	0	0	0	0	0	0	0.024725274725274724	0.24324324324324326	0	0.28125
634	http://www.claremontmedicalpractice.co.uk/	0	0.0	0.24324324324324326	0.24324324324324326	0.0	0.0	0	0	0	0	19	0.3446389546225473	0.3	0.0	0.2
635	http://claremontmanor.com.au/	0	0.0	0.6	0.3	0.0	0	0	0	0	0	0	0.450302866867747	0.42857142857142855	0.0	0.6
636	http://claremontchorale.blogspot.com/	0	0.0	0.32142857142857145	0.0	0.0	0	0	0	0	0	42	0	0.3103448275862069	0.0703125	0.34615384615384615
637	http://claremontcyclist.blogspot.com/	0	0.0	0.4090909090909091	0.45	0.0	0	0	0	0	0	186	0	0.3103448275862069	0.5003842326404246	0.45
638	http://www.claremontm-p.schools.nsw.edu.au/	0.03643724696356275	0.0	0	0.0	0.0	0	0	0	0	0	11	0.0	0.2903225806451613	0.11751832804464384	0.23684210526315788
639	http://www.claremontoptical.com.au/	0.07894736842105263	0.0	0.3673469387755102	0	0	0	0	0	0	0.15606936416184972	5	0.0	0.391304347826087	0.29792490118577075	0.1651376146788991
640	http://www.ishwa.com.au/	0	0.0	0.0	0.0	0.0	0.0	0	0	0	0	2	0.0	0.0	0.0	0.0
641	http://www.isleofman-claremont-hotel.com/	0	0.05278592375366569	0.0	0.0	0	0	0	0	0	0	13	0.3263851467379863	0.3103448275862069	0.591829332629913	0.10112359550561797
643	http://www.essencelifestyle.com.au/	0.06338028169014084	0.0	0.0	0	0.0	0.0	0	0	0	0.0	2	0.0	0.0	0.14521472392638035	0.0
644	http://www.hostelbookers.com/hostels/australia/melbourne/39195/	0.10112359550561797	0.0	0.16666666666666666	0.0	0.0	0.34615384615384615	0.0	0	0	0	53	0.09887678692988427	0.0	0.0	0.16071428571428573
645	http://coi.uk.com/office/	0.017509727626459144	0.016129032258064516	0.32142857142857145	0.23684210526315788	0	0.0	0	0	0	0.03829787234042553	19	0.15517241379310345	0.0	0.0	0.15254237288135594
646	http://www.bamco.com/	0.0	0.0	0.0	0.0	0.0	0	0.0	0.0	0	0	16	0.0	0.0	0.0	0.0
647	http://www.claremont-marquees.co.uk/	0.06569343065693431	0.11293436293436293	0.0	0.0	0.0	0	0	0	0	0	7	0.5567501337186709	0.375	0.0	0.2
648	http://www.claremontpreston.co.uk/	0.052941176470588235	0.0	0.0	0	0	0	0	0	0	0.025787965616045846	0	0.6857142857142857	0.4090909090909091	0.02142857142857143	0.21428571428571427
649	http://www.laterooms.com/en/hotel-reservations/90656_the-claremont-hotel-choice-hotels-blackpool.aspx	0.05202312138728324	0.0	0.24324324324324326	0.0	0.0	0.0	0	0	0	0.18947368421052632	6	0.029315960912052116	0.10344827586206896	0.25	0.20454545454545456
650	http://www.laterooms.com/en/r11424_hotels-in-lancashire.aspx	0.0	0.0	0.0	0.0	0.0	0	0	0	0	0.0	6	0.0	0.0	0.0	0.0
651	http://www.laterooms.com/en/k16280441_blackpool-hotels.aspx	0.0	0.0	0.0	0.0	0.0	0	0	0	0	0.0	32	0.0	0.0	0.0	0.0
652	http://www.claremontneuropsych.co.za/	0.05521472392638037	0.0	0	0	0	0	0.0	0	0	0.07758620689655173	0	0.0	0.36	0	0.3103448275862069
653	http://www.claremont-ingredients.co.uk/products/flavours.html	0	0.05921052631578947	0	0	0	0	0	0	0	0	0	0.0	0.1875	0	0.20930232558139536
654	http://www.claremontcarehome.co.uk/	0.06521739130434782	0.0	0	0	0	0	0	0	0	0.0	2	1.053009051290647	0.391304347826087	0.23076923076923078	0.34615384615384615
655	http://www.claremontconsulting.co.uk/	0	0.26395148968678384	0.0	0	0.058823529411764705	0	0	0	0	0	7	0	0.36	0.0	0.45
656	http://www.mcsetts.com.au/	0.15168539325842698	0.0	0.2571428571428571	0	0	0	0	0	0	0.13846153846153847	1	0.04433497536945813	0.0	0	0.29910044977511246
657	http://www.claremontcollection.com/	0.0	0.0	0.17647058823529413	0	0	0	0	0	0	0	1	0.0	0.391304347826087	0	0.42857142857142855
658	http://claremontnclions.lionwap.org/	0	0	0	0	0	0	0	0	0	0	7	0.0	0.32142857142857145	0	0.45
659	http://claremontfire.websyte.com.au/	0	0	0	0	0	0	0	0	0	0	4	0	0.32142857142857145	0.28125	0.1323529411764706
661	http://www.claremontmedicalcentre.co.uk/	0	0.0	0	0	0.0	0	0	0	0	0	9	0.0	0.32142857142857145	0.0	0.058823529411764705
662	http://www.claremontstud.co.nz/	0.0	0.0	0	0	0	0	0	0	0	0.04864864864864865	1	0.3	0.47368421052631576	0	0.2571428571428571
663	http://www.frhi.com/index.aspx?l=0,21,3266,3292,3506	0	0.0	0	0	0	0	0	0	0	0	1	0.4903095388767439	0.0	0.1836734693877551	0.16666666666666666
664	http://www.claremontm-p.schools.nsw.edu.au/contact-us	0	0.0	0.0	0.28125	0	0	0	0	0	0	33	0.2647058823529412	0.21951219512195122	0.0	0.20454545454545456
665	http://www.accurateelectricalservices.com/	0.0	0.0	0.0	0.0	0.0	0	0.0	0.0	0	0.0	11	0.0	0.0	0.0	0.0
666	http://www.claremontps.wcape.school.za/	0	0.0	0	0	0	0	0	0	0	0	0	0	0.3333333333333333	0.0	0.375
667	http://www.claremontwines.com.au/	0	0	0	0	0	0	0	0	0	0	0	0	0.42857142857142855	0.0	0.6
668	http://www.claremontdentalpractice.co.uk/	0.056962025316455694	0.0	0	0	0	0	0	0	0	0.0	7	0.24324324324324326	0.3103448275862069	0	0.0
669	http://www.claremontdentalpractice.co.uk/	0.056962025316455694	0.0	0	0	0	0	0	0	0	0.0	7	0.24324324324324326	0.3103448275862069	0	0.0
670	http://www.claremontschoolofart.com.au/	0.0	0.0	0	0.0	0	0	0.0	0	0	0.3333333333333333	0	0	0.3333333333333333	0.0	0.0
671	http://www.vetbexhill.co.uk/	0.0	0.0	0.34615384615384615	0.0	0	0	0	0	0	0.34615384615384615	14	0.3333333333333333	0.0	0.0	0.17647058823529413
672	http://www.claremontshowground.com.au/venues/robinson-pavilion	0	0.0	0.0	0.0	0	0	0	0	0	0	2	0.2782608695652174	0.1836734693877551	0.34615384615384615	0.16666666666666666
673	https://webapps.cmc.edu/jobs/	0	0.0	0.14516129032258066	0	0	0	0	0	0	0	1	0.24890661178286597	0.0	0	0.15517241379310345
675	http://www.claremont.se/	0	0.0	0.0	0.0	0.0	0.0	0	0	0	0	2	0.5585025926320533	0.75	0.0	1.0
676	http://eb5investmentsinfo.com/169-2016-supplement-silverado-mckenna-claremont-essay	0	0.0	0.3673469387755102	0.1836734693877551	0.0	0	0	0	0	0	22	0.0	0.12	0.1836734693877551	0.1836734693877551
677	https://de.wikipedia.org/wiki/Claremont_House	0	0.0	0.6	0.0	0.0	0	0	0	0	0	22	0.4131882006418305	0.2571428571428571	0.0	0.3333333333333333
678	http://www.abmc.org/	0	0	0	0	0	0	0	0	0	0	0	0	0.0	0	0.0
679	http://www.abmc.org/	0	0	0	0	0	0	0	0	0	0	0	0	0.0	0	0.0
