index	url	description	div	h1	h2	h3	h4	h5	h6	inbound_links	keywords	outbound_links	p	root	span	title
1	http://clearlake.ca.us/	0	0.07635837530811274	0.0	0	0.6	0.0	0	0	0	0.0	11	0	0.6	0.0	0.17647058823529413
2	https://www.tripadvisor.com/Tourism-g32218-Clearlake_Lake_County_California-Vacations.html	0.19852941176470587	0.8653225806451612	0.9285714285714286	0	0.7910847757671124	0	0	0	0	0.20930232558139536	1	0	0.11688311688311688	1.6923076923076925	0.3050847457627119
3	https://www.tripadvisor.com/Tourism-g28926-California-Vacations.html	0.0	0.0	0.0	0	0.0	0.0	0	0	0	0.0	1	0.0	0.0	0.0	0.0
4	https://www.tripadvisor.com/Tourism-g1757565-Lake_County_California-Vacations.html	0.0	0.0	0.0	0	0.0	0	0	0	0	0.0	1	0	0.0	0.0	0.0
5	http://www.parks.ca.gov/?page_id=473	0.0	0.0	0	0.0	0.0	0.0	0	0	0	0.0	26	0.0	0.0	0.0	0.0
6	http://www.clearlakeiowa.com/	0.0	0.0	0	0.0	0.0	0	0.0	0	0	0	11	0.0	0.5294117647058824	0.0	0.0
7	http://www.clearlake.ca.us/124/Community	0	0.0	0.0	0	0.6	0.0	0	0	0	0	12	0.8893844781445138	0.3333333333333333	0.0	0.20454545454545456
8	https://en.wikipedia.org/wiki/Clearlake,_California	0	0.16666666666666666	0.42857142857142855	0.0	0.0	0	0	0	0	0	56	1.3096205186880243	0.21951219512195122	0.42857142857142855	0.16071428571428573
9	https://en.wikipedia.org/wiki/Clear_Lake_(California)	0	0.0	0.0	0.0	0.0	0	0	0	0	0	73	0.0	0.20930232558139536	0.0	0.0
10	http://www.clearlakecapital.com/	0.07894736842105263	0.0	0.0	0	0	0	0	0	0	0.0	0	0	0.45	0.457403483992467	0.5294117647058824
11	http://www.clearlakearea.com/	0	0.0	0	0.0	0	0	0	0	0	0.0	11	0.0	0.5294117647058824	0	0.0
12	http://lakecounty.com/	0.0	0.0	0	0.0	0.0	0	0	0	0	0	11	0.0	0.0	0.0	0.0
13	http://www.clearlake.uk.com/	0	0.0	0	0	0	0	0	0	0	0	3	0.0	0.5625	0.0	0.0
14	http://www.clearlakecapital.com/portfolio.html	0.07894736842105263	0.0	0	0.0	0	0	0	0	0	0.0	39	0	0.2647058823529412	0	0.3103448275862069
15	https://www.tripadvisor.com/Attractions-g32218-Activities-Clearlake_Lake_County_California.html	0.10037174721189591	0.7714285714285714	0.6729559748427673	0.3	0	0	0	0	0	0.1485148514851485	1	0	0.10975609756097561	2.6923076923076925	0.140625
16	https://www.tripadvisor.com/Tourism-g1757565-Lake_County_California-Vacations.html	0.0	0.0	0.0	0	0.0	0	0	0	0	0.0	1	0	0.0	0.0	0.0
17	https://www.tripadvisor.com/Tourism-g32218-Clearlake_Lake_County_California-Vacations.html	0.19852941176470587	0.8653225806451612	0.9285714285714286	0	0.7910847757671124	0	0	0	0	0.20930232558139536	1	0	0.11688311688311688	1.6923076923076925	0.3050847457627119
18	http://www.city-data.com/city/Clearlake-California.html	0.23684210526315788	0.0	0	0	5.442410159570674	0	0	0	0	0	34	4.909607249946455	0.21428571428571427	0.42857142857142855	0.04736842105263158
19	http://www.zillow.com/clearlake-ca/	0.05732484076433121	0.026355731632023052	0.375	0	0	0.9022556390977443	0.0	0.0	0	0	102	0.0	0.4090909090909091	34.52268078118091	0.29508196721311475
20	http://discoverclearlake.com/lodging-page	0	0.0	0.0	0	0.0	0	0	0	0	0	56	0.0	0.2727272727272727	0.0	0.0
21	http://prtl.uhcl.edu/portal/page/portal/HOMEPAGE/	0	0.0	0	0	0	0	0	0	0	0	57	0	0.0	0.0	0.0
22	http://www.clearlakeshores-tx.gov/	0.0	0.0	0.0	0	0.0	0	0	0	0	0	8	0.0	0.4090909090909091	0.0	0.0
23	https://www.trulia.com/CA/Clearlake/	0.06923076923076923	22.12317813765182	0.3103448275862069	0.1956521739130435	0	0	0.0	0	0	0	4	0.0	0.42857142857142855	0.0	0.34615384615384615
24	http://discoverclearlake.com/	0	0.0	0.0	0.0	0	0.0	0	0	0	0	4	0.0	0.42857142857142855	0.0	0.0
25	http://wdfw.wa.gov/fishing/washington/115/	0	0.0	0	0	0.0	0	0	0	0	0	41	0.0	0.0	0.0	0.0
27	http://www.century21.com/real-estate/Clearlake-CA/LCCACLEARLAKE/	0.2076923076923077	4.3902439024390265	0.375	1.766304347826087	0.0	0.0	0	0	0	0.23893805309734514	27	0.0	0.3673469387755102	3.9375	0.53125
28	http://www.century21.com/real-estate/california/LSCA/	0.0	0.0	0.0	0.0	0.0	0.0	0	0	0	0.0	27	0.0	0.0	0.0	0.0
29	http://www.century21.com/real-estate/clearlake-ca/LCCACLEARLAKE/	0.2076923076923077	4.3902439024390265	0.375	1.766304347826087	0.0	0.0	0	0	0	0.23893805309734514	27	0.0	0.3673469387755102	3.9375	0.53125
30	http://clearlakermc.com/	0	0.0	0.0	0.0	0.0	3.0	0	0	0	0	60	0.0	0.5625	0.0	0.0
31	http://www.clearlake-wi.gov/	0	0.0	0.0	0	0	0	0	0	0	0	2	0.0	0.5625	0	0.0
32	http://www.co.lake.ca.us/	0.0	0.0	0.0	0.0	0	0	0	0	0	0	10	0.0	0.0	0.0	0.0
33	https://blackboard.uhcl.edu/	0	0.0	0.0	0.0	0	0.0	0	0	0	0.0	28	0.0	0.0	0.0	0.0
34	http://clearlakeindiana.org/fun/	0.12162162162162163	0.0	0	0	0	0	0	0	0	0.0625	26	0.0	0.391304347826087	0	0.14516129032258066
35	http://www.realtor.com/realestateandhomes-search/Clearlake_CA	0.16363636363636364	0.0	0.16071428571428573	0.6428571428571429	0.0	0.5550284629981025	0.0	0	0	0	97	0.41404388709661766	0.1875	16.335164835164836	0.34615384615384615
36	http://www.realtor.com/realestateandhomes-search/California	0.0	0.0	0.0	0	0.0	0.0	0.0	0	0	0	91	0.0	0.0	0.0	0.0
37	http://www.realtor.com/realestateandhomes-search/Lake-County_CA	0.0	0.0	0.0	0.0	0.0	0.0	0.0	0	0	0	97	0.0	0.0	4.0	0.0
38	http://www.accuweather.com/en/us/clearlake-ca/95422/weather-forecast/2155006	0.10588235294117647	0.0	0.6923076923076923	0.0	0.34615384615384615	0.0	0.0	0	0	0.1323529411764706	185	0.0	0.15254237288135594	0.5294117647058824	0.16666666666666666
39	http://www.accuweather.com/en/us/united-states-weather	0.0	0.0	0.0	0.0	0.0	0.0	0.0	0	0	0.0	160	0.0	0.0	0.0	0.0
40	http://www.accuweather.com/en/us/ca/california-weather	0.0	0.0	0	0.0	0.0	0.0	0.0	0	0	0	208	0.0	0.0	0.0	0.0
41	http://www.realtor.com/realestateandhomes-search/Clearlake_CA	0.18181818181818182	0.0	0.16071428571428573	0.6428571428571429	0.0	0.5550284629981025	0.0	0	0	0	97	0.5060182172427834	0.1875	16.335164835164836	0.34615384615384615
42	http://www.realtor.com/realestateandhomes-search/California	0.0	0.0	0.0	0	0.0	0.0	0.0	0	0	0	91	0.0	0.0	0.0	0.0
43	http://www.realtor.com/realestateandhomes-search/Lake-County_CA	0.0	0.0	0.0	0.0	0.0	0.0	0.0	0	0	0	97	0.0	0.0	4.0	0.0
44	http://www.accuweather.com/en/us/clearlake-ca/95422/weather-forecast/2155006	0.10588235294117647	0.0	0.6923076923076923	0.0	0.34615384615384615	0.0	0.0	0	0	0.1323529411764706	185	0.0	0.15254237288135594	0.5294117647058824	0.16666666666666666
45	http://www.accuweather.com/en/us/united-states-weather	0.0	0.0	0.0	0.0	0.0	0.0	0.0	0	0	0.0	160	0.0	0.0	0.0	0.0
46	http://www.accuweather.com/en/us/ca/california-weather	0.0	0.0	0	0.0	0.0	0.0	0.0	0	0	0	208	0.0	0.0	0.0	0.0
48	https://www.vrbo.com/vacation-rentals/usa/california/north-coast/clear-lake/clearlake	0.058823529411764705	0.0	0.9	0	0	0	0	0	0	0.11320754716981132	23	0.0	0.26865671641791045	1.907470889113463	0.2727272727272727
49	http://www.trulia.com/for_rent/Clearlake,CA/	0.125	1.3848214285714286	0.2727272727272727	0.0	0.0	0.0	0.0	0	0	0	9	0.0	0.3	21.46153846153846	0.16666666666666666
50	http://www.clearlakevillageresort.com/	0.0	0.0	0.0	0	0.0	0	0	0	0	0	3	0.0	0.34615384615384615	0.0	0.0
51	http://www.topix.com/city/clearlake-ca	0.2465753424657534	1.3597294010337488	0.6428571428571429	0	0	0.0	0.0	0	0	0	31	1.4884040378226424	0.36	1.6428571428571428	0.45
52	http://www.topix.com/state/ca	0.0	0.0	0.0	0	0	0.0	0.0	0	0	0	28	0.0	0.0	0.0	0.0
53	http://www.topix.com/county/lake-ca	0.0	0.0	0.0	0	0	0.0	0.0	0	0	0	28	0.0	0.0	0.0	0.0
55	http://www3.hilton.com/en/hotels/texas/hilton-houston-nasa-clear-lake-HOUNBHF/index.html	0.0	0.0	0	0.0	0.0	0	0	0.0	0	0.0	78	0.0	0.11842105263157894	0.0	0.0
56	http://www.mazdaofclearlake.com/	0.0	0.0	0.0	0.0	0.0	0.0	0	0	0	0.0	13	0.0	0.45	0.0	0.0
57	http://www.mazdaofclearlake.com/	0.0	0.0	0.0	0.0	0.0	0.0	0	0	0	0.0	13	0.0	0.45	0.0	0.0
58	http://www.clearlakesubaru.com/	0.0	0.0	0.0	0.0	0.0	0.0	0	0	0	0	15	0.0	0.47368421052631576	0.0	0.0
59	http://www.reserveamerica.com/camping/clear-lake-sp/r/campgroundDetails.do?contractCode=CA&parkId=120019	0	0.0	0.0	0.0	0.0	0.0	0	0	0	0	27	0.0	0.10112359550561797	0.0	0.0
60	http://www.apartmenthomeliving.com/clearlake-ca	0.10975609756097561	0.8551820728291315	0.0	0.4676113360323887	0.0	0.8653732905843095	0	0	0	0	185	0.16459209677455527	0.2571428571428571	0.0	0.4
61	http://www.reserveamerica.com/camping/clear-lake-or/r/campgroundDetails.do?contractCode=NRSO&parkId=71633	0	0.0	0.0	0.0	0.0	0.0	0	0	0	0	27	0.0	0.1	0.0	0.0
62	http://www.recovery.org/browse/clearlake-ca/	0.0661764705882353	0.6753456221198156	0.13432835820895522	0.14754098360655737	0.0	0.225	0	0	0	0	15	0.09243612499361614	0.3	4.0	0.225
64	http://www.clearlakevw.net/	0.0	0.05521472392638037	0.0	0.0	0.0	0.0	0	0	0	0	3	0.0	0.6	0.0	0.0
65	http://fairchildfun.com/clearlake.html	0	0.0	0.0	0	0	0	0.0	0	0	0	7	0.0	0.3	0.0	0.0
66	http://www.sanfrancisco.va.gov/locations/clearlake.asp	0.21951219512195122	0.0	0.0	0.47368421052631576	0.0	0.0	0	0	0	0.47368421052631576	152	0.12	0.21951219512195122	0.0	0.15789473684210525
67	http://www.realtor.com/realestateandhomes-search/Clearlake_CA/pg-2	0.15	0.0	0.16071428571428573	0.6428571428571429	0.0	0.5550284629981025	0.0	0	0	0	96	0.4253087210173552	0.17307692307692307	17.978021978021978	0.2571428571428571
68	http://www.realtor.com/realestateandhomes-search/California	0.0	0.0	0.0	0	0.0	0.0	0.0	0	0	0	91	0.0	0.0	0.0	0.0
69	http://www.realtor.com/realestateandhomes-search/Lake-County_CA	0.0	0.0	0.0	0.0	0.0	0.0	0.0	0	0	0	98	0.0	0.0	4.0	0.0
70	http://www.realtor.com/realestateandhomes-search/Clearlake_CA	0.16216216216216217	0.0	0.16071428571428573	0.6428571428571429	0.0	0.5550284629981025	0.0	0	0	0	97	0.4242421081934209	0.1875	16.335164835164836	0.34615384615384615
71	http://www.campingfriend.com/ClearLakeResort/default.asp?file=Home	0.0	0.0	0	0	0	0	0	0	0	0.0	51	0.0	0.16981132075471697	0	0.0
72	http://www.clearlaketoday.com/	0.0	0.0	0.0	0.0	0	0	0	0	0	0	2	0.0	0.5	0	0.0
73	https://www.houstondodgedealer.com/	0.0	0.0	0	0	0.0	0.0	0	0	0	0.0	10	0.0	0.0	0.0	0.0
74	http://www.clearlakeincalifornia.com/	0.0	0.0	0	0	0	0	0	0	0	0.03643724696356275	9	0.05142857142857143	0.36	0	0.0
75	http://www.youtube.com/watch?v=ntA7NdgB4qA	0.05625	0.0	0.0	0	0.0	0.0	0	0	0	0.10465116279069768	13	0.07964601769911504	0.0	5.74894229304693	0.6428571428571429
76	http://www.clearlakenissan.com/	0.0	0.0	0.0	0.0	0.0	0.0	0	0	0	0	12	0.0	0.47368421052631576	0.0	0.0
77	http://www.hondaofclearlake.com/	0.0	0.0	0.0	0.0	0.0	0.0	0	0	0	0.0	14	0	0.45	0.0	0.0
78	http://www.clwarriors.org/	0	0.0	0	0.0	0	0.0	0	0	0	0	35	0.0	0.0	0.0	0.0
79	http://www.city-data.com/city/Clear-Lake-Washington.html	0.0	0.0	0	0	0.0	0	0	0	0	0	31	0.0	0.20930232558139536	0.0	0.0
80	http://clearlakearea.com/communities.asp	0	0.0	0.0	0.0	0	0	0	0	0	0.0	19	0.0	0.28125	0	0.0
81	http://www.indeed.com/l-Clearlake,-CA-jobs.html	0.12	0.2903225806451613	0	0.0	0	0	0	0	0	0.3351063829787234	3	0.0	0.2571428571428571	2.7707327502219146	0.1956521739130435
82	http://www.lexus.com/dealers/64231-lexus-of-clear-lake	0.0	0.0	0.0	0.0	0.0	0	0	0	0	0.0	17	0.0	0.21951219512195122	0.0	0.0
83	http://members.clearlakeiowa.com/events/calendar/	0.0	0.0	0.0	0	0	0	0	0	0	0.0	80	0.0	0.23076923076923078	0.0	0.0
84	https://www.northbaymovies.com/clearlake.html	0.0	0	0	0	0	0	0	0	0	0.08571428571428572	6	0	0.28125	0.0	0.3333333333333333
85	http://www.clearlakeresort.info/	0.0	0.0	0	0	0	0	0	0	0	0.0	18	0.0	0.45	0.0	0.0
86	http://www.clearlakeinfiniti.com/	0.0	0.0	0	0.0	0.0	0.0	0	0	0	0	20	0.0	0.42857142857142855	0.0	0.0
88	http://www.rent.com/california/clearlake-apartments/2-10559	0.07692307692307693	0.0	0.25	1.3782091097308489	0.0	0.0	0	0.0	0	0	9	0.2174835818906693	0.2	1.0	0.20454545454545456
89	http://www.rent.com/california/1-19	0.0	0.0	0.0	0.0	0.0	0	0	0.0	0	0	9	0.0	0.0	0.0	0.0
90	http://www.clearlakemn.govoffice2.com/	0.0	0.0	0.0	0.0	0.0	0	0	0	0	0.0	3	0.0	0.34615384615384615	0.0	0.0
91	http://www.cityofclearlake.com/	0	0.0	0	0	0	0	0	0	0	0	4	0	0.47368421052631576	0	0.0
92	https://www.expedia.com/Clear-Lake-Hotels.d6055370.Travel-Guide-Hotels	0.0	0.0	0.0	0	0.0	0	0.0	0.0	0	0.0	100	0.3994434118689081	0.15789473684210525	0.0	0.0
93	https://www.expedia.com/Destinations-In-California.d206.Hotel-Destinations	0	0.0	0.0	0.0	0.0	0.0	0.0	0	0	0	123	0.0	0.0	0.0	0.0
94	http://www.zillow.com/clearlake-oaks-ca/	0.05555555555555555	0.026202261285237234	0.3103448275862069	0	0	0.34615384615384615	0.0	0.0	0	0	102	0.0	0.3333333333333333	24.45153242151788	0.2535211267605634
95	http://www.clearlakeflowers.com/	0.0	0.0	0.0	0.0	0	0	0	0	0	0	2	0.0	0.45	0.0	0.0
96	https://www.vrbo.com/vacation-rentals/usa/california/north-coast/clear-lake	0.0	0.0	0.0	0	0	0	0	0	0	0.0	23	0.0	0.15517241379310345	1.2645755491592996	0.0
97	http://www.remax.com/realestatehomesforsale/clearlake-ca-p001.html	0.06716417910447761	0.0	0.4090909090909091	0.0	0.0	0	0	0.0	0	0.22131147540983606	15	0.0	0.16981132075471697	4.015384615384614	0.21428571428571427
98	http://www.remax.com/advancedsearch/	0.0	0.0	0.0	0.0	0.0	0	0	0.0	0	0.0	15	0.0	0.0	0.0	0.0
99	http://www.yellowpages.com/clearlake-ca	0.13333333333333333	3.0112453158024404	0.42857142857142855	0.0	0.2903225806451613	0.36	0	0	0	0	16	0.0	0.3333333333333333	1.0236742424242424	0.4090909090909091
100	http://www.co.lake.ca.us/Page2593.aspx	0	0.0	0.0	0	0	0	0	0	0	0	18	0.0	0.0	0.0	0.0
101	http://www.clearlakecottagesandmarina.com/	0.0	0.04568527918781726	0.0	0.0	0.0	0	0	0	0	0	6	0.07894736842105263	0.3	0.9473684210526315	0.13043478260869565
102	http://www.iccclearlake.org/	0	1.125	0	0	0.0	0	0	0	0	0	7	0	0.5625	0.36	0.0
103	http://clearlakeiowa.com/portfolio/	0.0	0.0	0.0	0	0	0	0.0	0	0	0	46	0.0	0.34615384615384615	0.0	0.0
104	http://www.clearlakederm.com/	0.0	0.0	0.0	0	0	0	0	0	0	0	11	0.0	0.5294117647058824	0.0	0.0
105	http://clc.yccd.edu/	0	0.0	0.0	0.0	0	0.0	0.0	0	0	0	23	0.0	0.0	0	0.0
106	http://condosofclearlake.com/	0.0	0.0	0	0	0	0	0	0	0	0.0	5	0.34861407249466947	0.42857142857142855	0.0	0.0
108	https://www.redfin.com/states/CA	0.0	0.0	0.0	0	0.0	0	0	0	0	0	84	0.0	0.0	0.0	0.0
110	http://www.clearlakewisconsin.us/	0.0	0.0	0.0	0	0	0	0	0	0	0.0	0	0.0	0.42857142857142855	0.0	0.0
111	http://www.clearlakeboats.com/	0.0	0.0	0.0	0.0	0	0	0	0	0	0.0	5	0.0	0.5	0.375	0.0
112	https://www.clearlakeschools.org/	0	0.0	0	0.0	0.0	0	0	0	0	0	45	0.04390243902439024	0.45	0.0	0.0
113	http://www.bestplaces.net/city/california/clearlake	0.0	0.0	0	0.0	2.0719696969696972	0	0	0	0	0.0	149	0	0.24324324324324326	2.192738175617147	0.1836734693877551
114	http://www.clearlakevetclinic.com/	0.27692307692307694	0.0	0.23684210526315788	0.2647058823529412	0	0	0	0	0	0	10	0.295325554751755	0.4090909090909091	1.3333333333333333	0.2535211267605634
115	http://clearlakepapillon.com/	0	0	0	0	0	0	0	0	0	0	0	0	0.42857142857142855	0	0.0
116	http://clearlakerotary.org/	0.0	0.0	0	0.0	0	0.0	0	0	0	0	2	0.029459901800327332	0.47368421052631576	0.0	0.0
117	http://tireprosclearlake.com/	0.15517241379310345	0.06792452830188679	0.21951219512195122	0.25	0.0	0.21951219512195122	0.0	0	0	0	10	0.08780487804878048	0.42857142857142855	2.7473684210526317	0.27692307692307694
118	http://clearlakemodelers.com/	0.10344827586206896	0.0	0	0	0	0	0	0	0	0.15789473684210525	46	0	0.42857142857142855	0.725	0.42857142857142855
120	http://www.areavibes.com/clearlake-ca/livability/	0.13432835820895522	0.0	0.375	3.9699891946602475	0	0	0	0	0	0	2	0	0.2571428571428571	0.36363636363636365	0.34615384615384615
121	http://www.areavibes.com/ca/	0.0	0.0	0.0	0.0	0.0	0	0	0	0	0	2	0.0	0.0	0.0	0.0
122	http://lakecountypegtv.org/	0	0.0	0.0	0	0.0	0.0	0	0	0	0.0	1	0.0	0.0	0.0	0.0
123	http://hotelguides.com/california/clearlake-ca-hotels.html	0.06206896551724138	0.09375	0.23076923076923078	0.391304347826087	0.6145833333333333	0	0	0	0	0.03557312252964427	41	0.0	0.1836734693877551	1.0392857142857144	0.42857142857142855
124	http://hotelguides.com/california/ca-hotels.html	0.0	0.0	0.0	0	0	0	0	0	0	0.0	2	0.0	0.0	0.0	0.0
125	https://myspace.com/clearlakenoise	0.0967741935483871	0.0	0.0	0.0	0.0	0.0	0.0	0.0	0	0.3181818181818182	2	0.0	0.36	0.0	0.11392405063291139
126	http://apartments.oodle.com/clearlake-ca/	0.03734439834024896	0.6428571428571429	0.2647058823529412	0.2571428571428571	0.0	0.0	0	0	0	0.29605263157894735	172	0.0	0.28125	11.217479977649468	0.11688311688311688
127	http://apartments.oodle.com/regions/	0.0	0.0	0.0	0	0	0	0	0	0	0.0	62	0.0	0.0	0.0	0.0
128	http://apartments.oodle.com/regions/california/	0.0	0.0	0.0	0	0.0	0	0	0	0	0.0	56	0.0	0.0	0.0	0.0
129	http://www.areavibes.com/clearlake-ca/crime/	0.13533834586466165	0.0	0.47368421052631576	2.516875855130965	0	0	0	0	0	0	4	0	0.3	0.7974346996975201	0.34615384615384615
130	http://www.areavibes.com/ca/	0.0	0.0	0.0	0.0	0.0	0	0	0	0	0	2	0.0	0.0	0.0	0.0
131	http://www.areavibes.com/clearlake-ca/livability/	0.13432835820895522	0.0	0.375	3.9699891946602475	0	0	0	0	0	0	2	0	0.2571428571428571	0.36363636363636365	0.34615384615384615
132	http://www.monster.com/jobs/l-clearlake,-ca.aspx	0.10227272727272728	0.2893728404124748	0.20930232558139536	0.4107142857142857	0.2903225806451613	0.0	0	0	0	0.36	182	0	0.2571428571428571	9.634065934065934	0.2857142857142857
133	https://www.yelp.com/biz/the-spot-clearlake	0.036585365853658534	0.1875	0.0	0.0	0.0	0.0	0	0	0	0.0	108	0.14623164388970342	0.3103448275862069	1.0	0.0782608695652174
134	https://www.yelp.com/c/clearlake-ca-us/restaurants	0.04568527918781726	0.10975609756097561	0.3103448275862069	0.0	0.0	0	0	0	0	0.0	93	0.0	0.2571428571428571	0.0	0.2903225806451613
135	https://www.yelp.com/c/clearlake-ca-us/tradamerican	0.04433497536945813	0.0	0.0	0.0	0.0	0.0	0	0	0	0.0	93	0.10522613065326633	0.25	2.5625	0.16071428571428573
137	http://www.fishclearlake.com/	0.0	0.0	0	0	0	0	0	0	0	0.0	3	0	0.5294117647058824	0.0	0.0
138	http://www.dominorecordco.com/artists/clearlake/	0.0967741935483871	0.0	0	0	0	0	0	0	0	0.06293706293706294	25	0.13846153846153847	0.2647058823529412	1.5	0.32142857142857145
139	http://www.lake.courts.ca.gov/gi/clearlake.htm	0.0	0.5625	0	0	0	0	0	0	0	0.0	1	0	0.2727272727272727	0.5	0.1875
140	http://www.lake.courts.ca.gov/gi/index.htm	0.0	0.0	0	0	0.0	0	0	0	0	0.0	0	0	0.0	0.0	0.0
141	http://clearlake.floorstogo.com/	0.09836065573770492	0.0	0.0	0.0	0	0	0	0.0	0	0	7	0.0	0.375	0.10588235294117647	0.293353705118411
142	https://www.yelp.com/biz/clear-lake-cottages-and-marina-clearlake-2	0.0	0.0	0.0	0.0	0.0	0.0	0	0	0	0.0	120	0.1640928080254678	0.33962264150943394	1.2243737250921953	0.11538461538461539
143	https://www.yelp.com/c/clearlake-ca-us/eventservices	0.037037037037037035	0.0	0.4090909090909091	0.0	0.0	0	0	0	0	0.0	94	0.0	0.24324324324324326	0.0	0.3103448275862069
144	https://www.yelp.com/c/clearlake-ca-us/hotels	0.07468879668049792	0.0	0.375	0.0	0.0	0	0	0	0	0.0	90	0.0	0.3	0.45	0.34615384615384615
145	http://clearlakemethodist.org/	0.0	0.0	0.0	0.0	0	0	0	0	0	0.0	10	0	0.4090909090909091	0.0	0.0
146	http://clearlakemethodist.org/	0.0	0.0	0.0	0.0	0	0	0	0	0	0.0	10	0	0.4090909090909091	0.0	0.0
147	http://clearlake.oxfordschools.org/	0	0.0	0.0	0.0	0.0	0	0	0	0	0	24	0	0.3333333333333333	0.0	0.0
148	http://www.clearlakecity.com/	0.0	0	0	0	0	0	0	0	0	0.0	23	0.0	0.5294117647058824	0	0.0
149	http://clearlakefurniture.com/	0.0	0.3142605633802817	0	0	0	0	0	0	0	0.018367346938775512	9	0	0.4090909090909091	0	0.10344827586206896
151	http://www.snagajob.com/jobs/california/clearlake_jobs.html	0.1276595744680851	0.16729745118397696	0.6428571428571429	0.34615384615384615	1.5283882783882785	0	0	0	0	0	11	0	0.2	0.6923076923076923	0.3673469387755102
152	http://www.clearlakeent.com/	0.0	0	0	0	0	0	0	0	0	0.0	0	0	0.5625	0	0.0
153	https://www.groupon.com/local/clearlake-ca/things-to-do	0.059602649006622516	0.0	0.36	0.0	0.0	0.0	0	0.0	0	0.08653846153846154	95	0.0	0.225	1.0	0.3
154	https://www.groupon.com/local	0.0	0.0	0.0	0.0	0.0	0.0	0.0	0.0	0	0.0	85	0.0	0.0	0.0	0.0
155	https://www.groupon.com/local/california	0.0	0.0	0.0	0.0	0.0	0.0	0.0	0.0	0	0.0	90	0.0	0.0	0.0	0.0
156	https://www.groupon.com/local/clearlake-ca	0.028391167192429023	1.7114125732404262	0.5	0.0	0.0	0.0	0.0	0.0	0	0.019693654266958426	67	0.0	0.32142857142857145	1.0	0.567487684729064
157	http://www.homes.com/Home-Prices/CA/CLEARLAKE/	0.07964601769911504	0.0	0.36	0.32142857142857145	0.6535714285714286	0	0	0	0	0	9	0.09310344827586207	0.2903225806451613	0.0	0.18
158	http://www.homes.com/Home-Prices/	0.0	0.0	0	0.0	0.0	0	0	0	0	0	5	0.0	0.0	0.0	0.0
159	http://www.homes.com/Home-Prices/CA/	0.0	0.0	0.0	0.0	0.0	0	0	0	0	0	5	0.0	0.0	0.0	0.0
160	http://www.youtube.com/watch?v=_QB5gDqFau8	0.0	0.0	0.0	0	0.0	0.0	0	0	0	0.32142857142857145	8	0.0	0.0	3.9639896331355655	0.2903225806451613
161	http://www.landwatch.com/California_land_for_sale/Clearlake	0.15384615384615385	0.5761585145114558	0	0.0	0	0	0	0	0	0.17754172989377845	36	0.0	0.1956521739130435	0.18	0.16071428571428573
162	http://www.uhcl.edu/library	0	0.0	0.0	0.0	0.0	0	0	0	0	0	78	0.0	0.0	0.0	0.0
163	http://www.americantowns.com/ca/clearlake	0.10588235294117647	0.0	0	0.0	0.0	1.3885780885780885	0.0	0	0	0.30927835051546393	27	1.1226301088205461	0.32142857142857145	1.4090909090909092	0.17307692307692307
164	http://www.clearlakeautoworld.com/	0.0	0.0	0	0.0	0	0	0	0	0	0.012096774193548387	0	0	0.4090909090909091	0	0.0
165	http://www.cbsnews.com/news/california-wildfire-path-move-through-entire-town-clear-lake/	0.07317073170731707	0.0	0.0	0.0	0.0	0.0	0.0	0	0	0.0	30	0.06666666666666667	0.12	0.0	0.10975609756097561
166	http://www.clearlakeoaks.org/	0.19148936170212766	0.0	0	0.0	0.0	0	0	0	0	0.13953488372093023	0	0.8035714285714286	0.5294117647058824	0.0	0.0
169	http://clearlakedentalcare.com/	0	0.0	0.0	0	0.0	0	0.0	0	0	0	32	0.0	0.391304347826087	0.0	0.0
170	http://www.eteamz.com/clearlakeyouthsoccerleague/	0.1875	0.0	0.23684210526315788	0	0	0	0	0	0	0.11464968152866242	10	0.0	0.25	0.0	0.3103448275862069
171	http://clearlakefire.com/	0.0	0.0	0	0	0	0	0	0	0	0.0	5	0	0.5294117647058824	0.0	0.0
172	https://www.fetchpetcare.com/clearlake/	0.0	0.0	0	0.0	0.0	0.0	0.0	0	0	0	41	0.0	0.36	0.0	0.0
173	http://clearlakemovers.com/	0.0	0.0	0	0	0	0	0	0	0	0.0	5	0.0	0.47368421052631576	0.0	0.0
174	http://www.travelodge.com/hotels/california/clearlake/travelodge-clearlake/hotel-overview	0	0.036734693877551024	0.45	0.45	0.391304347826087	0.0	0.0	0	0	0	50	0.0	0.2465753424657534	2.0125	0.3673469387755102
175	http://local.fedex.com/ca/clearlake/	0.06716417910447761	0.0	0.2903225806451613	0.0	0.0	0	0	0	0	0	163	0.9988003028361773	0.34615384615384615	0.47368421052631576	0.2903225806451613
176	http://www.bestplaces.net/climate/city/california/clearlake	0.0	0.0	0	0.0	0.0	0	0	0	0	0.0	118	0.07285823559408465	0.20454545454545456	0.8036842105263158	0.2647058823529412
177	http://www.homefinder.com/CA/Clearlake/foreclosures/	0.13432835820895522	8.571428571428573	0.15	0.0	0	0.0	0.0	0.6923076923076923	0	0.3050847457627119	85	0.0	0.24324324324324326	0.0	0.11392405063291139
178	http://clearlakewi.com/WP/	0.0	0.0	0.0	0	0	0	0	0	0	0.0	30	0.0	0.5294117647058824	0.0	0.0
179	http://www.lamplighterinnclearlake.com/	0.03272727272727273	0.0	0.0	0	0	0	0	0	0	0	2	0.0	0.3333333333333333	1.0	0.1956521739130435
180	http://www.clearlakeumc.org/	0	0	0	0	0	0	0	0	0	0	0	0	0.5625	0	0.0
181	http://stayclearlake.com/	0.0	0.0	0.0	0.0	0	0	0	0	0	0.0	6	0	0.5294117647058824	0.0	0.0
182	http://clearlakelacrosse.com/	0	0.0	0	0	0.0	0	0	0	0	0.0	50	0.0	0.42857142857142855	0.0	0.0
183	http://members.clearlakeiowa.com/list/	0.0	0.0	0.0	0	0	0	0	0	0	0.0	194	0.0	0.3103448275862069	0.0	0.0
184	http://candswaste.com/ca-coastal/clearlake	0	0.0	0.36	0	0.0	0	0	0	0	0	7	0.0	0.2727272727272727	0	0.21428571428571427
185	http://www.californiagasprices.com/Clearlake/index.aspx	0.14173228346456693	0.0	0.0	0.0	0	0	0	0	0	0	53	0.0	0.21428571428571427	0.0	0.24324324324324326
186	http://local.safeway.com/ca/clearlake/	0.10344827586206896	0.0	0.1836734693877551	0	0	0	0	0	0	0	3	0	0.32142857142857145	1.0	0.1323529411764706
187	http://clearlakesurgeons.com/	0.0	0.0	0.0	0.0	0.0	0	0	0	0	0	8	0.0	0.42857142857142855	0.0	0.0
188	http://www.bloomberg.com/research/stocks/private/snapshot.asp?privcapId=34767392	0.07758620689655173	0.10588235294117647	0.0	0.38315217391304346	0.0	0.0	0	0	0	0.1565217391304348	67	0.3367004377854039	0.0	0.3103448275862069	0.1232876712328767
189	http://book.bestwestern.com/bestwestern/US/CA/Clearlake-hotels/BEST-WESTERN-El-Grande-Inn/Hotel-Overview.do?propertyCode=05433	0.0	0.11507352941176471	0.0	0	0.0	0.0	0	0.0	0	0	57	0.0	0.07964601769911504	0.0	0.12
190	http://www.miniclearlake.com/	0.0	0.0	0.0	0	0.0	0	0	0	0	0.0	27	0.0	0.5294117647058824	0.0	0.0
191	http://www.apartments.com/clearlake-ca/	0.05389221556886228	8.547283120193336	0.3103448275862069	0.23684210526315788	0.0	0.0	0.0	0	0	0.13846153846153847	68	0.05410821643286573	0.34615384615384615	0.0	0.16666666666666666
192	http://clearlakeresort.net/	0	0.0	0	0	0	0.0	0	0	0	0	3	0	0.47368421052631576	0	0.0
193	http://www.clearlakeflowers.com/basket.asp	0	0.0	0.0	0	0	0	0	0	0	0	118	0	0.3	0.0	0.0
194	http://www.localconditions.com/weather-clearlake-california/95422/traffic.php	0.06569343065693431	0.0743801652892562	0.21951219512195122	0.19148936170212766	0	1.01867816091954	0	0	0	0.375	52	0.1232876712328767	0.14285714285714285	0.0	0.1111111111111111
195	http://www.localconditions.com/us/weather/california/	0.0	0.0	0.0	0.0	0	0.0	0	0	0	0.0	1312	0.0	0.0	0.0	0.0
196	http://www.lakeshoreclearlake.com/	0.0	0.0	0	0.0	0.0	0.0	0	0	0	0	10	0.0	0.4090909090909091	0.0	0.0
197	http://waterdata.usgs.gov/ca/nwis/uv?11450000	0	0.0	0	0.0	0	0	0	0	0	0	31	0.0	0.0	0.0	0.0
198	http://www.clearlakevision.com/	0	0.0	0.0	0.32142857142857145	0.0	0	0	0	0	0	2	0.12046736502820306	0.47368421052631576	0.2571428571428571	0.0
199	http://www.catfishcoffeehouse.com/	0.0	0	0	0	0	0	0	0	0	0.08333333333333333	0	0	0.0	0	0.2647058823529412
200	http://clearlakeobgyn.com/	0.0	0.0	0.0	0.0	0	0	0	0	0	0	2	0.0	0.5	0	0.0
201	http://www.clearlakepress.com/	0.0	0.0	0.0	0.0	0	0.0	0	0	0	0	4	0.0	0.5	0.0	0.0
203	http://www.homeseekers.com/homes-for-sale/CA/Clearlake	0.14516129032258066	0.0	0	0.0	0.0	0.0	1.542857142857143	0	0	0.23225806451612904	36	0.08862170203651547	0.225	25.627760548142806	0.2727272727272727
204	http://www.clearlakenazarene.tv/	0	0.0	0.0	0.0	0	0	0	0	0	0	8	0.0	0.45	0.0	0.0
205	http://clearlakechristianschool.com/	0	0.0	0	0.0	0	0.0	0	0	0	0	48	0.0	0.32142857142857145	0	0.0
206	https://www.wunderground.com/weather-forecast/US/CA/Clearlake.html	0.06164383561643835	0.0	0.47368421052631576	0.0	0.0	0.0	0	0	0	0.4044943820224719	5	0.0	0.18	0.0	0.17307692307692307
207	http://clearlakect.org/	0	0.0	0	0	0	0	0	0	0	0	4	0.0	0.6	0.0	0.0
208	http://www.clearlakerecordingstudios.com/	0.0	0.0	0	0	0.0	0	0	0	0	0	1	0.0	0.3103448275862069	0.0	0.0
209	http://www.clearlakeyal.com/	0	0.0	0	0	0.0	0	0	0	0	0	3	0	0.5625	0.0	0.0
210	http://www.clearlakechurch.com/	0.0	0.0	0	0.0	0	0	0	0	0	0.0	8	0.0	0.47368421052631576	0.0	0.0
211	http://www.sfgate.com/bayarea/article/Clear-Lake-fire-still-burning-little-risk-3787316.php	0.019189765458422176	0.0	0.0	0.0	0.0	0.0	0.0	0	0	0	134	0.2752092302068216	0.11688311688311688	0.0	0.0
212	http://www.homes.com/for-sale/clearlake-ca/	0.10546875	1.3571428571428572	0.2903225806451613	0.3103448275862069	0.47368421052631576	0	0	0	0	0.09782608695652174	8	0.10424710424710425	0.3103448275862069	15.0	0.51
213	https://www.airbnb.com/s/Clearlake--CA	0.0661764705882353	0.0	0	0.0	0	0	0	0	0	0	0	0.0	0.375	4.34323754805566	0.4527272727272727
214	http://clearlakeendo.com/	0.0	0.0	0	0.0	0	0	0	0	0	0.0	3	0.0	0.5294117647058824	0.0	0.0
215	http://www.loopnet.com/California/Clearlake-Commercial-Real-Estate/	0.14814814814814814	0.0	0.0	1.0394376773958252	0.0	0	0.0	0	0	0.2988929889298893	37	0.3404908066444079	0.16981132075471697	2.2163557238796727	0.24
216	http://www.hikercentral.com/metros/17340.html	0.18	0.0	0.225	0	0	0	0	0	0	0.15789473684210525	37	0.0	0.0	0	0.20930232558139536
217	http://www.accuweather.com/en/us/clearlake-ca/95422/daily-weather-forecast/2155006	0.10526315789473684	0.0	0.6923076923076923	0.0	0.0	0.0	0.0	0	0	0.10344827586206896	162	0.0	0.13846153846153847	0.391304347826087	0.15789473684210525
218	http://www.accuweather.com/en/us/ca/california-weather	0.0	0.0	0	0.0	0.0	0.0	0.0	0	0	0	208	0.0	0.0	0.0	0.0
219	http://www.accuweather.com/en/us/clearlake-ca/95422/weather-forecast/2155006	0.10588235294117647	0.0	0.6923076923076923	0.0	0.34615384615384615	0.0	0.0	0	0	0.1323529411764706	185	0.0	0.15254237288135594	0.5294117647058824	0.16666666666666666
220	http://www.bethel.k12.or.us/clearlake/	0	0.0	0	0	0.0	0	0	0	0	0	140	0.0	0.36	0.0	0.0
221	http://www.clearlakecamp.org/	0.0	0.0	0.0	0.0	0.0	0.0	0	0	0	0	6	0.0	0.5294117647058824	0.0	0.0
222	http://www.clearlakefoot.com/	0.0	0.0	0	0	0	0	0	0	0	0.0	4	0.0	0.5294117647058824	0.0	0.0
223	http://www.superpages.com/yellowpages/c-churches/s-ca/t-clearlake/	0.11320754716981132	0.0	0	0	0	0.0	0.0	0	0	0.041666666666666664	28	0.0	0.18	1.8181818181818183	0.225
224	http://www.superpages.com/yellowpages/s-ca/t-clearlake	0.06206896551724138	0.0	0.0	0	0	0.0	0	0	0	0.2571428571428571	15	0.0	0.225	1.0	0.17307692307692307
225	http://www.superpages.com/yellowpages/s-ca/t-clearlake	0.06206896551724138	0.0	0.0	0	0	0.0	0	0	0	0.2571428571428571	15	0.0	0.225	1.0	0.17307692307692307
226	http://www.superpages.com/yellowpages/c-churches/s-ca/t-clearlake/	0.11320754716981132	0.0	0	0	0	0.0	0.0	0	0	0.041666666666666664	28	0.0	0.18	1.8181818181818183	0.225
227	http://www.superpages.com/yellowpages/s-ca/t-clearlake	0.06206896551724138	0.0	0.0	0	0	0.0	0	0	0	0.2571428571428571	15	0.0	0.225	1.0	0.17307692307692307
228	http://www.superpages.com/yellowpages/s-ca/t-clearlake	0.06206896551724138	0.0	0.0	0	0	0.0	0	0	0	0.2571428571428571	15	0.0	0.225	1.0	0.17307692307692307
229	http://clearlake.stonefirepizzaca.com/	0	0.0	0.2571428571428571	0	0.0	0.0	0	0	0	0	6	0.0	0.3	1.0	0.27692307692307694
230	http://clearlakermc.com/locations/	0	0.0	0.0	0	0.0	0.0	0	0	0	0	59	0.0	0.36	0.0	0.0
231	http://clearlake.salemkeizer.net/	0	0.0	0	0	0.0	0.0	0	0	0	0	13	0.0	0.36	0.0	0.0
232	http://www.yellowpages.com/clearlake-ca/doctors	0.10650887573964497	0.0	1.0	0.0	0.0	0.0	0.0	0	0	0	46	0.6666666666666666	0.2647058823529412	27.24999999999999	0.1956521739130435
233	http://clearlakespeed.net/	0	0.0	0	0.0	0	0.0	0	0	0	0	0	0	0.5	0.0	0.42857142857142855
234	http://www.clearlakecondos.net/	0.0	0.0	0.0	0	0.0	0.0	0	0	0	0.0	15	0.0	0.47368421052631576	0.0	0.0
235	http://www.topix.com/crime/clearlake-ca	0.10714285714285714	1.0	0.6	0	0.0	0.6923076923076923	0	0	0	0	20	0.28831329991982885	0.34615384615384615	1.6	0.5294117647058824
236	http://www.topix.com/state/ca	0.0	0.0	0.0	0	0	0.0	0.0	0	0	0	28	0.0	0.0	0.0	0.0
237	http://www.topix.com/county/lake-ca	0.0	0.0	0.0	0	0	0.0	0.0	0	0	0	28	0.0	0.0	0.0	0.0
238	http://www.topix.com/city/clearlake-ca	0.2465753424657534	1.3597294010337488	0.6428571428571429	0	0	0.0	0.0	0	0	0	31	1.4884040378226424	0.36	1.6428571428571428	0.45
239	http://www.greatschools.org/california/clearlake/3079-Pomo-School/	0.06569343065693431	4.223212395301221	0.0	0.0	0.0	0	0	0	0	0.19285714285714287	32	0.0	0.17647058823529413	2.375	0.15517241379310345
240	http://www.greatschools.org/california/clearlake/	0.12413793103448276	3.0214285714285714	0.5294117647058824	0.0	0.0	0.0	0	0	0	0.36627906976744184	17	0.0	0.2571428571428571	3.0	0.23684210526315788
241	http://www.greatschools.org/california/clearlake/schools/	0.13043478260869565	4.638810673088453	0.14285714285714285	0	0	0	0	0	0	0	129	0.0	0.21428571428571427	1.0	0.3333333333333333
242	http://www.clearlaketoday.com/spgs/attractions/	0.0	0.0	0.0	0.0	0	0	0	0	0	0.0	52	0.0	0.2727272727272727	0	0.0
243	http://www.last.fm/music/Clearlake	0.03765690376569038	0.0	0.19148936170212766	0.0	0	0.0	0	0	0	0	43	0.13043478260869565	0.42857142857142855	0.0	0.11392405063291139
244	http://www.clearlakepediatrics.com/	0	0.0	0.0	0.0	0.0	0.0	0.0	0	0	0	8	0.0	0.391304347826087	0.0	0.0
245	http://candswaste.com/california/clearlake	0	0.0	0.36	0	0.0	0	0	0	0	0	3	0.0	0.2727272727272727	0	0.21428571428571427
246	http://www.searshometownstores.com/locations/clearlake-ca	0.061224489795918366	3.0	0	0	0.0	0.0	0	0	0	0	51	0.1397252174454247	0.20454545454545456	1.0	0.20930232558139536
247	http://clearlakeincalifornia.com/map.html	0	0.0	0	0	0	0	0	0	0	0.06976744186046512	11	0	0.2727272727272727	0	0.0
248	http://swensonclearlake.com/	0.0	0.0	0.0	0	0	0	0	0	0	0	1	0	0.45	0.0	0.0
249	http://clearlakefamily.com/	0	0.0	0.13636363636363635	0.1875	0	0	0	0	0	0	2	0	0.47368421052631576	0	0.20930232558139536
250	http://www.dbw.ca.gov/maps/facilityindex.asp?searchfield=WATER_BODY&searchterm=Clear%20Lake	0.0	0.0	0	0	0.0	0	0	0	0	0.0	11	0.0	0.0	0.0	0.0
251	http://www.localconditions.com/weather-clearlake-california/95422/	0.12857142857142856	0.11824468085106382	0.42857142857142855	0.17647058823529413	0	0.3333333333333333	0	0	0	0.32727272727272727	57	0.0	0.17307692307692307	0.0	0.18
252	http://www.localconditions.com/us/weather/california/	0.0	0.0	0.0	0.0	0	0.0	0	0	0	0.0	1312	0.0	0.0	0.0	0.0
253	http://www.handymanmatters.com/clearlake/	0.0	0.0	0.0	0.0	0.0	0	0	0	0	0.0	22	0.0	0.32142857142857145	0.0	0.0
254	http://www.handymanmatters.com/clearlake/	0.0	0.0	0.0	0.0	0.0	0	0	0	0	0.0	22	0.0	0.32142857142857145	0.0	0.0
255	http://www.fallsatclearlake.com/	0.0	0.0	0	0.0	0.0	0.0	0.0	0	0	0	14	0.0	0.45	0.0	0.0
256	http://www.rentalsource.com/rentals/california/clearlake/	0.07964601769911504	0.0	0.375	0.0	0	0.0	0	0	0	0	60	4.736842105263158	0.21428571428571427	0.0	0.17307692307692307
257	http://www.shorelineatthelake.com/	0.025210084033613446	0.0	0	0	0	0	0	0	0	0.07848837209302326	1	0.0	0.0	0	0.0
259	http://www.lexusclearlake.com/Collision-Center	0.0	0.0	0	0.0	0	0	0	0	0	0.0	26	0.0	0.2647058823529412	0.32142857142857145	0.0
260	http://www.clearlaketexasfishingtrips.com/	0.0	0.0	0	0	0	0	0	0	0	0.0	3	0	0.3	0.0	0
261	http://clearlakesleep.com/	0.0	0.0	0	0.0	0.0	0.0	0	0	0	0.0	1	0.0	0.5	0.0	0.0
262	http://clearlaketownship.net/	0	0.0	0	0.0	0	0	0	0	0	0	0	0.0	0.42857142857142855	0	0.0
263	http://www.americantowns.com/ca/clearlake-classifieds	0.15517241379310345	0.0	0.23684210526315788	0.0	0.9500861996467916	0.6853448275862069	0.0	0	0	0.14285714285714285	32	0.18089053803339517	0.225	1.0	0.24324324324324326
264	http://www.americantowns.com/ca/clearlake	0.10588235294117647	0.0	0	0.0	0.0	1.3885780885780885	0.0	0	0	0.30927835051546393	27	1.1226301088205461	0.32142857142857145	1.4090909090909092	0.17307692307692307
265	http://www.clearlakecc.org/	0.0	0.0	0.0	0.0	0	0	0	0	0	0	6	0.0	0.6	0	0.0
267	http://clearlakexc.com/	0	0.0	0	0	0	0	0	0	0	0	5	0	0.6	0.0	0.0
268	http://www.clearlakestatepark.org/	0	0.0	0	0	0	0	0	0	0	0	1	0	0.4090909090909091	0.0	0.0
269	http://clearlakeallbreedrescue.org/	0.0	0.0	0	0	0	0	0	0	0	0.0	3	0	0.3333333333333333	0	0.0
270	http://ecclesiaclearlake.org/	0	0.0	0	0.0	0.0	0	0	0.0	0	0	2	0.0	0.42857142857142855	0	0.0
271	https://www.intownsuites.com/extended-stay-locations/texas/houston/sun-suites-clearlake/	0	0.0	0.6206896551724138	0.0	0.0	0.0	0	0	0	0	37	0.0	0.1267605633802817	0.3	0.0
272	http://www.clearlakepediatrics.com/our-clinic/our-doctors/	0	0.0	0.0	0	0.0	0.0	0.0	0	0	0	41	0.0	0.20454545454545456	0.0	0.0
273	http://clearlake.fit4mom.com/	0	0.0	0.0	0.0	0	0	0	0	0	0	11	0.0	0.42857142857142855	0.0	0.0
274	https://www.facebook.com/pages/Clearlake-Veterinary-Clinic/166236890070230	0.12080536912751678	0.44791666666666663	0	0	0	0	0	0	0	0	98	0.03345724907063197	0.15254237288135594	10.402930402930403	0.23684210526315788
275	http://www.hotelclearlakeoaks.com/	0.05806451612903226	0.32142857142857145	0.25	0	0	0	0	0	0	0	7	0	0.4090909090909091	0.6428571428571429	0.20930232558139536
276	https://www.facebook.com/clearlakenoise	0.23376623376623376	0.391304347826087	0	0	0	0	0	0	0	0	111	0.1259877085162423	0.34615384615384615	0.0	0.45
277	https://www.pacific.net/motd/clearlake-internet.php	0.0	0.0	0.0	0.6914893617021276	0	0	0	0	0	0.0	5	0.10074784156375388	0.24324324324324326	0.0	0.24324324324324326
278	http://carefreeboats.com/locations/clearlake/	0.0	0.0	0.0	0.0	0	0.0	0	0	0	0	70	0.18759689922480619	0.2571428571428571	0.0	0.0
279	http://www.clearlake-apartments.com/	0	0.5653846153846154	0	0.0	0.0	0.0	0	0	0	0	0	0.4959183673469388	0.375	0.0	0
280	https://www.houstondodgedealer.com/new-inventory/index.htm	0.0	0.0	0.0	0.0	0.0	0.0	0	0	0	0.0	10	0.0	0.0	0.0	0.0
281	http://www.texasmarine.com/Page.aspx/locationId/19102/pageId/115552/view/Detail/Texas-Marine-of-Clearlake-TX.aspx	0.0	0.0	0	0	0.0	0	0	0	0	0.140625	9	0.0	0.09574468085106383	0.07086614173228346	0.0
282	http://www.clearlakeroadstudy.com/	0.031141868512110725	0.0	0	0	0.0	0.14285714285714285	0.0	0	0	0.0379746835443038	25	0.05389221556886228	0.4090909090909091	0	0.34615384615384615
283	http://www.churchangel.com/WEBCA/clearl.htm	0.04568527918781726	0.0	0.17647058823529413	0.0	0	0.0	0	0	0	0.07468879668049792	17	0.0	0.0	0.0	0.12857142857142856
284	http://www.churchangel.com/topdenominations.htm	0.0	0.0	0.0	0	0.0	0	0	0	0	0.0	67	0.0	0.0	0.0	0.0
285	http://www.churchangel.com/californ.htm	0.0	0.0	0.0	0	0	0	0	0	0	0.0	9	0.0	0.0	0.0	0.0
286	http://www.clearlakepsychiatry.net/	0.0	0.0	0	0	0.0	0.0	0	0	0	0	3	0	0.391304347826087	0.0	0.0
290	http://clearlakemedicine.com/	0.0	0.0	0	0	0	0	0	0	0	0.0	8	0	0.42857142857142855	0.0	0.0
291	http://www.californiasgreatestlakes.com/clear/clear_boating.html	0.0	0.0	0.0	0.0	0.0	0.0	0	0	0	0.0	34	0.6663875598086124	0.0	0.0	0.0
292	http://cars.oodle.com/used-cars/clearlake-ca-area/	0.0379746835443038	0.6	0.3	0.2903225806451613	0.0	0.0	0	0	0	0.23076923076923078	174	0.0	0.225	0.6428571428571429	0.14285714285714285
293	http://cars.oodle.com/regions/	0.0	0.0	0.0	0	0	0	0	0	0	0.0	64	0.0	0.0	0.0	0.0
294	http://cars.oodle.com/regions/california/	0.0	0.0	0.0	0	0.0	0	0	0	0	0.0	58	0.0	0.0	0.0	0.0
295	http://clearlakekennels.org/	0	0.0	0	0	0	0	0	0	0	0	1	0	0.45	0	0.0
296	http://www.calvarychapelofclearlake.com/	0	0.0	0	0	0	0	0	0	0	0	2	0	0.32142857142857145	0.0	0.25
297	http://www.bassfishinclearlake.com/	0	0.0	0	0.0	0	0	0	0	0	0	8	0	0.391304347826087	0.0	0.0
298	http://www.indeed.com/q-lake-county-l-Clearlake,-CA-jobs.html	0.10465116279069768	0.0	0	0.0	0	0	0	0	0	0.315	3	0.0	0.1836734693877551	2.0769230769230766	0.15517241379310345
299	http://www.beachcalifornia.com/things-to-do/clearlake-ca.html	0.12980769230769232	0.03571428571428571	0.32142857142857145	1.7942733990147783	0.0	0	0	0	0	0.34615384615384615	16	0.11556982343499198	0.1875	1.0699067960667512	0.5454545454545454
300	http://cslclearlake.org/	0	0.0	0.0	0.0	0	0	0	0	0	0	1	0.0	0.5625	0.0	0.0
301	http://www.flowershopclearlake.net/	0.14173228346456693	0.0	0	0	0.0	0	0	0	0	0.14754098360655737	22	0.0	0.391304347826087	2.0	0.3103448275862069
303	http://clearlakedental.com/	0	0.0	0	0	0	0	0	0	0	0	1	0.0	0.47368421052631576	0.0	0.0
305	http://www.fandango.com/clearlake_+ca_movietimes	0.06164383561643835	0.0	0.0	0.0	0.0	0.0	0.0	0.0	0	0	232	0.0	0.25	0.5	0.12
306	http://www.clearlake.minutemanpress.com/	0.0	0.0	0.0	0	0.0	0.0	0.0	0	0	0	12	0.0	0.32142857142857145	0.0	0.0
307	http://www.apartmentguide.com/apartments/Florida/Cocoa/Clearlake-Pines-Apartments/24483/	0.10650887573964497	0.0	0.34615384615384615	1.0384615384615383	0.34615384615384615	0.0	0.0	0	0	0	20	1.3855552011273988	0.1267605633802817	2.1687062937062938	0.13636363636363635
308	http://www.apartmentguide.com/apartments/Florida/	0.0	0.0	0.0	0.0	0.0	0.0	0.0	0	0	0	17	0.0	0.0	0.0	0.0
309	http://www.apartmentguide.com/apartments/Florida/Cocoa/	0.0	0.0	0	0.0	0.0	0.0	0.0	0	0	0	18	0.0	0.0	0.4090909090909091	0.0
310	http://clearlakemichigan.com/	0	0.0	0	0.0	0	0.0	0	0	0	0	25	0.0	0.42857142857142855	0	0.0
311	http://local.safeway.com/ca/clearlake-984.html	0.05732484076433121	0.0	0.0	0.0	0.3103448275862069	0	0	0	0	0.0	25	0.0	0.24324324324324326	0.0	0.19148936170212766
312	http://clearlakebusinesscenter.com/	0	0.1644398766700925	0	0	0.0	0	0	0	0	0	2	0.016245487364620937	0.3333333333333333	0	0.0
313	http://www.michigandnr.com/parksandtrails/Details.aspx?type=SPRK&id=442	0	0.0	0.0	0	0.0	0.0	0	0	0	0	11	0.0	0.0	0.0	0.0
314	http://www.clearlakepines-apartments.com/	0.016822429906542057	0.04285714285714286	0.13636363636363635	0.13846153846153847	0.3431372549019608	0.16666666666666666	0	0	0	0.23684210526315788	3	0.6539456566292615	0.3103448275862069	0.0	0.34615384615384615
315	http://laketransit.org/dial-a-ride/	0	0.0	0.0	0	0	0.8035714285714286	0	0	0	0	49	0.017543859649122806	0.0	0.0	0.0
316	http://www.apartmentguide.com/apartments/California/Clearlake/	0.046875	0.0	0	0.6923076923076923	2.1435469835211114	0.0	0.0	0	0	0	18	0.0	0.19148936170212766	4.163636363636364	0.1836734693877551
317	http://www.apartmentguide.com/apartments/California/	0.0	0.0	0.0	0.0	0.0	0.0	0.0	0	0	0	17	0.0	0.0	0.0	0.0
318	http://www.clearlakeautoservice.com/	0.0	0.0	0	0.0	0.0	0	0	0	0	0.0	16	0.0	0.375	0.0	0.0
319	http://www.greatschools.org/california/clearlake/	0.12413793103448276	3.0214285714285714	0.5294117647058824	0.0	0.0	0.0	0	0	0	0.36627906976744184	17	0.0	0.2571428571428571	3.0	0.23684210526315788
320	http://www.greatschools.org/california/	0.0	0.0	0.0	0.0	0.0	0.0	0	0	0	0.0	30	0.0	0.0	0.0	0.0
321	http://www.clearlakesplashin.com/	0.0	0.0	0	0.0	0	0	0	0	0	0.0	11	0	0.42857142857142855	0.0	0.0
322	http://www2.clearlake.ibm.com/ifp/	0.0	0.0	0.0	0.0	0	0	0	0	0	0.0	7	0.0	0.36	0.0	0.0
323	http://www.clear-lake.com/Lakewood/bass.htm	0	0	0.0	0	0.0	0	0	0	0	0.07758620689655173	7	0.0	0.3	0	0.0
325	http://www.clearlakefalconfootball.com/#!	0.0	0	0	0	0	0	0	0	0	0.0	0	0	0.3103448275862069	0	0.0
326	http://www.paddlingcalifornia.com/Clear_Lake.html	0	0.0	0.0	0.0	0	0	0	0	0	0	39	0.0	0.24324324324324326	0.0	0.0
327	http://zionclearlake.org/	0.0	0.0	0.0	0	0	0	0	0	0	0	1	0.0	0.5294117647058824	0.0	0.0
328	http://www.smcollisionclearlake.com/	0.0	0.0	0.0	0	0.0	0.0	0	0	0	0.0	6	0.0	0.375	0.0	0.0
329	http://clearlakefishingclub.com/	0.0	0.0	0.0	0	0	0.0	0	0	0	0.0	8	0.0	0.375	0.0	0.2903225806451613
330	http://endodonticassociatesofclearlake.com/	0	0	0	0.0	0	0.0	0	0	0	0	1	0.0	0.2571428571428571	0.0	0.0
331	http://clearlakeshipping.com/	0	0.16666666666666666	0	0	0	0	0	0	0	0	1	0	0.42857142857142855	0.06923076923076923	0.5
332	http://clearlakefalconsgolf.com/	0.0	0.0	0	0	0	0.0	0.0	0	0	0.18243243243243243	4	0	0.375	0.0	0.0
333	http://www.latimes.com/local/lanow/la-me-ln-northern-california-fire-explodes-24-homes-lost-thousands-threatened-20150802-story.html	0	0.0	0.0	0	0.0	0	0	0	0	0	7	0.0	0.0	0.0	0.0
334	http://clearlakeautoglass.net/	0.0	0.0	0.0	0	0	0.0	0	0	0	0.0	3	0.0	0.4090909090909091	0.0	0.0
335	http://clearlakeautoglass.net/	0.0	0.0	0.0	0	0	0.0	0	0	0	0.0	3	0.0	0.4090909090909091	0.0	0.0
336	http://jobs.oodle.com/careers/clearlake-ca-area/	0.0430622009569378	0.6	0.42857142857142855	0	0.0	0.0	0	0	0	0.35294117647058826	175	0.0	0.23684210526315788	2.3351648351648353	0.15789473684210525
337	http://jobs.oodle.com/regions/	0.0	0.0	0.0	0	0	0	0	0	0	0.0	64	0.0	0.0	0.0	0.0
338	http://jobs.oodle.com/regions/california/	0.0	0.0	0.0	0	0.0	0	0	0	0	0.0	58	0.0	0.0	0.0	0.0
339	http://clearlakechildrenscenter.com/	0.0	0.0	0.0	0.0	0.0	0	0	0	0	0.0	2	0.0	0.32142857142857145	0.0	0.0
340	http://wharfmarinaclearlake.org/	0.0	0	0	0	0	0	0	0	0	0.0	0	0	0.375	0	0.0
341	http://www.emergencyemail.org/localnews/CA/Clearlake.asp	0.08823529411764706	0.0	0.0	0	0	0	0	0	0	0.21052631578947367	16	0	0.21428571428571427	0	0.2903225806451613
342	http://www.clearlakepines.com/WordPress/	0	0.0	0	0	0	0.0	0	0	0	0	22	0.0	0.3333333333333333	0.0	0.5294117647058824
343	http://www.edline.net/pages/Brevard_County_Schools/Departments/Departments__A-J/Adult_and_Community_Education/Locations/Clearlake_Education_Center	0.20454545454545456	0.0	0.34615384615384615	0.0	0.0	0	0	0	0	0	201	0.819838056680162	0.0703125	0.5336538461538461	0.3333333333333333
344	http://www.clearlakefarmersmarket.com/	0	0.0	0.0	0	0.0	0	0	0	0	0	72	0.0	0.34615384615384615	0.0	0.0
345	http://www.clearlakechinesechurch.org/	0.0	0.0	0	0	0	0	0	0	0	0	2	0	0.34615384615384615	0	0.0
347	http://www.addresses.com/white-pages/california/clearlake	0.09	0.1836734693877551	0.36	0.8797515568240788	0	0	0	0	0	0.28125	42	0.2217245240761478	0.20930232558139536	0.42857142857142855	0.21951219512195122
348	http://www.addresses.com/white-pages	0.0	0.0	0.0	0.0	0.0	0	0	0	0	0	52	0	0.0	0	0.0
349	http://www.addresses.com/white-pages/california	0.0	0.0	0	0.0	0	0	0	0	0	0.0	46	0.0	0.0	0.0	0.0
350	http://locations.schoolofrock.com/clearlake	0.0	0.0	0	0.0	0.0	0.0	0	0	0	0.0	31	0.0	0.2571428571428571	0.0	0.0
351	http://locations.schoolofrock.com/us	0.0	0.0	0.0	0	0	0	0	0	0	0.0	24	0	0.0	0.0	0.0
352	http://locations.schoolofrock.com/us/texas.html	0.0	0.0	0.0	0	0	0	0	0	0	0.0	24	0	0.0	0.0	0.0
353	http://locations.schoolofrock.com/us/texas/webster.html	0.0	0.0	0.0	0	0	0	0	0	0	0.0	25	0	0.0	0.0	0.0
354	http://www.homelessshelterdirectory.org/cgi-bin/id/city.cgi?city=Clearlake&state=CA	0.055900621118012424	0.0	0	0.32142857142857145	0.7044534412955465	0	0	0	0	0.3050847457627119	67	0.0	0.13043478260869565	0.0	0.23684210526315788
355	http://www.clearlakeautoworld.com/inventory.html	0.0	0	0	0	0	0	0	0	0	0.012096774193548387	9	0	0.25	0	0.0
356	http://www.campsitephotos.com/campground/Clear-Lake	0.036290322580645164	0.0	0	0.0	0.0	0.0	0	0.0	0	0.0	8	0.0	0.23684210526315788	0.0	0.0
357	http://bestwesterncalifornia.com/hotels/best-western-el-grande-inn	0.07894736842105263	0.0	0.0	0.0	0.0	0.391304347826087	0	0	0	0	100	0.33019949423647926	0.0	0.0	0.1875
359	http://laketransit.org/	0	0.0	0	0	0	0.375	0	0	0	0	6	0.0	0.0	0.0	0.0
360	http://www.americasbestvalueinn.com/bestv.cfm?idp=1787	0.052941176470588235	0.0	0.3	0.0	0.0	0	0	0	0	0.0	11	0.0	0.0	0.0	0.20224719101123595
361	http://www.clearlaketexasrealestateonline.com/	0.0	0	0	0	0	0	0	0	0	0.0	2	0.0	0.2647058823529412	0.0	0.0
363	http://www.khrehabclearlake.com/	0.0	0.0	0	0	0.0	0	0	0	0	0.0	21	0.0	0.45	0.0	0.0
364	http://www.coldwellbankerlakecounty.com/	0.0	0.0	0	0.0	0	0	0	0	0	0	2	0.13636363636363635	0.0	0	0.0
365	http://www.canorml.org/news/Clearlake_medical_marijuana_cultivation_ban_challenged	0	0.0	0.14285714285714285	0.0	0	0	0	0	0	0.0	41	0.17273592885141772	0.13043478260869565	0.0	0.10975609756097561
366	http://clearlaketackle.com/	0.0	0.6	0	0.0	0.0	0	0	0	0	0.0	0	0	0.47368421052631576	0	0.6
367	http://www.pogospizza.com/	0.0	0.0	0.0	0	0	0	0	0	0	0.0	1	0	0.0	0.0	0.17647058823529413
368	http://www.lakepointlodge.net/	0	0.0	0	0.15254237288135594	0	0	0	0	0	0	4	0.0	0.0	0	0.16363636363636364
369	http://www.pressdemocrat.com/news/2617381-181/clear-lake-low-water-level	0.0	0.0	0.0	0	0	0	0	0	0	0	174	0.1817700130276692	0.15517241379310345	0.0	0.0
370	http://doctor.webmd.com/doctor/ann-larocca-970dbd90-3b63-4cb9-8569-c07621af3873-overview	0.13432835820895522	0.0	0	0.0	0.23076923076923078	0.0	0.0	0	0	0.16071428571428573	188	0.13333333333333333	0.0	0.9	0.1836734693877551
371	http://clearlakeshipping.com/about/	0	0.32456140350877194	0	0	0	0	0	0	0	0	6	1.2783766233766234	0.34615384615384615	0.0	0.34615384615384615
372	http://www.demarr.com/services/california-private-investigator/lake-county-private-investigator/clearlake-city/	0	0.0	0.2571428571428571	0.0	0	0	0	0	0	0	78	0.04186046511627907	0.09473684210526316	0	0.6428571428571429
373	http://clearlakefinancial.com/	0	0.0	0	0.0	0	0	0	0	0	0	13	0.20748299319727892	0.4090909090909091	0.0	0.18
374	http://clearlake.wisconsin.com/	0.0	0.0	0.0	0.0	0	0	0	0	0	0.0	2	0.0	0.391304347826087	0.0	0.0
375	http://clrca.com/	0.0	0.0	0	0	0	0	0	0	0	0.0	4	0.0	0.0	0.0	0.0
376	https://chai-itsaboutyou.org/Washington/Clearlake	0.18947368421052632	0.0	0	0.4697560975609756	1.3044685382492078	0	0	0	0	0.18	322	0.2145703087811333	0.23076923076923078	0.42857142857142855	0.14754098360655737
377	http://clearlake.fit4mom.com/connect/contact	0	0.0	0.0	0	0	0	0	0	0	0	6	0.0	0.2571428571428571	0.0	0.0
378	http://www.businesspost.work/news/clearlake-capital-group	0.07758620689655173	0.0	0	0.0	0.0	0	0	0	0	0.20089285714285715	331	0.8486641993705403	0.20454545454545456	0.0	0.23076923076923078
