index	url	description	div	h1	h2	h3	h4	h5	h6	inbound_links	keywords	outbound_links	p	root	span	title
1	http://www.coalinga.com/	0.0963855421686747	0.2962962962962963	0.4	0.0	0	0	0	0	0	0.0898876404494382	2	0.31740768970831357	0.6666666666666666	0.0	0.26666666666666666
2	https://en.wikipedia.org/wiki/Coalinga,_California	0	0.4444444444444444	0.4	0.0	0.0	0	0	0	0	0	65	1.9441185563612924	0.2	1.0	0.14545454545454545
3	http://www.coalinga.com/?pg=40	0.0963855421686747	0.2962962962962963	0.0	0.0	0	0	0	0	0	0.0898876404494382	2	0	0.4444444444444444	0	0.21621621621621623
4	http://www.westhillscollege.com/coalinga/	0	0.0	0	0.0	0	0.0	0	0	0	0	54	0.2574451838114977	0.2857142857142857	0.0	0.2962962962962963
5	http://www.dsh.ca.gov/coalinga/	0.0	0.0	0.2	0	0	0	0	0	0	0.0	3	0.5868188525960074	0.4444444444444444	0.0	0.21621621621621623
6	http://www.city-data.com/city/Coalinga-California.html	0.21621621621621623	0.0	0	0	5.385838813637756	0	0	0	0	0	34	3.7983902487301004	0.1951219512195122	0.4	0.042328042328042326
7	https://en.wikipedia.org/wiki/Coalinga_State_Hospital	0	0.0	0.34782608695652173	0.0	0.0	0	0	0	0	0	28	0.18241237437187546	0.18604651162790697	0.0	0.13793103448275862
8	http://www.westhillscollege.com/	0	0.0	0	0	0	0.0	0	0	0	0	17	0.20098039215686275	0.0	0.0	0.0
9	http://www.realtor.com/realestateandhomes-search/Coalinga_CA	0.14678899082568808	0.0	0.14545454545454545	0.6153846153846154	0.0	0.509090909090909	0.0	0	0	0	99	0.4452159428278139	0.1702127659574468	17.666666666666664	0.32
10	http://www.realtor.com/realestateandhomes-search/California	0.0	0.0	0.0	0	0.0	0.0	0.0	0	0	0	91	0.0	0.0	0.0	0.0
11	http://www.zillow.com/coalinga-ca/	0.05161290322580645	0.02363496718335428	0.34782608695652173	0	0	0.8444444444444444	0.0	0.0	0	0	102	0.0	0.38095238095238093	34.505387709685316	0.2711864406779661
12	http://www.dsh.ca.gov/Coalinga/default.aspx	0.0	0.0	0.2	0	0	0	0	0	0	0.0	3	0.5868188525960074	0.26666666666666666	0.0	0.21621621621621623
13	http://www.fresnocog.org/city-coalinga	0	0.0	0.0	0.5	0	0	0	0	0	0	33	0.0	0.3076923076923077	0.7272727272727273	0.16666666666666666
14	http://www.brightsourceenergy.com/coalinga	0.0	0.0	1.0	0	0.11940298507462686	0	0	0	0	0	15	0.2669228042491395	0.26666666666666666	2.0	0.21052631578947367
15	https://www.yelp.com/biz/coalinga-coalinga	0.03225806451612903	0.0	0.26666666666666666	0.0	0.42134442134442135	0.0	0	0	0	0.0	100	0.8430805961202594	0.5714285714285714	2.0	0.37209302325581395
16	http://www.trulia.com/CA/Coalinga/	0.0625	21.307511436022402	0.2857142857142857	0.17777777777777778	0	0	0.0	0	0	0	4	0.0	0.4	0.0	0.32
17	http://www.coalingamidstaterealty.com/	0.0547945205479452	0.0	0.0	0.0	0	0	0	0	0	0	7	0.0	0.3076923076923077	0	0.13559322033898305
18	http://www.realtor.com/realestateandhomes-search/Coalinga_CA/pg-2	0.13559322033898305	0.0	0.14545454545454545	0.6153846153846154	0.0	0.509090909090909	0.0	0	0	0	98	0.4117562079685076	0.1568627450980392	18.666666666666664	0.23529411764705882
19	http://www.realtor.com/realestateandhomes-search/California	0.0	0.0	0.0	0	0.0	0.0	0.0	0	0	0	91	0.0	0.0	0.0	0.0
20	http://www.realtor.com/realestateandhomes-search/Coalinga_CA	0.15384615384615385	0.0	0.14545454545454545	0.6153846153846154	0.0	0.509090909090909	0.0	0	0	0	99	0.3521680091180721	0.1702127659574468	17.666666666666664	0.32
21	http://www.cdcr.ca.gov/Facilities_Locator/PVSP.html	0.0	0.0	0.0	0.0	0.0	0.0	0	0	0	0.0	17	0.0	0.0	0.0	0.0
22	http://www.westhillsfalcons.com/landing/index	0	0.0	0	0.0	0.0	0	0	0	0	0	39	0.0	0.0	3.5834830210339437	0.2857142857142857
23	http://www.harrisranchbeef.com/	0.0	0.0	0	0	0	0	0	0	0	0.0	14	0.0	0.0	0.0	0.0
24	http://chs.chusd.org/	0	0.0	0	0.21052631578947367	0.4	0.0	0	0	0	0	29	0.055944055944055944	0.0	2.056969696969697	0.2962962962962963
25	http://www.aeraenergy.com/coalinga.asp	0	0.0	0	1.0	0.0	0	0	0	0	0	2	0.21291874355574864	0.3076923076923077	0.32	0.36363636363636365
26	http://www.topix.com/city/coalinga-ca	0.07207207207207207	1.1860465116279069	0.6153846153846154	0	0	0.0	0.0	0	0	0	27	1.1563887093298857	0.3333333333333333	1.6153846153846154	0.42105263157894735
27	http://www.topix.com/state/ca	0.0	0.0	0.0	0	0	0.0	0.0	0	0	0	28	0.0	0.0	0.0	0.0
28	http://www.topix.com/county/fresno-ca	0.0	0.0	0.0	0	0	0.0	0.0	0	0	0	28	0.0	0.0	0.0	0.0
29	https://bigfuture.collegeboard.org/college-university-search/west-hills-college-coalinga#!	0.05161290322580645	0.0	0	0	0	0	0	0	0	0.08247422680412371	1	0	0.1	0	0.16666666666666666
30	http://www.greatschools.org/california/coalinga/schools/	0.11764705882352941	3.139089008847805	0.12903225806451613	0	0	0	0	0	0	0	91	0.0	0.1951219512195122	1.0	0.3076923076923077
31	http://www.greatschools.org/california/	0.0	0.0	0.0	0.0	0.0	0.0	0	0	0	0.0	30	0.0	0.0	0.0	0.0
32	http://www.greatschools.org/california/coalinga/	0.11188811188811189	3.2251748251748253	0.5	0.0	0.0	0.0	0	0	0	0.3393939393939394	18	0.0	0.23529411764705882	4.666666666666667	0.21621621621621623
33	https://www.wunderground.com/us/ca/coalinga	0.05517241379310345	0.0	0.4444444444444444	0.0	0.0	0.0	0	0	0	0.3764705882352941	5	0.0	0.2857142857142857	0.0	0.1568627450980392
34	http://coalingahuronusd.cyberschool.com/	0	0.0	0.0	0.0	0.0	0.0	0	0	0	0	59	0.0	0.25	0.0	0.0
35	https://www.tripadvisor.com/Attractions-g32227-Activities-Coalinga_California.html	0.09022556390977443	0.9411764705882353	0.6214177978883861	0.27586206896551724	0	0	0	0	0	0.16260162601626016	1	0	0.11594202898550725	2.9257142857142857	0.12698412698412698
36	https://www.tripadvisor.com/Tourism-g28926-California-Vacations.html	0.0	0.0	0.0	0	0.0	0.0	0	0	0	0.0	1	0.0	0.0	0.0	0.0
37	https://www.tripadvisor.com/Tourism-g32227-Coalinga_California-Vacations.html	0.17777777777777778	0.7963109354413702	0.8705882352941177	0	0.7247311827956988	0	0	0	0	0.19047619047619047	1	0	0.125	1.9257142857142857	0.25396825396825395
38	http://www.century21.com/real-estate/Coalinga-CA/LCCACOALINGA/	0.1889763779527559	4.296296296296298	0.34782608695652173	1.7114624505928853	0.0	0.0	0	0	0	0.21818181818181817	27	0.0	0.3404255319148936	3.733333333333333	0.4866359447004608
39	http://www.century21.com/real-estate/california/LSCA/	0.0	0.0	0.0	0.0	0.0	0.0	0	0	0	0.0	27	0.0	0.0	0.0	0.0
40	http://www.century21.com/real-estate/coalinga-ca/LCCACOALINGA/	0.1889763779527559	4.296296296296298	0.34782608695652173	1.7114624505928853	0.0	0.0	0	0	0	0.21818181818181817	27	0.0	0.3404255319148936	3.733333333333333	0.4866359447004608
41	http://www.homes.com/for-sale/coalinga-ca/	0.0967741935483871	0.47058823529411764	0.26666666666666666	0.2857142857142857	0.4444444444444444	0	0	0	0	0.08791208791208792	6	0.09393346379647749	0.2857142857142857	15.0	0.4069264069264069
42	http://www.apartmenthomeliving.com/coalinga-ca	0.09937888198757763	0.3076923076923077	0.0	0.4267425320056899	0.0	0.7948051948051947	0	0	0	0	112	0.14730351036083522	0.23529411764705882	0.0	0.37209302325581395
43	http://www.bobbieeade.com/	0.10909090909090909	0.0	0	0	0	0	0	0	0	0.23404255319148937	3	0	0.0	0	0.3221476510067114
44	http://places.findthehome.com/l/14119/Coalinga-CA	0.04790419161676647	1.8654970760233918	0	0.32	0.3076923076923077	0.0	0	0.0	0	0	164	5.1533532059128335	0.20512820512820512	1.1052631578947367	0.2962962962962963
45	http://earthquake.usgs.gov/earthquakes/states/events/1983_05_02.php	0.0	0.0	0.0	0.27586206896551724	0	0	0	0	0	0.0	19	0.12334724663491786	0.0	0.0	0.0
46	http://www.coalingapolice.com/	0.044444444444444446	0.0	0.0	0	0	0	0	0	0	0	7	0.18181818181818182	0.4444444444444444	3.154659590162421	0.38095238095238093
47	https://my.whccd.edu/whccd-public/PublicPages/Coalinga.aspx	0	0.0	0.0	0	0	0	0	0	0	0	2	0.0	0.16666666666666666	0.5333333333333333	0.4444444444444444
48	http://coalingachamber.com/	0.20512820512820512	0.0	0	0.41025641025641024	0.24242424242424243	0	0	0	0	0	64	1.7959183673469385	0.42105263157894735	0.5247432306255836	0.21333333333333335
53	http://www.accuweather.com/en/us/coalinga-ca/93210/weather-forecast/332083	0.09523809523809523	0.0	0.6666666666666666	0.0	0.32	0.0	0.0	0	0	0.11940298507462686	185	0.0	0.14035087719298245	0.5	0.1509433962264151
54	http://www.accuweather.com/en/us/united-states-weather	0.0	0.0	0.0	0.0	0.0	0.0	0.0	0	0	0.0	160	0.0	0.0	0.0	0.0
55	http://www.accuweather.com/en/us/ca/california-weather	0.0	0.0	0	0.0	0.0	0.0	0.0	0	0	0	208	0.0	0.0	0.0	0.0
56	https://www.chp.ca.gov/find-an-office/central-division/offices/(495)-coalinga	0	0.11104577388505463	0.03076923076923077	0.0	0	0.0	0	0	0	0	6	0.0	0.13114754098360656	0.5714285714285714	0.09411764705882353
57	http://coalingamedicalcenter.com/	0	0.0	0.18604651162790697	0.0	0.0	0.0	0	0	0	0	7	0.25971037233173155	0.32	0.0	0.25
58	http://www.communitycollegereview.com/west-hills-college-coalinga-profile	0.1437125748502994	0.21877309682187732	0	0	0.0	0	0	0	0	0	24	0.0	0.13114754098360656	1.347358303833124	0.25396825396825395
59	http://www.communitycollegereview.com/california	0.0	0.0	0.0	0	0.0	0	0	0	0	0	7	0.0	0.0	0.0	0.0
60	http://www.thefreedictionary.com/coaling	0.0	0.0	0.0	0.0	0	0	0	0	0	0.0	278	0.0	0.0	0.0	0.0
61	http://www.harrisranch.com/home/	0.0	0.0	0.0	0.0	0.0	0.0	0	0	0	0	52	0.0	0.0	0.0	0.0
62	http://www.indeed.com/l-Coalinga,-CA-jobs.html	0.10810810810810811	0.26666666666666666	0	0.0	0	0	0	0	0	0.30939226519337015	5	0.0	0.23529411764705882	6.102568317238546	0.17777777777777778
63	https://www.yelp.com/biz/harris-ranch-inn-and-restaurant-coalinga	0.0	0.0	0.0	0.0	0.0	0.0	0	0	0	0.0	133	0.0	0.1568627450980392	1.0	0.0761904761904762
64	https://www.yelp.com/c/coalinga-ca-us/restaurants	0.0326530612244898	0.0	0.2857142857142857	0.0	0.0	0	0	0	0	0.0	91	0	0.23529411764705882	0.0	0.26666666666666666
65	https://www.yelp.com/c/coalinga-ca-us/steak	0.03319502074688797	0.0	0.0	0.0	0.0	0.0	0	0	0	0.0	89	0.0	0.2857142857142857	0.34782608695652173	0.1702127659574468
66	http://www.kmart.com/stores/california/coalinga/4721.html	0.07272727272727272	0.0	0.0	0.0	0.0	0	0	0	0	0.32	7	0.0	0.19047619047619047	1.8888888888888888	0.16666666666666666
67	http://www.kmart.com/stores.html	0.0	0.0	0.0	0	0	0.0	0.0	0	0	0	3	0.0	0.0	0.0	0.0
68	http://www.kmart.com/stores/california.html	0.0	0.0	0.0	0.0	0	0	0.0	0	0	0	2	0.0	0.0	1.8	0.0
69	http://www.rvparkreviews.com/regions/california/coalinga	0.11594202898550725	0.0	0.65	0	0	0.25	0.0	0	0	0.31101511879049676	55	0.24242424242424243	0.19047619047619047	2.4	0.2
70	http://www.rvparkreviews.com/regions/california	0.0	0.0	0.0	0	0	0.0	0	0	0	0.0	1327	0.0	0.0	0.0	0.0
71	http://www.greatschools.org/california/coalinga/771-Coalinga-High-School/	0.15584415584415584	3.766946778711484	0.0	0.0	0.0	0	0	0	0	0.3769633507853403	30	0.0	0.27586206896551724	2.54623878536922	0.24242424242424243
72	http://www.greatschools.org/california/	0.0	0.0	0.0	0.0	0.0	0.0	0	0	0	0.0	30	0.0	0.0	0.0	0.0
73	http://www.greatschools.org/california/coalinga/	0.11188811188811189	3.2251748251748253	0.5	0.0	0.0	0.0	0	0	0	0.3393939393939394	18	0.0	0.23529411764705882	4.666666666666667	0.21621621621621623
74	http://www.greatschools.org/california/coalinga/schools/	0.11764705882352941	3.139089008847805	0.12903225806451613	0	0	0	0	0	0	0	91	0.0	0.1951219512195122	1.0	0.3076923076923077
75	http://abc30.com/news/contraband-sneaked-into-coalinga-max-security-facility-for-sexually-violent-predators/664745/	0.030418250950570342	0.0	0.09411764705882353	0	0	0	0	0	0	0.1111111111111111	69	0.13186516246706748	0.07692307692307693	0.0	0.08247422680412371
76	http://chld.org/	0	0.0	0	0.0	0.0	0	0	0	0	0	15	0.404965225375985	0.0	0.0	0.25806451612903225
77	http://www.travelodge.com/hotels/california/coalinga/coalinga-travelodge/hotel-overview	0	0.03319502074688797	0.42105263157894735	0.42105263157894735	0.3076923076923077	0.0	0.0	0	0	0	50	0.0	0.22535211267605634	1.9543859649122806	0.3404255319148936
78	http://www.dignitymemorial.com/coalinga-chapel/en-us/index.page	0.0	0.12121212121212122	0.5333333333333333	0	0	0	0	0	0	0.0	8	0.6712643678160919	0.16326530612244897	0.0	0.4444444444444444
79	http://abc30.com/place/coalinga/	0.125	1.6556328468987154	0.6153846153846154	0	0	0	0	0	0	0	45	0	0.36363636363636365	0.0	0.32
80	http://www.chusd.org/	0	0.025078369905956112	0	0	0.21052631578947367	0.0	0	0	0	0	8	0.6237747952033666	0.0	1.1234680905161454	0.17777777777777778
81	http://www.remax.com/realestatehomesforsale/coalinga-ca-p001.html	0.06015037593984962	0.0	0.37209302325581395	0.0	0.0	0	0	0.0	0	0.20168067226890757	15	0.0	0.15384615384615385	3.6666666666666665	0.1951219512195122
82	http://www.remax.com/advancedsearch/	0.0	0.0	0.0	0.0	0.0	0	0	0.0	0	0.0	15	0.0	0.0	0.0	0.0
83	https://www.hotels.com/de1635573/hotels-coalinga-california/	0.05333333333333334	0.5035268583830711	0	1.0144927536231885	0.0	0.9150326797385622	0.0	0	0	0.0	63	0.0	0.17777777777777778	3.5102301207564364	0.16
84	http://book.bestwestern.com/bestwestern/US/CA/Coalinga-hotels/BEST-WESTERN-Big-Country-Inn/Hotel-Overview.do?propertyCode=05621	0.10191082802547771	0.11476758535582066	0.0	0	0.0	0.0	0	0.0	0	0	57	0.0	0.07017543859649122	0.0	0.23880597014925373
85	http://www.apartments.com/coalinga-ca/	0.04819277108433735	7.413578895931837	0.2857142857142857	0.21621621621621623	0.0	0.0	0.0	0	0	0.125	69	0.04838709677419355	0.32	0.0	0.1509433962264151
86	http://www.loopnet.com/California/Coalinga-Commercial-Real-Estate/	0.13389121338912133	0.0	0.0	0.9430125430125429	0.0	0	0.0	0	0	0.2748091603053435	37	0.30657028660658425	0.15384615384615385	3.1443950626049424	0.2191780821917808
87	https://www.fcacoalinga.com/	0	0.0	0	0.0	0.0	0	0	0	0	0	4	0.0	0.5333333333333333	0.0	0.0
89	http://www.epa.gov/region9/superfund/	0	0.0	0.0	0	0	0.0	0.0	0	0	0	35	0.0	0.0	0	0.0
90	http://yosemite.epa.gov/r9/sfund/r9sfdocw.nsf/vWSOAlphabetic?openview	0	0.0	0.0	0	0	0.0	0	0	0	0	30	0.0	0.0	0	0.0
91	https://www.tripadvisor.com/Hotel_Review-g32227-d291710-Reviews-Harris_Ranch_Inn-Coalinga_California.html	0.08121827411167512	1.291005291005291	0.25	0.0	0.0	0	0	0	0	0.09302325581395349	1	0.0	0.08695652173913043	5.80687370600414	0.12121212121212122
92	https://www.tripadvisor.com/Tourism-g32227-Coalinga_California-Vacations.html	0.17777777777777778	0.7963109354413702	0.8705882352941177	0	0.7247311827956988	0	0	0	0	0.19047619047619047	1	0	0.125	1.9257142857142857	0.25396825396825395
93	https://www.tripadvisor.com/Hotels-g32227-Coalinga_California-Hotels.html	0.1032258064516129	4.006641669368443	0.7563025210084033	0.0	0	0	0	0	0	0.0975609756097561	1	0	0.13333333333333333	3.8570395540061484	0.12698412698412698
94	http://www.californiagasprices.com/Coalinga/index.aspx	0.128	0.0	0.0	0.0	0	0	0	0	0	0	59	0.0	0.1951219512195122	0.0	0.2222222222222222
95	http://www.sjvgeology.org/geology/coalinga_earthquake.html	0.27586206896551724	0.0	0	0	0	0	0	0	0	0	1	0.3647926594296586	0.17777777777777778	0	0.27586206896551724
96	http://coalingapost.com/	0	0.0	0	0	0	0.0	0	0	0	0	15	0.14545454545454545	0.5	1.4848732887155536	0.47058823529411764
97	http://www.rentals.com/California/Coalinga/	0.13675213675213677	0	0.17777777777777778	0.0	0.0	0	3.5555555555555562	0	0	0	10	0.0	0.27586206896551724	0.0	0.25806451612903225
99	http://www.accuweather.com/en/us/coalinga-ca/93210/daily-weather-forecast/332083	0.09467455621301775	0.0	0.6666666666666666	0.0	0.0	0.0	0.0	0	0	0.09302325581395349	162	0.0	0.12698412698412698	0.36363636363636365	0.14285714285714285
100	http://www.accuweather.com/en/us/ca/california-weather	0.0	0.0	0	0.0	0.0	0.0	0.0	0	0	0	208	0.0	0.0	0.0	0.0
101	http://www.accuweather.com/en/us/coalinga-ca/93210/weather-forecast/332083	0.09523809523809523	0.0	0.6666666666666666	0.0	0.32	0.0	0.0	0	0	0.11940298507462686	185	0.0	0.14035087719298245	0.5	0.1509433962264151
102	http://weekendamerica.publicradio.org/display/web/2007/12/21/coalinga/	0.0	0.0	0	0.0	0.0	0	0	0	0	0.0	33	1.03709698850995	0.14285714285714285	0	0.0
103	http://www.vqfitness.com/Coalinga.html	0	0	0	0	0	0	0	0	0	0	0	0	0.3076923076923077	0	0
104	http://www.maxpreps.com/high-schools/coalinga-horned-toads-(coalinga,ca)/basketball/home.htm	0.06504065040650407	0.0	0	0.0	0.0	0	0	0	0	0	54	0.7415510007639261	0.2077922077922078	1.0476190476190474	0.17391304347826086
105	http://www.maxpreps.com/state/basketball/california.htm	0.0	0.0	0.0	0.0	0.0	0	0	0	0	0	14	0.0	0.0	0.0	0.0
106	https://www.trulia.com/for_rent/Coalinga,CA/	0.11188811188811189	1.339521800281294	0.25	0.0	0.0	0.0	0.0	0	0	0	9	0.0	0.27586206896551724	41.999999999999986	0.14814814814814814
107	http://www.maxpreps.com/high-schools/coalinga-horned-toads-(coalinga,ca)/home.htm	0.05333333333333334	0.0	0.4	0.0	0.0	0	0	0	0	0	35	0.927832810539721	0.23880597014925373	0.6666666666666666	0.2
108	http://www.maxpreps.com/state/california.htm	0.0	0.0	0.0	0.0	0.0	0.0	0	0	0	0	15	0.0	0.0	0.0	0.0
109	http://california-sales-tax-rate.insidegov.com/l/332/Coalinga	0.08791208791208792	1.4444444444444444	0	0.38095238095238093	0.0	0	0	0.0	0	0.0	85	0.9273114503337196	0.1568627450980392	1.1095921622237412	0.21052631578947367
111	http://coalingapost.com/?cat=3	0	0.0	0	0	0	0.0	0	0	0	0	107	0.8465487732227279	0.36363636363636365	1.4848732887155536	1.2253968253968255
112	http://www.westhillsfalcons.com/sports/fball/index	0	0.0	0.0	0.0	0.0	0	0	0	0	0	38	0.0	0.0	2.8178130184006047	0.2857142857142857
113	http://california.hometownlocator.com/ca/fresno/coalinga.cfm	0.10256410256410256	0.38095238095238093	0.24242424242424243	1.0703109526638939	0	0.6153846153846154	0	0	0	0.23076923076923078	29	0.6410893248822334	0.16	0.0	0.23529411764705882
114	http://www.coalingarifleclub.org/	0	0.0	0.42105263157894735	0.0	0	0	0	0	0	0	4	0.6888253825821492	0.38095238095238093	0	0.42105263157894735
115	https://www.zomato.com/coalinga-ca/harris-ranch-restaurant-coalinga	0.08743169398907104	0.5333333333333333	0.0	0.18181818181818182	0.0	0.0	0	0	0	0	148	0.0	0.3018867924528302	6.862159789288848	0.25396825396825395
116	https://www.zomato.com/united-states	0.0	0.0	0.0	0.0	0.0	0.0	0	0	0	0	767	0	0.0	0.0	0.0
117	https://www.zomato.com/coalinga-ca/restaurants	0.1951219512195122	8.38170269074143	0.3460653474459273	0	0.0	0	0	0	0	0	243	0	0.25	1.0	0.24615384615384617
118	http://www.snagajob.com/job-search/w-coalinga,+ca	0.14414414414414414	0.0	0.1509433962264151	0.0	0.0	0.0	0	0	0	0	19	0.0	0.2222222222222222	3.384615384615384	0.19047619047619047
119	http://articles.latimes.com/keyword/coalinga-state-hospital	0.12030075187969924	0.18652925137868628	0.34782608695652173	0	0	0	0	0	0	0.08421052631578947	4	0	0.16	0.34782608695652173	0.16666666666666666
120	http://www.yellowpages.com/coalinga-ca/restaurants	0.1	0.0	1.0	0.0	0.0	0.0	0.0	0	0	0	52	0.053691275167785234	0.21621621621621623	26.666666666666675	0.16326530612244897
121	http://earthquaketrack.com/us-ca-coalinga/recent	0.09302325581395349	0.0	0.0	0	0.4	0.41145528930450026	0	0	0	0	7	0.0	0.20512820512820512	0.1095890410958904	0.125
122	http://coalingamedicalcenter.com/employment/	0	0.0	0.0	0	0.0	0.0	0	0	0	0	62	0.41161616161616166	0.22857142857142856	0.0	0.17777777777777778
123	http://www.indeed.com/jobs?l=Coalinga,+CA&start=10	0.10810810810810811	0.26666666666666666	0	0.0	0	0	0	0	0	0.30939226519337015	3	0	0.21052631578947367	4.222222222222222	0.17777777777777778
124	http://www.yellowpages.com/coalinga-ca/factory-outlet-malls	0.09467455621301775	0.0	1.0	0.0	0.0	0.0	0	0	0	0	19	0.0	0.17391304347826086	0.0	0.13793103448275862
126	http://fresno.craigslist.org/	0.0	0.0	0	0.0	0	0.0	0.0	0	0	0	147	0.0	0.0	0.0	0.0
127	http://www.chrpd.org/	0.02671118530884808	0.0	0.0	0	0	0	0	0	0	0	8	0.0	0.0	0.5265123949509332	0.26666666666666666
128	http://www.topix.com/forum/city/coalinga-ca	0.02531645569620253	1.0	0.5714285714285714	0.24242424242424243	0	0.0	0	0	0	0	11	0.8216192655551923	0.27586206896551724	1.5714285714285714	0.5
129	http://www.topix.com/state/ca	0.0	0.0	0.0	0	0	0.0	0.0	0	0	0	28	0.0	0.0	0.0	0.0
130	http://www.topix.com/county/fresno-ca	0.0	0.0	0.0	0	0	0.0	0.0	0	0	0	28	0.0	0.0	0.0	0.0
131	http://www.topix.com/city/coalinga-ca	0.07207207207207207	1.1860465116279069	0.6153846153846154	0	0	0.0	0.0	0	0	0	27	1.1563887093298857	0.3333333333333333	1.6153846153846154	0.42105263157894735
133	http://www.zillow.com/coalinga-ca/rent-houses/	0.05405405405405406	0.02285830909740293	0.2962962962962963	0	0	0.0	0.0	0.0	0	0	105	0.4862869002261252	0.25	14.247861836720073	0.1568627450980392
134	https://bigfuture.collegeboard.org/college-university-search/west-hills-college-coalinga	0.05161290322580645	0.0	0	0	0	0	0	0	0	0.08247422680412371	1	0	0.10256410256410256	0	0.16666666666666666
135	https://www.municode.com/library/ca/coalinga/codes/code_of_ordinances	0.0	0	0	0	0	0	0	0	0	0.0	0	0	0.15384615384615385	0	0.0
136	http://www.apartmentguide.com/apartments/California/Coalinga/	0.042105263157894736	0.0	0	0.6666666666666666	1.980739988804505	0.0	0.0	0	0	0	18	0.0	0.17391304347826086	10.150943396226415	0.1702127659574468
137	http://www.apartmentguide.com/apartments/California/	0.0	0.0	0.0	0.0	0.0	0.0	0.0	0	0	0	17	0.0	0.0	0.0	0.0
138	http://dot.ca.gov/maintenance/coalinga-avenal-n.html	0.0	0.0	0.19047619047619047	0.0	0	0.0	0	0	0	0.0	39	0.0	0.18604651162790697	0.0	0.0
139	http://www.landwatch.com/California_land_for_sale/Coalinga	0.13445378151260504	0.06534641828759476	0	0.0	0	0	0	0	0	0.15476190476190477	26	0.0	0.17777777777777778	0.1568627450980392	0.14035087719298245
140	https://driversed.com/DMV/california/Coalinga.aspx	0.07407407407407407	0.0	0.0	0.5	0.0	0	0	0	0	0.34782608695652173	14	0.0	0.20512820512820512	0.0	0.17518248175182483
141	https://driversed.com/dmv/	0.0	0.0	0.0	0	0.0	0	0	0	0	0.0	10	0.0	0.0	0.0	0.0
142	https://driversed.com/dmv/california/	0.0	0.0	0.0	0	0.0	0	0	0	0	0.0	22	0.0	0.0	0.0	0.0
143	http://www.usacitiesonline.com/cacountycoalinga.htm	0.09266409266409266	0.0	0.8888888888888888	0	0.0	0	0	0	0	0.0855614973262032	6	7.935884882385184	0.20512820512820512	0	0.1095890410958904
147	https://www.kayak.com/Coalinga-Hotels.19130.hotel.ksp	0.06504065040650407	0.40669828651912115	0.5333333333333333	0.8020050125313283	0	0	0	0	0	0	8	0.1	0.2	1.6666666666666665	0.1568627450980392
148	https://www.kayak.com/hotels	0.0	0.0	0.0	0.0	0.0	0.0	0	0	0	0	42	0.0	0.0	0.0	0.0
149	https://www.kayak.com/United-States-Hotels.253.dc.html	0.0	0.0	0.0	0.0	0	0	0	0	0	0	39	0.0	0.0	0.0	0.0
150	https://www.kayak.com/California-United-States-Hotels.122.dr.html	0.0	0.0	0.0	0.0	0	0	0	0	0	0	42	0.0	0.0	0.0	0.0
151	http://www.snagajob.com/jobs/california/coalinga_jobs.html	0.11510791366906475	0.40854280854280856	0.6153846153846154	0.32	1.4071075123706702	0	0	0	0	0	11	0	0.18181818181818182	0.6666666666666666	0.3404255319148936
153	http://www.wicprograms.org/ci/ca-coalinga	0.064	0.0	0.5	0	0.0	0.13333333333333333	0	0	0	0.3076923076923077	167	0.02	0.2857142857142857	0.0	0.125
154	http://www.bestplaces.net/people/city/california/coalinga	0.0	0.0	0	0.0	0.0	0	0	0	0	0.0	94	0.5845746405221202	0.19047619047619047	0.6879741727199354	0.25
155	https://www.uhaul.com/Locations/Truck-Rentals-near-Coalinga-CA-93210/068296/	0.11188811188811189	0.0	0.0	0.0	0.0	0.0	0.0	0	0	0.15469613259668508	16	0.0	0.13333333333333333	3.421052631578947	0.125
156	http://www.monster.com/jobs/l-coalinga,-ca.aspx?page=3	0.08791208791208792	0.24028049038755675	0.16	0.14545454545454545	0.26666666666666666	0.0	0	0	0	0.3333333333333333	168	0	0.1951219512195122	8.908921239268382	0.22857142857142856
157	http://www.airnav.com/airport/C80	0.0653061224489796	0.0	0	0	0.611111111111111	0.0	0	0	0	1.0	7	0.0	0.0	0	0.18181818181818182
158	http://www.facebook.com/westhillscollegecoalinga	0.15384615384615385	0.5430875576036867	0	0	0	0	0	0	0	0	108	0.7272727272727273	0.2222222222222222	1.6962962962962962	0.21052631578947367
159	http://locations.dennys.com/CA/COALINGA/201241	0.035555555555555556	0.0	0.0	0.0	0.0	0	0.0	0	0	0.0	61	0.0	0.2222222222222222	2.0	0.16666666666666666
160	http://locations.dennys.com/CA	0.0	0	0.0	0	0	0	0	0	0	0.0	55	0.0	0.0	0.0	0.0
161	http://locations.dennys.com/CA/COALINGA	0.037914691943127965	0.0	0.2962962962962963	0	0	0	0	0	0	0.0	56	0.0	0.26666666666666666	2.0	0.12121212121212122
162	http://www.apartmentratings.com/ca/coalinga/	0.09815950920245399	0.0	0.3076923076923077	0.0	0.6153846153846154	0	0	0	0	0	18	0.0	0.26666666666666666	1.0	0.3076923076923077
163	http://www.bestplaces.net/city/california/coalinga	0.0	0.0	0	0.0	1.918169461142161	0	0	0	0	0.0	142	0.18604651162790697	0.2222222222222222	1.8458034305491933	0.16666666666666666
164	http://coalinga.novusagenda.com/AgendaPublic/	0	0.0	0	0	0	0	0	0	0	0	0	0	0.2222222222222222	0.0	0.0
166	http://www.coalingamountainviewrealestate.net/	0.2	0.0	0	0	0	0	0	0	0	0.35555555555555557	1	0	0.23529411764705882	0.0	0.1951219512195122
167	http://www.classmates.com/places/school/Coalinga-High-School/13177	0.12307692307692308	0.7203065134099617	0.4	0.9424242424242424	0	0	0	0	0	0	79	0	0.1568627450980392	0.8	0.21052631578947367
168	http://www.whitepages.com/white-pages/coalinga-ca	0.0	0.0	0.4	1.726868686868687	0	0.26666666666666666	0	0	0	0.0	46	0.0	0.2222222222222222	0.0	0.19753086419753085
169	http://www.whitepages.com/white-pages/CA	0.0	0.0	0.0	0.0	0.0	0	0	0	0	0.0	16	0.0	0.0	0.0	0.0
170	http://hotelguides.com/california/coalinga-ca-hotels.html	0.05555555555555555	0.0	0.21052631578947367	0.36363636363636365	0.3076923076923077	0	0	0	0	0.031746031746031744	26	0.07272727272727272	0.16666666666666666	0.7142191142191141	0.4
171	http://hotelguides.com/california/ca-hotels.html	0.0	0.0	0.0	0	0	0	0	0	0	0.0	2	0.0	0.0	0.0	0.0
172	http://fcacoalinga.com/	0	0.0	0	0.0	0.0	0	0	0	0	0	4	0.0	0.5333333333333333	0.0	0.0
173	http://locations.dennys.com/CA/COALINGA	0.037914691943127965	0.0	0.2962962962962963	0	0	0	0	0	0	0.0	56	0.0	0.26666666666666666	2.0	0.12121212121212122
174	http://locations.dennys.com/CA	0.0	0	0.0	0	0	0	0	0	0	0.0	55	0.0	0.0	0.0	0.0
175	https://colleges.niche.com/west-hills-college----coalinga/	0	0.4444444444444444	0.27586206896551724	0	0	0	0	0	0	0	94	0.0	0.16666666666666666	1.1174603174603175	0.21621621621621623
176	http://www.sale-tax.com/CoalingaCA	0.04419889502762431	0.0	0	0.5	0	0	0	0	0	0	1	0.13114754098360656	0.36363636363636365	1.0	0.2962962962962963
177	http://www.city-data.com/crime/crime-Coalinga-California.html	0.05194805194805195	0.0	0	0	0	0.0	0	0	0	0	19	0.3130699088145896	0.16666666666666666	0.04678362573099415	0.04819277108433735
178	http://www.landsofamerica.com/Coalinga-CA/all-land/	0.05755395683453238	0.13992410782829945	0.24242424242424243	0	0	0.0	0	0	0	0	55	0.0	0.21621621621621623	14.0	0.14814814814814814
179	http://www.movoto.com/coalinga-ca/	0.20869565217391303	0.027972027972027972	0.23529411764705882	0.45714285714285713	0	0	0	0	0	0	119	0.0	0.38095238095238093	53.94509803921568	0.32
180	http://www.movoto.com/sitemap/ca/	0.0	0.0	0.0	0.0	0.0	0	0	0	0	0	169	0.0	0.0	0.0	0.0
181	https://blw.unionbank.com/blw/branches/California/Coalinga/190-West-Durian-Street-Coalinga-California.html	0.08	0.0	0.16	0	0	0	1.0	0	0	0.14035087719298245	33	0.0	0.17204301075268819	2.888888888888889	0.18181818181818182
182	https://blw.unionbank.com/blw/branches/All-State-Branch-Page	0.0	0.0	0.0	0	0	0	0	0	0	0.0	33	0.0	0.0	0.0	0.0
183	https://blw.unionbank.com/blw/branches/California/State-Level-Branch-Page	0.0	0.0	0.0	0	0	0	0	0	0	0.0	33	0.0	0.0	0.0	0.0
184	http://bestwesterncalifornia.com/hotels/best-western-big-country-inn	0.06956521739130435	0.0	0.0	0.0	0.0	0.36363636363636365	0	0	0	0	79	0.3803198283737099	0.0	0.0	0.16326530612244897
186	http://allnurses.com/psychiatric-nursing/	0.0	0.0	0.0	0.0	0	0	0	0	0	0.0	13	0.0	0.0	0.0	0.0
187	http://www.omnilexica.com/?q=Coalinga	0.18604651162790697	0.0	1.0	0.0	0	0	0	0	0	0	37	0.9629629629629629	0.32	8.0	0.2962962962962963
188	http://www.airnav.com/airport/3O8	0.03404255319148936	0.0	0	0	0.4444444444444444	0.0	0	0	0	1.0	7	0.0	0.0	0	0.0
189	http://www.americantowns.com/ca/coalinga	0.09411764705882353	0.0	0	0.0	0.0	1.2845067576102058	0.0	0	0	0.2846975088967972	28	1.2987085676029064	0.2962962962962963	1.380952380952381	0.1568627450980392
190	http://www.americansouthwest.net/california/hotels/coalinga.html	0.12244897959183673	0.06578639494749923	0.5333333333333333	0.8020050125313283	0	0	0	0	0	0.16243654822335024	8	0	0.16	0.27586206896551724	0.0784313725490196
192	http://www.sasserspecialties.com/coalinga	0.16	0.0	0	0	0.3333333333333333	0	0	0	0	0.07079646017699115	15	0.0	0.27586206896551724	0.05393258426966292	0.32
193	http://www.fandango.com/coalinga_+ca_movietimes	0.05517241379310345	0.0	0.0	0.0	0.0	0.0	0.0	0	0	0	157	0.0	0.22857142857142856	0.47058823529411764	0.10810810810810811
194	http://www.localconditions.com/weather-coalinga-california/93210/traffic.php	0.06060606060606061	0.06722689075630252	0.2222222222222222	0.17391304347826086	0	0.9888517279821627	0	0	0	0.37209302325581395	70	0.1111111111111111	0.12903225806451613	0.0	0.10526315789473684
195	http://www.localconditions.com/us/weather/california/	0.0	0.0	0.0	0.0	0	0.0	0	0	0	0.0	1312	0.0	0.0	0.0	0.0
196	http://www.co.fresno.ca.us/departmentpage.aspx?ID=10440	0	0.0	0.0	0.0	0	0.0	0.0	0	0	0	8	0.043010752688172046	0.0	0.9629629629629629	0.09302325581395349
197	http://www.apartments.com/palm-court-apartments-coalinga-ca/w7c39pl/	0.04878048780487805	0.0	0.0	0.0	0.0	0.0	0.0	0	0	0.0	63	0.0	0.14814814814814814	1.0	0.13114754098360656
198	http://www.california-demographics.com/coalinga-demographics	0.11940298507462686	0.0	0.0	0.6969147005444646	0	0	0	0	0	0	4	0.08888888888888889	0.16666666666666666	0.0	0.25
199	http://www.sandiegouniontribune.com/news/2010/may/16/predators-paradise-coalinga-mental-hospital/	0	0.0700974001073702	0.17777777777777778	0	0	0	0	0	0	0	8	0.12297599340426527	0.1	0.03619909502262444	0.12307692307692308
200	http://www.sandiegouniontribune.com/news/	0	0.0	0.0	0.0	0.0	0.0	0	0	0	0	13	0.0	0.0	0.0	0.0
201	http://www.fresnobee.com/news/local/article88377122.html	0.06666666666666667	0.0	0.16666666666666666	0.0	0.0	0.0	0	0	0	0.08247422680412371	93	0.8178354050899256	0.0	0.8349344978165939	0.13559322033898305
203	http://www.moviefone.com/showtimes/coalinga-ca/93210/theaters/	0.10126582278481013	0.0	0.0	0.0	0	0	0	0	0	0	110	0	0.17391304347826086	0.38095238095238093	0.16666666666666666
204	http://www.ridgeviewapts.info/	0.09302325581395349	0.0	0	0.0	0.0	0.0	0	0	0	0.26666666666666666	5	0.0	0.0	0.8	0.16326530612244897
205	http://californiaobits.tributes.com/browse_obituaries?city=Coalinga&state=CA	0.0547945205479452	0.0	0.16326530612244897	0	0	0	0	0	0	0.16091954022988506	33	0.03940886699507389	0.11764705882352941	0.0	0.125
206	http://health.usnews.com/best-hospitals/area/ca/coalinga-regional-medical-center-6930440	0.06201550387596899	0.0	0.07920792079207921	0.0	0.0	0.0	0	0	0	0.24242424242424243	139	0.06201550387596899	0.1038961038961039	0.7747747747747747	0.2318840579710145
207	http://www.coalingarifleclub.org/?page_id=16	0	0.0	0.42105263157894735	0.0	0	0	0	0	0	0	30	0.0	0.25	0	0.4
208	http://www.homes.com/for-sale/coalinga-ca/p3/	0.0967741935483871	0.47058823529411764	0.26666666666666666	0.2857142857142857	0.4444444444444444	0	0	0	0	0.08791208791208792	6	0.09393346379647749	0.26666666666666666	15.0	0.4069264069264069
209	http://www.whitepages.com/yellow-pages/coalinga-ca	0.0	0.0	0.38095238095238093	1.362962962962963	0	0.26666666666666666	0	0	0	0.0	16	0.0	0.21621621621621623	0.0	0.1951219512195122
210	http://www.whitepages.com/yellow-pages/CA	0	0	0	0	0	0	0	0	0	0	0	0	0.0	0	0
211	http://media.swagit.com/coalingaca/	0.0963855421686747	0.2962962962962963	0.18604651162790697	0.0	0	0	0	0	0	0.0898876404494382	2	0.0	0.3076923076923077	0	0.22857142857142856
212	http://news.bbc.co.uk/2/hi/uk_news/magazine/8004064.stm	0.0	0.0	0.0	0.0	0.0	0.0	0	0	0	0.0	98	1.395190531893597	0.0	0.0	0.0
213	https://www.facebook.com/CoalingaPost	0.24742268041237114	7.047752785314331	0	0	0	0	0	0	0	0	129	0.07766990291262135	0.3333333333333333	0.0	0.2857142857142857
214	http://www.citytowninfo.com/places/california/coalinga	0.09411764705882353	0.0	0.4	0	5.137645247466782	0	0	0	0	0.1038961038961039	87	0.7186005559122397	0.2	0.8888888888888888	0.1
215	http://www.citytowninfo.com/places	0.0	0.0	0.0	0	0.0	0	0	0	0	0.0	114	0.0	0.0	0.0	0.0
216	http://www.fresnobee.com/news/local/article65598847.html	0.022988505747126436	0.0	0.8888888888888888	0.0	0.17777777777777778	0.0	0	0	0	0.024024024024024024	92	0.7761395984852782	0.0	2.8798565077564806	0.07692307692307693
217	http://themountainoyster.com/	0.0	0.0	0.0	0	0	0	0	0	0	0.0	1	0.04678362573099415	0.0	0	0.36363636363636365
218	http://www.apartmentfinder.com/California/Coalinga-Apartments/Peppertree-Apartments	0.06504065040650407	0.0	0.0	0.14285714285714285	0.0	0	0.0	0	0	0	30	0.0	0.11594202898550725	1.6176673567977915	0.14545454545454545
219	http://www.seniorhousingnet.com/seniorliving-detail/sunbridge-care-center-for-coalinga_834-maple-road_coalinga_ca_93210-501045	0.09090909090909091	1.2624539712864011	0.0	0.1568627450980392	0	0	0.0	0	0	0	45	0.0	0.1415929203539823	1.699849170437406	0.16842105263157894
220	http://www.seniorhousingnet.com/seniorliving-search/coalinga_ca	0.058394160583941604	0.06130268199233716	0.36363636363636365	0.0	0.0	0	0.0	0	0	0	32	0.0	0.16	0.0	0.11764705882352941
221	http://www.roadsideamerica.com/story/12661	0.0	0.0	0.0	0.0	0.0	0.0	0	0.0	0	0	6	0.10256567642522038	0.0	0.5333333333333333	0.17777777777777778
222	http://www.areavibes.com/coalinga-ca/transportation/	0.11764705882352941	0.0	0.2962962962962963	0.853056378637774	0	0	0	0	0	0	4	0	0.21052631578947367	0.0	0.11764705882352941
223	http://www.areavibes.com/ca/	0.0	0.0	0.0	0.0	0.0	0	0	0	0	0	2	0.0	0.0	0.0	0.0
224	http://www.areavibes.com/coalinga-ca/livability/	0.12121212121212122	0.0	0.34782608695652173	3.810403876446956	0	0	0	0	0	0	2	0	0.23529411764705882	0.32996632996632996	0.32
225	http://www.homefinder.com/CA/Coalinga/foreclosures/	0.12121212121212122	8.000000000000002	0.13559322033898305	0.0	0	0.0	0.0	0.6666666666666666	0	0.2807017543859649	85	0.0	0.2222222222222222	0.0	0.10256410256410256
226	http://www.americantowns.com/ca/coalinga-things-to-do	0.11594202898550725	0.0	0	0.0	0.644122383252818	0.6276923076923078	0.0	0	0	0.16666666666666666	26	0.0	0.2	1.0	0.18604651162790697
227	http://www.americantowns.com/ca/coalinga	0.09411764705882353	0.0	0	0.0	0.0	1.2845067576102058	0.0	0	0	0.2846975088967972	28	1.2987085676029064	0.2962962962962963	1.380952380952381	0.1568627450980392
228	https://www.hotelplanner.com/Hotels/6637-in-Coalinga-CA.html	0.1111111111111111	0.0	0.2962962962962963	0.26666666666666666	0	0.0	0	0	0	0.06936416184971098	112	0.0	0.17391304347826086	6.384476270480327	0.2711864406779661
229	https://www.hotelplanner.com/Hotels/State-CA-California.html	0.0	0.0	0.0	0.0	0	0	0	0	0	0.0	765	0.0	0.0	0.0	0.0
230	http://www.usspecbook.com/CA/Coalinga	0	0.0	0	0.6962962962962963	0	0	0	0	0	0	2	0.0	0.3333333333333333	1.4268199233716476	0.38095238095238093
231	http://www.bringfido.com/lodging/city/coalinga_ca_us/	0.042328042328042326	0.6666666666666667	0.0	0	0	0	0	0	0	0.25	5	0.0	0.21052631578947367	0.2	0.20512820512820512
232	http://www.cityfeet.com/cont/ca/coalinga-commercial-real-estate	0.0784313725490196	1.0909090909090908	0.3260694108151735	0.22857142857142856	0.0	0	0.13793103448275862	0	0	0.22857142857142856	3	0.15384615384615385	0.16326530612244897	0.0	0.22857142857142856
233	http://earthquake.usgs.gov/earthquakes/eventpage/nc72705776	0.0	0.0	0.21052631578947367	0.0	0	0	0	0	0	0.0	5	0	0.0	0.0	0.21052631578947367
234	http://earthquakes.scpr.org/coalinga-october-1-2016/118243/	0.08602150537634409	0.0	0.32	0.0	0.0	0	0	0	0	0.0	39	0.0	0.16326530612244897	1.4111405835543769	0.21621621621621623
235	http://www.navbug.com/california/coalinga_traffic.htm	0.07079646017699115	1.285720044661221	0	0	0	0	0	0	0	0	2000	0	0.2	9.592592592592593	0.16666666666666666
236	https://www.localcrimenews.com/city-arrests/?city=1058/Coalinga-crime-news.html	0.043010752688172046	0.0	0	0.043010752688172046	0	0.0	0	0	0	0.2222222222222222	7	0.0	0.125	5.866666666666666	0.21052631578947367
237	http://www.citytowninfo.com/school-profiles/west-hills-community-college	0.09411764705882353	0.0	0.2962962962962963	0	1.8487311171145757	0	0	0	0	0.1509433962264151	37	0.3605387273240095	0.0	0.0	0.20512820512820512
238	http://www.citytowninfo.com/college-directory	0.0	0.0	0	0	0.0	0	0	0	0	0.0	12	0.0	0.0	0.0	0.0
239	http://www.imortuary.com/funeral-homes/california/coalinga.php	0.05517241379310345	0.0	0	0.42105263157894735	0.0	0.3076923076923077	0	0	0	0.23645320197044334	26	0.386498732988763	0.16666666666666666	1.1804743429004303	0.1951219512195122
240	http://www.intellicast.com/Local/Weather.aspx?location=USCA0235	0.08839779005524862	0.4	0	0.0	0	0	0	0	0	0.18285714285714286	7	0	0.0	0.0	0.125
243	http://shift-s3ctor.com/upcoming-events/	0.0	0.0	0.0	0.0	0.0	0.0	0	0	0	0	31	1.3004255319148936	0.0	0.0	0.0
244	http://www.sfgate.com/business/article/Coalinga-solar-plant-would-also-burn-manure-3209494.php	0.0	0.0	0.18604651162790697	0.0	0.0	0.0	0.0	0	0	0	135	0.1682687495451714	0.1	0.0851063829787234	0.15384615384615385
245	https://www.serve-now.com/process-server/california/coalinga	0.05063291139240506	0.1951219512195122	0.21052631578947367	0	0.0	0	0.0	0	0	0	13	0.0	0.17777777777777778	0.18181818181818182	0.1568627450980392
246	http://www.apartmentfinder.com/California/Coalinga-Apartments/Echo-Canyon-Villas-Apartments	0.055944055944055944	0.0	0.0	0.14285714285714285	0.0	0.0	0.0	0	0	0	31	0.0	0.1038961038961039	1.6176673567977915	0.15384615384615385
247	http://www.bkstr.com/webapp/wcs/stores/servlet/StoreCatalogDisplay?storeId=34904	0.0	0.0	0.21621621621621623	0.0	0.0	0	0	0	0	0	177	0.0	0.0	0.5185185185185185	0.13333333333333333
248	http://www.napaonline.com/ca/coalinga	0.0	0.0	0	0	0.0	0.0	0.0	0.0	0	0.0	20	0.0	0.3333333333333333	0.0	0.0
249	https://www.autismspeaks.org/resource/coalinga-state-hospital	0.0	0.0	0.34782608695652173	0.0	0.0	0.0	0	0	0	0	52	0.0	0.1702127659574468	1.0	0.1568627450980392
250	https://www.autismspeaks.org/resource-guide	0.0	0.0	0.0	0.0	0.0	0	0	0	0	0	55	0.0	0.0	0.0	0.0
251	https://www.autismspeaks.org/resource-guide-by-state?field_resource_state_value=California	0.0	0.0	0.0	0.0	0.0	0	0	0	0	0	55	0.0	0.0	0.0	0.0
252	http://gis.oshpd.ca.gov/atlas/places/suggest-facility-url/106105051	0.05442176870748299	0.0	0.20512820512820512	0.0	0	0.0	0	0	0	0.0975609756097561	4	0	0.0	0.0	0.1509433962264151
253	http://gis.oshpd.ca.gov/atlas/	0.0	0.0	0.0	0.0	0	0.0	0	0	0	0.0	7	0	0.0	0.0	0.0
254	http://gis.oshpd.ca.gov/atlas/places	0.0	0.0	0.0	0.0	0	0	0	0	0	0.0	3	0.0	0.0	0.0	0.0
255	http://gis.oshpd.ca.gov/atlas/places/facility	0.0	0.0	0.0	0.0	0.0	0.0	0	0	0	0.0	10	0.0	0.0	0.0	0.0
256	https://www.ziprealty.com/property/201-S-JOAQUIN-ST-COALINGA-CA-93210/4431274/detail	0.04678362573099415	0.04155844155844156	0.0	0.0	0.0	0.0	0	0	0	0.08421052631578947	17	0.0	0.11764705882352941	1.9318181818181817	0.25806451612903225
257	https://www.ziprealty.com/homes-for-sale/fresno/Fresno-CA	0.0	0.0	0.0	0.0	0	0	0	0	0	0.0	8	0.0	0.0	0.0	0.0
258	https://www.ziprealty.com/homes-for-sale/list/fresno/by-city/Coalinga,CA-2106/detailed	0.17142857142857143	0.05755395683453238	0.5780645161290323	0.0	0	0	0	0	0	0.3225806451612903	12	0.0	0.11764705882352941	17.727272727272727	0.6144927536231883
259	http://www.emergencyemail.org/localnews/CA/Coalinga.asp	0.07920792079207921	0.0	0.0	0	0	0	0	0	0	0.19161676646706588	16	0	0.1951219512195122	0	0.26666666666666666
261	http://www.movoto.com/coalinga-ca/kw-pool/	0.1889763779527559	0.026936026936026935	0.13793103448275862	0.45714285714285713	0	0	0	0	0	0	86	0.0	0.2857142857142857	23.00392156862745	0.32
262	http://www.movoto.com/sitemap/ca/	0.0	0.0	0.0	0.0	0.0	0	0	0	0	0	169	0.0	0.0	0.0	0.0
263	http://www.movoto.com/coalinga-ca/	0.20869565217391303	0.027972027972027972	0.23529411764705882	0.45714285714285713	0	0	0	0	0	0	119	0.0	0.38095238095238093	53.94509803921568	0.32
264	http://www.demarr.com/services/california-private-investigator/fresno-county-private-investigator/coalinga-city/	0	0.0	0.23529411764705882	0.0	0	0	0	0	0	0	78	0.037383177570093455	0.08333333333333333	0	0.6153846153846154
265	https://www.neighborhoodscout.com/ca/coalinga/crime/	0.08290155440414508	0.0	0.27586206896551724	1.0522810522810522	0.25806451612903225	0.9030849030849031	0	0	0	0	9	2.1040730871768303	0.2222222222222222	0.681159420289855	0.14545454545454545
266	https://www.neighborhoodscout.com/ca/	0.0	0.0	0.0	0.0	0.0	0.0	0	0	0	0	9	0.0	0.0	0.0	0.0
267	https://www.neighborhoodscout.com/ca/coalinga/	0.09248554913294797	0.22857142857142856	0.1509433962264151	0.8791208791208791	0.5014245014245013	0.7576303576303577	0	0	0	0	9	0.6976198634218237	0.25806451612903225	0.0	0.14545454545454545
269	https://www.clubstaffing.com/job-search/?d=13%20weeks&c=coalinga	0.0	0.0	0.0	0.0	0.0	0	0	0	0	0.0	10	0.0	0.16	1.1904761904761905	0.0
270	http://payday-nice.trade/cash-advance-coalinga	0	0.0	0	0.0	0	0	0	0	0	0	1	0.0	0.21052631578947367	0.0	0.0
271	http://stoppot2016.com/tag/coalinga/	0	0.0	0.36363636363636365	0.0	0	0	0	0	0	0	106	0.013468013468013467	0.3076923076923077	0.0	0.18181818181818182
272	http://www.lawncolandscaping.com/lawn-maintenance/lawn-maintenance-coalinga-california/	0	0.0	0.3705263157894737	0.25	0.36363636363636365	0.0	0.41263700838168926	0.0	0	0	67	0.3248175984671677	0.1095890410958904	0.16	0.1568627450980392
273	http://palmcoalinga.tributes.com/dignitymemorial/obituary/Cherise-Christine-PALMER-103978056	0.10810810810810811	0.0	0.0	0.0	0	0	0	0	0	0.056239015817223195	4	0.0	0.0975609756097561	0	0.18823529411764706
274	http://www.zippyhandyman.com/door-installation/door-installation-coalinga-california/	0	0.0	0.19047619047619047	0.19047619047619047	0	0	0	0.0	0	0	50	0.43059377178156116	0.11267605633802817	1.1430283381749509	0.19047619047619047
275	http://www.drywalltopainting.com/stucco-repair/stucco-repair-coalinga-california/	0	0.0	0.346046511627907	0.0	0	0.0	0	0.0	0	0	67	0.3153591887344983	0.11940298507462686	1.3176316156961316	0.1568627450980392
276	http://www.zippyhandyman.com/door-installation/door-installation-coalinga-california/	0	0.0	0.19047619047619047	0.19047619047619047	0	0	0	0.0	0	0	50	0.43059377178156116	0.11267605633802817	1.1430283381749509	0.19047619047619047
277	http://www.drywalltopainting.com/stucco-repair/stucco-repair-coalinga-california/	0	0.0	0.346046511627907	0.0	0	0.0	0	0.0	0	0	67	0.3153591887344983	0.11940298507462686	1.3176316156961316	0.1568627450980392
278	https://www.comfreight.com/findloads/california/Coalinga/1/2016-10-02/	0.09411764705882353	0.0	0	0	0.21621621621621623	0	0	0	0	0	6	0.035164835164835165	0.15384615384615385	0.0	0.14035087719298245
279	http://weightlossplansi.com/weight-loss-clinic-central-city-co/weight-loss-clinic-coalinga-ca=pc6016/	0.26666666666666666	0	0	0	0	0	0	0	0	0.26666666666666666	1	0	0.08791208791208792	0	0.23529411764705882
280	http://www.lawncolandscaping.com/landscape-lighting/landscape-lighting-coalinga-california/	0	0.0	0.3984153933220147	0.0	0	0.0	0	0.0	0	0	60	0.37920591401527903	0.1038961038961039	0.3105636431504293	0.13793103448275862
281	http://earthquaketrack.com/us-ca-coalinga/recent?before=2016-09-15+18%3A33%3A48+UTC	0.06722689075630252	0.0	0.0	0	0.4	0.41145528930450026	0	0	0	0	7	0.0	0.10810810810810811	0.1095890410958904	0.08247422680412371
282	http://www.lasr.net/ranches.php?CityName=Coalinga&State=New%20Jersey&State_ID=&City_ID=CA0202010	0.055944055944055944	0.0	0.27586206896551724	0.0	0	0	0	0	0	0.26666666666666666	1	0.0	0.09523809523809523	0.0	0.13559322033898305
283	http://www.happyzebra.com/timezones-worldclock/difference-between-Yangon-and-Coalinga.php	0.1	0.0	0.10256410256410256	0.0	0	0	0	0	0	0	5	0	0.10526315789473684	0	0.38095238095238093
285	http://payday-set.trade/cash-advance-coalinga.2016	0.0	0.0	0.0	0.0	0.0	0	0	0	0	0	1	0.0	0.19047619047619047	0	0.0
286	http://payday-set.trade/cash-advance-coalinga.2016	0.0	0.0	0.0	0.0	0	0	0	0	0	0	0	0.0	0.19047619047619047	0.0	0.0
287	http://www.bankruptreport.com/ca/coalinga/amaro-tim	0.12903225806451613	0.0	0	0.0	0	0	0	0	0	0.1951219512195122	9	0	0.21621621621621623	0.0	0.08888888888888889
289	https://www.hoursinfo.com/comcast/california/coalinga/	0.06201550387596899	0.0	0.25	0.3076923076923077	0	0.0	0	0	0	0.07079646017699115	91	0.0	0.21052631578947367	0.0	0.10810810810810811
290	https://www.hoursinfo.com/comcast/	0.0	0.0	0.0	0.0	0	0.0	0	0	0	0.0	177	0.0	0.0	0.0	0.0
291	https://www.hoursinfo.com/comcast/california/	0.0	0.0	0.0	0.0	0	0.0	0	0	0	0.0	210	0.0	0.0	0.0	0.0
292	http://hot-people.info/Coalinga_CA_David-Pimentel_Chris-Porthouse_0634.html	0.0	0.0	0.12121212121212122	0.0	0	0	0	0	0	0.0	241	0.0	0.11940298507462686	0	0.2962962962962963
293	http://fenbook.me/rose/rose-v-city-of-coalinga.pdf	0	0.0	0.2962962962962963	0	0.0	0	0	0	0	0	1	0.0	0.1951219512195122	0.0	0.2962962962962963
296	http://payday-ajar.trade/cash-advance-in-coalinga.html	0.0	0.0	0.0	0.0	0	0	0	0	0	0	0	0.0	0.17391304347826086	0.0	0.0
298	http://jobs.trustaff.com/JobDetail.aspx?jobid=231916-1&tags=travel+allied+clinical+lab+scientist+coalinga+ca	0	0.0	0	0	0	0	0	0	0	0	21	0.0	0.08	0.4	0.0
299	http://palmcoalinga.tributes.com/dignitymemorial/obituary/Katherine-Glass-103959903	0.057971014492753624	0.0	0.0	0.0	0	0	0	0	0	0.01680672268907563	4	0.1951219512195122	0.1095890410958904	0	0.09411764705882353
300	http://www.foodmenuprice.com/menu/kfc/california/coalinga/	0.07207207207207207	0.0	0.3333333333333333	0.0	0	0	0	0	0	0.09302325581395349	0	0.0	0.19047619047619047	1.0	0.10810810810810811
301	http://www.foodmenuprice.com/menu-and-price/	0.0	0.0	0.0	0.0	0	0	0	0	0	0.0	0	0.0	0.0	0.0	0.0
302	http://www.foodmenuprice.com/menu/kfc/	0.0	0.0	0.0	0.0	0	0	0	0	0	0.0	2	0.0	0.0	0.0	0.0
303	http://www.foodmenuprice.com/menu/kfc/california/	0.0	0.0	0.0	0.0	0	0	0	0	0	0.0	0	0.0	0.0	0.0	0.0
304	http://gomnu.com/payday-loan-uk-fast-91129	0.0	0.0	0	0.0	0	0	0	0	0	0	8	0.0	0.0	0	0.0
305	http://www.strongmotioncenter.org/cgi-bin/CESMD/iqr_dist_DM2.pl?IQRID=Coalinga_01Oct2016_72705776&SFlag=0&Flag=2	0	0	0	0	0	0	0	0	0	0	2	0	0.08163265306122448	0	0.0
306	http://www.collectiblesonlineshopping.com/searches/05-premier-creamery-quart-store-bottle-coalinga-ca.html	0.10256410256410256	0.0	0.0	0.2648575305291723	0.34301552106430155	0	0	0	0	0.09523809523809523	196	0.10256410256410256	0.08602150537634409	0.0	0.12698412698412698
307	http://hanfordsentinel.com/news/local/government_and_politics/council-unsure-about-marijuana-facility/article_5f5c665c-e16e-5044-8139-7ceba1a6736a.html	0.0	0.0	0.0	0.0	0.0	0.0	0.0	0	0	0.0	75	0.04678362573099415	0.0	0.0	0.0
308	http://carlysoos.com/small/small-studio-apartment-design-ideas	0.0	0.0	0.0	0.0	0	0	0	0	0	0.0042395336512983575	133	0	0.0	0.0	0.0
