index	url	description	div	h1	h2	h3	h4	h5	h6	inbound_links	keywords	outbound_links	p	root	span	title
1	http://www.colfaxcorp.com/	0	0.0	0	0.3157894736842105	0.2	0	0	0	0	0	0	0	0.42857142857142855	1.2857142857142856	1.0
2	http://www.colfaxfurniture.com/	0	0.0	0	0.5	0.0	0	0	0	0	0	5	0.0	0.3157894736842105	0.4531891808106642	0.4291187739463601
3	http://www.colfaxcorp.com/our-businesses/	0	0.09088948787061996	0	0.0	0	0	0	0	0	0	36	0	0.21428571428571427	0.0	0.2608695652173913
4	https://en.wikipedia.org/wiki/Colfax,_California	0	0.11764705882352941	0.3333333333333333	0.0	0.0	0	0	0	0	0	61	0.9010989010989011	0.15789473684210525	0.6666666666666666	0.11320754716981132
5	https://en.wikipedia.org/wiki/Colfax,_Washington	0	0.24	0.3333333333333333	0.0	0.0	0	0	0	0	0	49	0.4880343300110742	0.15789473684210525	2.6	0.11320754716981132
6	http://www.colfax.k12.wi.us/	0	0.0	0	0	0	0	0	0	0	0.08823529411764706	26	0.24375	0.375	0.1935483870967742	0.24
7	http://ir.colfaxcorp.com/releases.cfm	0	0.0	0.0	0.0	0	0	0	0	0	0	19	0.5556837653256003	0.20689655172413793	0.0	0.17142857142857143
8	http://www.colfax-ca.gov/	0	0.0	0	0	0	0	0	0	0	0	1	0	0.46153846153846156	0.0	0.2
9	http://www.colfax.k12.wa.us/site/default.aspx?PageID=1	0	0.4917510524519285	0.0	0.0	0	0	0	0	0	0	29	0.02112676056338028	0.14634146341463414	0.8487015503875969	0.13953488372093023
10	http://ir.colfaxcorp.com/governance.cfm	0	0.0	0.0	0.0	0	0	0	0	0	0	19	0.008438818565400843	0.1935483870967742	0.0	0.14634146341463414
11	http://ir.colfaxcorp.com/governance.cfm	0	0.0	0.0	0.0	0	0	0	0	0	0	19	0.008438818565400843	0.1935483870967742	0.0	0.14634146341463414
12	http://www.runcolfax.org/	0.0	0.0	0.21428571428571427	0	0.0	0.45888501742160276	0	0	0	0	7	0.058823529411764705	0.46153846153846156	0	0.18
14	http://www.colfaxfluidhandling.com/about	0.028708133971291867	0.0	0.2857142857142857	0.0	0.0	0	0	0	0	0.024291497975708502	3	0.4291356509756114	0.21428571428571427	0.0	0.13953488372093023
15	http://www.colfaxfluidhandling.com/	0.040268456375838924	0.0	0	0.0	0.0	0	0	0	0	0	12	0.3835011402957287	0.2608695652173913	0.0	0.09375
16	http://www.colfaxrecord.com/	0.047244094488188976	0.2	0	0.0	0.0	0	0	0	0	0.20066889632107024	109	0.0	0.375	0.0	0.3157894736842105
17	http://www.co.colfax.nm.us/	0	0.021352313167259787	0	0.0	0	0.0	0	0	0	0	4	0.25477287689269257	0.4	0.0	0.16666666666666666
18	http://www.zillow.com/colfax-ca/	0.0392156862745098	0.01872188796074537	0.2857142857142857	0	0	0.7083333333333333	0.0	0.0	0	0	102	0.0	0.3157894736842105	27.896874716612167	0.21818181818181817
19	http://www.colfaxwa.org/	0	0	0	0	0	0	0	0	0	0	0	0	0.5	0	0.35294117647058826
20	http://www.colfax.k12.ca.us/	0.16363636363636364	0.0	0	0	0	0	0	0	0	0.2777777777777778	7	0	0.375	0.38911564625850337	0.2222222222222222
21	http://www.city-data.com/city/Colfax-Washington.html	0.17142857142857143	0.0	0	0	3.1624992107983765	0	0	0	0	0	33	4.287376176659818	0.15384615384615385	0.3333333333333333	0.03208556149732621
22	http://www.city-data.com/city/Colfax-California.html	0.17142857142857143	0.0	0	0	2.5378853886343364	0	0	0	0	0	32	3.800313398579842	0.15384615384615385	0.3333333333333333	0.03208556149732621
23	http://www.colfaxwa.org/#!	0	0	0	0	0	0	0	0	0	0	0	0	0.42857142857142855	0	0.35294117647058826
24	http://www.zillow.com/colfax-wi/	0.0392156862745098	0.01751918158567775	0.2857142857142857	0	0	0.6333333333333333	0.0	0.0	0	0	102	0.0	0.3157894736842105	30.58697095486716	0.21818181818181817
26	http://www.colfax.k12.wi.us/about_us.htm	0	0	0	0	0	0	0	0	0	0.08823529411764706	19	0.1713523131672598	0.21428571428571427	0.34822190611664294	0.24
27	http://www.villageofcolfaxwi.org/	0	0.0	0.0	0	0.2727272727272727	0	0	0	0	0	7	1.468066857925927	0.2857142857142857	0.0	0.08450704225352113
28	http://colfaxpto.org/	0	0	0.12244897959183673	0.0	0	0	0	0	0	0.42857142857142855	12	0.13472999819396786	0.46153846153846156	0	0.2857142857142857
29	http://colfaxne.com/	0.13636363636363635	0.0	0.0	0.8144796380090498	0.0	0	0	0	0	0.21052631578947367	18	0.02608695652173913	0.5	0	0.2727272727272727
30	http://www.denver.org/about-denver/denver-neighborhoods/east-colfax/	0.0392156862745098	0.12	0.5454545454545454	0	0.0	0.6307692307692307	0	0	0	0.5454545454545454	29	0.017391304347826087	0.11320754716981132	0.0	0.23076923076923078
31	https://www.mapquest.com/us/nc/colfax-283590997	0.05555555555555555	0.0	0.3333333333333333	0	0.0	0	0	0	0	0	2	0.0	0.1875	0.0	0.3
32	http://www.realtor.com/realestateandhomes-search/Colfax_CA	0.0	0.0	0	0.0	0	0	0	0	0	0	92	0.0	0.13333333333333333	0.0	0.0
33	http://www.realtor.com/realestateandhomes-search/California	0.0	0.0	0	0.0	0	0	0	0	0	0	92	0.0	0.0	0.0	0.0
34	http://www.realtor.com/realestateandhomes-search/Colfax_NC	0.0	0.0	0	0.0	0	0	0	0	0	0	92	0.0	0.13333333333333333	0.0	0.0
35	http://www.realtor.com/realestateandhomes-search/North-Carolina	0.0	0.0	0	0.0	0	0	0	0	0	0	92	0.0	0.0	0.0	0.0
36	http://colfaxresearch.com/	0	0.0	0	0	0	0.0	0	0	0	0	0	0.13636363636363635	0.3333333333333333	0	0.2727272727272727
37	http://www.topix.com/city/colfax-la	0.06315789473684211	1.146341463414634	0.5454545454545454	0	0	0.0	0	0	0	0	17	0.9844513187886682	0.2727272727272727	1.5454545454545454	0.35294117647058826
38	http://www.topix.com/state/la	0.0	0.0	0.0	0	0	0.0	0.0	0	0	0	28	0.0	0.0	0.0	0.0
39	http://www.topix.com/county/grant-la	0.0	0.0	0.0	0	0	0.0	0	0	0	0	10	0.0	0.0	0.0	0.0
41	http://www.colfaxavenue.com/	0.06716417910447761	0.02912621359223301	0	0.24	0.0	0	0	0	0	0.15254237288135594	58	0	0.375	0.0	0.46153846153846156
42	http://bioguide.congress.gov/scripts/biodisplay.pl?index=C000626	0	0	0	0	0	0	0	0	0	0	1	0	0.0	0	0.13953488372093023
43	http://www.colfax.k12.wa.us/domain/26	0	0.0	0.17647058823529413	0.0	0	0	0	0	0	0	7	0	0.25	1.3152272727272727	0.10344827586206896
44	http://www.colfax.k12.wa.us/Domain/1	0	0.4917510524519285	0.0	0.0	0	0	0	0	0	0	29	0.02112676056338028	0.2608695652173913	0.8487015503875969	0.13953488372093023
45	http://www.topix.com/city/colfax-ca	0.17142857142857143	1.146341463414634	0.5454545454545454	0	0	0.0	0	0	0	0	16	0.9844513187886682	0.2727272727272727	1.5454545454545454	0.35294117647058826
46	http://www.topix.com/state/ca	0.0	0.0	0.0	0	0	0.0	0.0	0	0	0	28	0.0	0.0	0.0	0.0
47	http://www.topix.com/county/placer-ca	0.0	0.0	0.0	0	0	0.0	0.0	0	0	0	28	0.0	0.0	0.0	0.0
48	http://www.colfaxmainstreet.com/#!	0.04195804195804196	0	0	0	0	0	0	0	0	0.07792207792207792	0	0	0.2727272727272727	0	0.3333333333333333
49	http://cityofcolfax.org/	0	0.0	0	0.3333333333333333	0.0	0.0	0.0	0	0	0	28	0.10233322379231022	0.375	0.8885167464114833	0.2926829268292683
50	https://www.amazon.com/Colfax-Delines/dp/B00KL3U2ZE	0.15384615384615385	3.05607476635514	0.0	0.0	0.0	0.0	0.0	0	0	0.08450704225352113	156	0.0	0.16666666666666666	3.052173913043478	0.15384615384615385
51	https://www.amazon.com/Alternative-Rock-Music-Indie-Lo-Fi/b?ie=UTF8&node=468300	0.0	0.0	0	0.0	0.0	0.0	0	0	0	0.0	169	0.0	0.0	0.0	0.0
52	https://www.amazon.com/Alternative-Rock-Music-Indie-Rock/b?ie=UTF8&node=471006	0.0	0.0	0	0.0	0.0	0.0	0	0	0	0.0	173	0.0	0.0	0.0	0.0
53	http://www.legacy.com/obituaries/colfaxrecord/	0.09448818897637795	0.0	0	0	0	0	0	0	0	0.07317073170731707	138	0	0.1875	0.06666666666666667	0.3103448275862069
54	http://www.maxpreps.com/high-schools/colfax-falcons-(colfax,ca)/football/home.htm	0.037037037037037035	0.0	0	0.0	0.0	0	0	0	0	0	21	0.4395153253831467	0.18181818181818182	0.9529411764705882	0.1276595744680851
55	http://www.maxpreps.com/national/football.htm	0.0	0.0	0.0	0.0	0	0	0	0	0	0	14	0.0	0.0	0.0	0.0
56	http://www.maxpreps.com/state/football/california.htm	0.0	0.0	0.0	0.0	0.0	0	0	0	0	0	18	0.0	0.0	0.0	0.0
57	https://colfaxcharter-lausd-ca.schoolloop.com/	0	0.11764705882352941	0	0.9	0	0	0	0	0	0	18	0.0	0.16216216216216217	0.0	0.13953488372093023
58	http://pizzafactory.com/locations/colfax/	0	0.0	1.0	0.0	2.0	0.0	0.0	0	0	0	41	1.5535714285714286	0.1935483870967742	0.0	0.2727272727272727
59	http://www.imo-pump.com/	0.0	0.0	0	0.0	0	0	0	0	0	0.0	7	0.0	0.0	0.0	0.0
60	http://ghosttowns.com/states/nm/colfax.html	0	0.02027027027027027	0	0	0	0	0	0	0	0	1	0	0.18181818181818182	0	0.20689655172413793
61	http://www.colfax-ca.gov/local/	0	0.0	0	0	0	0	0	0	0	0	9	0	0.3333333333333333	0.0375	0.2
62	http://www.colfax-ca.gov/local/	0	0.0	0	0	0	0	0	0	0	0	9	0	0.3333333333333333	0.0375	0.2
63	https://www.trulia.com/CA/Colfax/	0.047619047619047616	19.196911196911195	0.23076923076923078	0.13953488372093023	0	0	0.0	0	0	0	4	0.0	0.3333333333333333	0.0	0.2608695652173913
65	https://www.britannica.com/biography/Schuyler-Colfax	0.06629834254143646	2.380902823810155	0.4	0.0	0.0	0	0	0	0	0.09230769230769231	29	0.19215531350527681	0.15789473684210525	1.1461538461538463	0.09090909090909091
66	http://www.colfax-intl.com/nd/	0	0.0	0	0	0.24654088050314465	0.0	0	0	0	0	28	0.3073424369747899	0.35294117647058826	0.0	0.1016949152542373
67	https://colfaxnd.com/	0.0	0.0	0.24	0.0	0	0	0	0	0	0	10	0.7790530846484935	0.5	0.0	0.09836065573770492
68	http://www.pbs.org/wgbh/americanexperience/features/general-article/grant-colfax/	0.008836524300441826	0.0	0.0	0.0	0	0	0	0	0	0.04225352112676056	26	0.04398295516999669	0.09375	0.3157894736842105	0.06451612903225806
69	http://www.merriam-webster.com/dictionary/Colfax	0.07894736842105263	0.0	1.0	0.0	0	0.0	0	0	0	0.08163265306122448	25	0.0	0.17142857142857143	0.0	0.25
70	http://www.spokesman.com/stories/2016/sep/30/colfax-speed-trap-the-ultimate-cougar-catcher/	0.05357142857142857	0.0	0.13333333333333333	0.0	0.0	0	0	0	0	0	57	0.6830724016571035	0.08108108108108109	0.0	0.08823529411764706
71	http://www.the-1up.com/colfax/	0.03821656050955414	0.0	0	0.13953488372093023	0.0	0	0	0	0	0.061855670103092786	19	0.0	0.35294117647058826	0	0.6666666666666666
72	http://www.homes.com/for-sale/colfax-wa/	0.07058823529411765	0.4	0.21428571428571427	0.23076923076923078	0.375	0	0	0	0	0.06741573033707865	6	0.07214428857715431	0.23076923076923078	12.0	0.4544179523141655
73	http://www.co.colfax.nm.us/government/county_clerk.php	0.04316546762589928	0.2608695652173913	0.3157894736842105	0.0	0	0.0	0.0	0	0	0.044444444444444446	3	0.5040047291736696	0.14634146341463414	0.5476320497128331	0.3157894736842105
74	http://www.maxpreps.com/high-schools/colfax-falcons-(colfax,ca)/home.htm	0.04195804195804196	0.0	0.3333333333333333	0.0	0.0	0	0	0	0	0	43	0.6640509912487159	0.20689655172413793	0.6	0.13953488372093023
75	http://www.maxpreps.com/state/california.htm	0.0	0.0	0.0	0.0	0.0	0.0	0	0	0	0	15	0.0	0.0	0.0	0.0
76	http://www.colfax-mingo.k12.ia.us/	0	0.0	0	0.15789473684210525	0.0	0	0	0	0	0	14	0.5	0.2727272727272727	0.2940172737106603	0.1518987341772152
77	http://colfaxave.com/	0.023529411764705882	0.4112808460634548	0.2857142857142857	0.281733746130031	0	0	0	0	0	0.21333333333333335	3	0.1076062761279114	0.46153846153846156	2.6	0.32432432432432434
78	http://www.colfaxillinois.com/	0	0.5232919254658385	0	0	0.75	0	0	0	0	0	4	0	0.3333333333333333	0	0.19672131147540983
79	http://colfax.dpsk12.org/	0.0	0.0	0	0.0	0	0.625668449197861	0	0	0	0	2	0.12244897959183673	0.35294117647058826	0.0	0.14634146341463414
80	http://www.trulia.com/WA/Colfax/	0.047619047619047616	18.596911196911194	0.23076923076923078	0.13953488372093023	0	0	0.0	0	0	0	4	0.0	0.3333333333333333	0.0	0.2608695652173913
81	http://www.edinarealty.com/homes-for-sale/WI/Colfax	0.1016949152542373	0.0	0	0.0	0.0	0.0	1.4025974025974026	0	0	0.16783216783216784	39	0.10123269453727068	0.16216216216216217	25.465694682675814	0.2
82	https://www.whitmanhospital.org/	0.0	0.15384615384615385	0.0	0.0	0	0	0	0	0	0	24	0.0	0.0	0.1875	0.16666666666666666
83	http://www.colfaxavenue.com/p/history-of-colfax-avenue.html	0.06716417910447761	0.029459901800327332	0	0.24	0.23076923076923078	0.0	0	0	0	0.15254237288135594	167	0.058823529411764705	0.2608695652173913	7.811337166774398	0.3076923076923077
84	http://www.accuweather.com/en/us/colfax-ca/95713/weather-forecast/2154570	0.07317073170731707	0.0	0.6	0.0	0.2608695652173913	0.0	0.0	0	0	0.09230769230769231	178	0.0	0.10714285714285714	0.42857142857142855	0.11764705882352941
85	http://www.accuweather.com/en/us/united-states-weather	0.0	0.0	0.0	0.0	0.0	0.0	0.0	0	0	0.0	160	0.0	0.0	0.0	0.0
86	http://www.accuweather.com/en/us/ca/california-weather	0.0	0.0	0	0.0	0.0	0.0	0.0	0	0	0	208	0.0	0.0	0.0	0.0
87	http://www.greatschools.org/north-carolina/colfax/schools/	0.09090909090909091	0.692237350132087	0.1016949152542373	0	0	0	0	0	0	0	38	0.0	0.13953488372093023	1.0	0.2553191489361702
88	http://www.greatschools.org/north-carolina/	0.0	0.0	0.0	0.0	0	0.0	0	0	0	0.0	13	0.0	0.0	0.0	0.0
89	http://www.greatschools.org/north-carolina/colfax/	0.08391608391608392	2.4318181818181817	0.42857142857142855	0.0	0.0	0.0	0	0	0	0.2709677419354839	17	0.0	0.16666666666666666	3.0	0.16216216216216217
90	http://www.greatschools.org/california/colfax/4138-Colfax-High-School/	0.12162162162162163	2.3535991774520095	0.0	0.0	0.0	0	0	0	0	0.31213872832369943	29	0.0	0.21818181818181817	2.4390789179521573	0.1935483870967742
91	http://www.greatschools.org/california/	0.0	0.0	0.0	0.0	0.0	0.0	0	0	0	0.0	30	0.0	0.0	0.0	0.0
92	http://www.greatschools.org/california/colfax/	0.08633093525179857	2.765151515151515	0.42857142857142855	0.0	0.0	0.0	0	0	0	0.2781456953642384	18	0.0	0.1875	4.6	0.17142857142857143
93	http://www.greatschools.org/california/colfax/schools/	0.09090909090909091	1.0764235764235766	0.1016949152542373	0	0	0	0	0	0	0	47	0.0	0.15384615384615385	1.0	0.2553191489361702
94	http://processtypefoundry.com/fonts/colfax/	0.0	0.0	0	0.15	0.0	0	0.3157894736842105	0	0	0	56	0.6297066129621102	0.18181818181818182	0.0	0.14634146341463414
95	http://www.dictionary.com/browse/colfax	0.05660377358490566	0.0	0	0	0.2608695652173913	0	0	0	0	0.26666666666666666	55	0.0	0.23076923076923078	4.0	0.3
97	http://sj.tbe.taleo.net/SJ1/ats/careers/jobSearch.jsp?org=COLFAXCORP&cws=1	0.028708133971291867	0.0	0	0	0	0	0	0	0	0.024291497975708502	13	0	0.09523809523809523	0.0	0.21428571428571427
100	http://www.homedepot.com/b/Flooring-Laminate-Flooring/Colfax/N-5yc1vZare1Z1z0vv2r	0.06451612903225806	0.0	0.0	0	0.0	0.0	0	0	0	0.17142857142857143	102	0.0	0.09090909090909091	0.3	0.20689655172413793
101	http://www.homedepot.com/b/Flooring-Laminate-Flooring/N-5yc1vZare1	0.0	0.0	0.0	0.0	0.0	0	0	0	0	0	100	0.0	0.0	0.0	0.0
102	http://www.homedepot.com/b/Flooring-Laminate-Flooring/N-5yc1vZare1	0.0	0.0	0.0	0.0	0.0	0	0	0	0	0	100	0.0	0.0	0.0	0.0
103	http://www.ownplacer.com/colfax-homes-for-sale.php	0.136986301369863	0.030456852791878174	0.2857142857142857	0.7068965517241379	0.5476190476190476	1.0	0	0	0	0.3783783783783784	75	9.355159763208235	0.15789473684210525	0.10672020287404903	0.20689655172413793
104	http://www.rootsweb.ancestry.com/~necolfax/	0.1111111111111111	0.0	0.0	0	0	0	0	0	0	0.1111111111111111	28	0.3069053708439898	0.2	0.0	0.35294117647058826
105	http://www.accuweather.com/en/us/colfax-wi/54730/weather-forecast/2158444	0.07317073170731707	0.0	0.6	0.0	0.2608695652173913	0.0	0.0	0	0	0.09375	185	0.0	0.10714285714285714	0.42857142857142855	0.11764705882352941
106	http://www.accuweather.com/en/us/united-states-weather	0.0	0.0	0.0	0.0	0.0	0.0	0.0	0	0	0.0	160	0.0	0.0	0.0	0.0
108	http://www.americantowns.com/ca/colfax	0.07058823529411765	0.0	0	0.0	0.0	1.048881261123824	0.0	0	0	0.22988505747126436	27	3.538843667061318	0.24	1.3157894736842106	0.12244897959183673
109	http://www.microtelinn.com/hotels/iowa/colfax/microtel-inn-suites-colfax-newton/hotel-overview	0	0.0	0.1875	0.1875	0.25	0.0	0.0	0	0	0	51	0.025974025974025976	0.15384615384615385	1.6490384615384617	0.20689655172413793
110	http://www.americantowns.com/in/colfax	0.07058823529411765	0.0	0	0.0	0.0	1.048881261123824	0.0	0	0	0.2597402597402597	27	0.855416133162612	0.24	1.3157894736842106	0.12244897959183673
112	http://www.bloomberg.com/quote/CFX:US	0	0.022222222222222223	0.46153846153846156	0.0	0	0	0	0	0	0	160	0.0	0.0	0.0	0.10344827586206896
113	http://www.century21.com/real-estate/Colfax-WI/LCWICOLFAX/	0.1487603305785124	3.1578947368421058	0.2857142857142857	1.5857142857142856	0.0	0.0	0	0	0	0.17307692307692307	27	0.0	0.27906976744186046	3.2307692307692313	0.3887147335423198
114	http://www.century21.com/real-estate/wisconsin/LSWI/	0.0	0.0	0.0	0.0	0.0	0.0	0	0	0	0.0	27	0.0	0.0	0.0	0.0
115	http://www.century21.com/real-estate/colfax-wi/LCWICOLFAX/	0.1487603305785124	3.1578947368421058	0.2857142857142857	1.5857142857142856	0.0	0.0	0	0	0	0.17307692307692307	27	0.0	0.27906976744186046	3.2307692307692313	0.3887147335423198
116	http://www.runcolfax.org/races/marathon/	0.0	0.0	0.0	0.25	0.0	0	0	0	0	0	102	0.3398288067096222	0.23076923076923078	1.7472771824778366	0.13333333333333333
117	http://www.colfax.lib.ia.us/	0	0.0	0.07317073170731707	0	0	0	0	0	0	0	1	0.0	0.375	0.2857142857142857	0.17647058823529413
118	http://www.historylink.org/index.cfm?DisplayPage=output.cfm&file_id=9580	0	0.0	0.0	0	0.2222222222222222	0.0	0	0.0	0	0	9	1.1791507578247697	0.0	0	0.13333333333333333
119	http://www.zenithpumps.com/	0	0.0	0.13953488372093023	0.0	0	0	0	0	0	0	4	0.10964619492656875	0.0	0.0	0.0
120	http://colfaxne.com/webpages/assessor/assessor.html	0.11320754716981132	0.0	0.0	0.0	0.0	0	0	0	0	0.21818181818181817	17	0.0	0.14634146341463414	0	0.2727272727272727
122	http://www.rvparkreviews.com/regions/california/colfax	0.08955223880597014	0.0	0.5333333333333333	0	0	0.2	0.0	0	0	0.2529274004683841	157	0.1875	0.15	1.3333333333333333	0.15789473684210525
123	http://www.rvparkreviews.com/regions/california	0.0	0.0	0.0	0	0	0.0	0	0	0	0.0	1327	0.0	0.0	0.0	0.0
124	http://www.colefax.com/	0	0.0	0	0	0	0	0	0	0	0	3	0	0.0	0	0.0
125	http://www.colefax.com/	0	0.0	0	0	0	0	0	0	0	0	3	0	0.0	0	0.0
126	http://www.colfaxelevator.com/	0	0.0	0	0	0	0	0	0	0	0	13	0	0.3333333333333333	0.0	0.2608695652173913
127	http://louisiana.hometownlocator.com/la/grant/colfax.cfm	0.08	0.3157894736842105	0.1935483870967742	0.8774813895781638	0	0.5454545454545454	0	0	0	0.1875	29	0.6754510524486312	0.13043478260869565	0.0	0.1875
128	http://quotes.wsj.com/CFX	0.09836065573770492	0.0	0.0	0.0	0.0	0.0	0.0	0	0	0.08362369337979095	491	0.021660649819494584	0.0	2.0	0.14285714285714285
130	http://colfax.nmgenweb.us/	0	0.0	0	0.24	0	0.2222222222222222	0	0	0	0	5	0.09129154465352646	0.3333333333333333	0	0.2608695652173913
131	http://colfaxtractorparts.com/	0.10810810810810811	0.0	0.0	0.0	0	0	0	0	0	0.0	0	0.6318681318681318	0.2727272727272727	0	0.3333333333333333
132	http://www.marketwatch.com/investing/stock/CFX	0	0.0	0.5	0.0	0.0	0.0	0	0	0	0	123	0.0	0.0	0.20203735144312393	0.0759493670886076
133	http://www.homes.com/for-sale/colfax-nc/	0.0743801652892562	0.4	0.21428571428571427	0.23076923076923078	0.375	0	0	0	0	0.06451612903225806	8	0.07100591715976332	0.23076923076923078	15.0	0.3245192307692308
134	http://www.homefinder.com/IA/Colfax/	0.0410958904109589	6.666666666666664	0.2222222222222222	0.0	0	0.0	0.0	0.6	0	0.25862068965517243	86	0.0	0.2727272727272727	0.0	0.2222222222222222
135	http://www.blackpast.org/aah/colfax-massacre-1873	0	0.09523809523809523	0	0.23076923076923078	0	0	0	0	0	0	5	0.0	0.16666666666666666	0.0	0.08695652173913043
136	http://www.blackpast.org/entries-categories/racial-conflict	0	0.0	0	0.0	0	0	0	0	0	0	4	0.0	0.0	0.0	0.0
137	http://www.citytowninfo.com/places/louisiana/colfax	0.05970149253731343	0.0	0.35294117647058826	0	3.366711174588412	0	0	0	0	0.08108108108108109	53	0.3484551495016611	0.16216216216216217	0.8571428571428571	0.07792207792207792
138	http://www.citytowninfo.com/places	0.0	0.0	0.0	0	0.0	0	0	0	0	0.0	114	0.0	0.0	0.0	0.0
139	http://louisianamudfest.com/	0.0	0.0	0.0	0.0	0	0	0	0	0	0.0	6	0.0	0.0	0.0	0.0
140	http://www.google.com/finance?cid=721809	0.041666666666666664	0.6913362560421384	0	0.0	0.5454545454545454	0.0	0	0	0	0	58	0.0	0.0	0.5454545454545454	0.20689655172413793
141	http://www.denvergov.org/content/denvergov/en/denver-department-of-public-works/projects/current/colfax-corridor-connections.html	0.08450704225352113	0.0	0	0.2222222222222222	0.0	0.0	0	0	0	0	12	0.6353610447978217	0.05405405405405406	0.0	0.08450704225352113
142	http://www.denvergov.org/content/denvergov/en/denver-department-of-public-works.html	0.0	0.0	0.0	0.0	0.0	0.0	0	0	0	0.0	16	0.0	0.0	0.0	0.0
143	http://www.denvergov.org/content/denvergov/en/denver-department-of-public-works/projects.html	0.0	0.0	0.0	0	0.0	0.0	0	0	0	0	11	0.5479907977542529	0.0	0.0	0.0
144	http://www.denvergov.org/content/denvergov/en/denver-department-of-public-works/projects/current.html	0.0	0.0	0.0	0	0.0	0.0	0	0	0	0	11	0.5479907977542529	0.0	0.0	0.0
145	http://www.apartmenthomeliving.com/colfax-wa	0.07643312101910828	0.20689655172413793	0.0	0.3380952380952381	1.1764705882352942	0.23076923076923078	0	0	0	0	122	0.11201035102621339	0.1875	3.348245614035088	0.3076923076923077
146	http://www.yellowpages.com/greensboro-nc/colfax	0.07741935483870968	0.0	0.0	0.0	0.0	0.0	0	0	0	0	28	0.0	0.17647058823529413	13.072294372294374	0.12
147	http://www.greatamericanstations.com/Stations/COX	0	0.0	0.15789473684210525	0.0	0.18296703296703296	0	0.0	0.0	0	0	65	0.16447940666064162	0.0	0.6	0.16666666666666666
148	https://www.facebook.com/The1upColfax	0.05660377358490566	0.22641509433962265	0	0	0	0	0	0	0	0	85	0.18214285714285713	0.25	0.75	0.2222222222222222
149	http://california.hometownlocator.com/ca/placer/colfax.cfm	0.07894736842105263	0.3157894736842105	0.1935483870967742	0.8714330024813897	0	0.5454545454545454	0	0	0	0.1836734693877551	29	0.511828089984772	0.125	0.0	0.1875
150	http://www.wsdot.com/traffic/cecam.aspx?cam=4032	0	0.0	0	0.0	1.0	0.0	0	0	0	0	71	0.0	0.0	0.0	0.125
151	http://www.discoverpps.org/colfax	0.0	0.0	0	0	0	0	0	0	0	0.0	34	0	0.2857142857142857	0.0	0.0
152	https://central.colfaxfluidhandling.com/	0	0.0	0	0	0.1935483870967742	0	0	0	0	0	1	0	0.1935483870967742	0.3333333333333333	0.0
154	http://www.apartmenthomeliving.com/colfax-la	0.0759493670886076	0.21428571428571427	0.0	0.3380952380952381	1.1818181818181819	0.23076923076923078	0	0	0	0	258	0.08296696064235883	0.1875	3.403250773993808	0.3076923076923077
155	http://book.bestwestern.com/bestwestern/US/WA/Colfax-hotels/BEST-WESTERN-Wheatland-Inn/Hotel-Overview.do?propertyCode=48170	0.031413612565445025	0.0	0.0	0	0.0	0.0	0	0.0	0	0	57	0.0	0.05454545454545454	0.0	0.09836065573770492
156	http://www.whitepages.com/white-pages/colfax-ca	0	0	0	0	0	0	0	0	0	0	0	0	0.17647058823529413	0	0
157	http://www.whitepages.com/white-pages/CA	0	0	0	0	0	0	0	0	0	0	0	0	0.0	0	0
158	http://www.coburnfuneralhomes.com/	0	1.0	0	0	0.0	0.0	0	0	0	0	8	0.0	0.0	0	0.1016949152542373
159	https://colfaxtactical.com/	0.0325497287522604	0.0	0.0	0.022304832713754646	0	0	0	0	0	0.0225140712945591	4	0.2	0.3333333333333333	0	0.15
161	http://colfax.northcarolina.com/	0.07894736842105263	0.11320754716981132	0.18181818181818182	0.3157894736842105	0	0	0	0	0	0.28125	2	0.0	0.25	0.0	0.09836065573770492
162	http://www.indeed.com/l-Colfax,-WA-jobs.html	0.08333333333333333	0.21428571428571427	0	0.0	0	0	0	0	0	0.25149700598802394	3	0.0	0.1875	1.575	0.13953488372093023
163	http://www.rvparkreviews.com/regions/iowa/colfax	0.09375	0.0	0.75	0	0	0.25	0.0	0	0	0.2529274004683841	159	0.23076923076923078	0.17647058823529413	1.3333333333333333	0.15789473684210525
164	http://www.rvparkreviews.com/regions/iowa	0.0	0.0	0.0	0	0	0.0	0	0	0	0.0	459	0.0	0.0	0.0	0.0
165	http://www.johnsontrailerco.com/	0.0	0.41379310344827586	0.16666666666666666	0	0.0	0	0	0	0	0	0	0.0	0.0	0.0	0.11764705882352941
166	http://www.sierrajunction.com/	0.034482758620689655	0.0	0	0	0	0	0	0	0	0.06728971962616823	4	0.07228915662650602	0.0	1.0	0.12
167	http://www.legacy.com/funeral-homes/washington/colfax/bruning-funeral-home---colfax/fh-9534	0.07547169811320754	0.19199217267329968	0.0	0.125	0.16216216216216217	0	0.0	0	0	0	97	0.0	0.16	2.4892648015614833	0.21428571428571427
168	http://www.legacy.com/funeral-homes/	0.0	0.0	0.0	0	0.0	0	0	0	0	0	40	0.0	0.0	0.0	0.0
169	http://www.legacy.com/funeral-homes/directory/washington	0.0	0.0	0.0	0	0	0	0	0	0	0	75	0.0	0.0	0.0	0.0
170	http://www.legacy.com/funeral-homes/directory/washington/colfax	0.047244094488188976	0.2015810276679842	0.2926829268292683	0	0	0	0	0	0	0	47	0.0	0.125	1.0	0.19047619047619047
171	http://colfaxhealthandrehabilitation.com/	0.08	0.3983606557377049	0	0.0	0	0	0	0	0	0.0	5	0.4768056371109807	0.18181818181818182	0.0	0.05309734513274336
172	http://www.homefinder.com/LA/Colfax/	0.0410958904109589	3.3333333333333335	0.2222222222222222	0.0	0	0.0	0.0	0.6	0	0.25862068965517243	55	0.0	0.2727272727272727	0.0	0.2222222222222222
173	http://www1.gcsnc.com/schools/elementary/colfax/index.html	0	0.0	0	0.35294117647058826	0.0	0	0	0	0	0	29	0.35294117647058826	0.1276595744680851	0	0.0
174	http://www.colfaxyouthsoccer.com/	0.0	0.0	0	0.0	0	0	0	0	0	0.17142857142857143	7	0	0.2857142857142857	0.25	0.1935483870967742
175	http://www.colfaxyouthsoccer.com/	0.0	0.0	0	0.0	0	0	0	0	0	0.17142857142857143	7	0	0.2857142857142857	0.25	0.1935483870967742
176	http://colfaxcamp.com/	0	0.1701791359325606	0.2608695652173913	0	0.42857142857142855	0	0.5942028985507246	0	0	0	1	0.16328424153166424	0.42857142857142855	0.5555555555555556	0.05084745762711865
177	http://www.westsidepizza.com/locations/colfax	0	0.0	0.25	0.0	0.17142857142857143	0	0	0	0	0	10	0.0	0.1875	2.0	0.1935483870967742
178	http://www.nasdaq.com/symbol/cfx	0.05309734513274336	0.0	0.15789473684210525	0.0	0.0	0.0	0.0	0	0	0	219	0.027366020524515394	0.0	0.0	0.08823529411764706
179	http://www.facebook.com/teamcolfax	0.039735099337748346	0.7335786241246302	0	0	0	0	0	0	0	0	118	0.0	0.2727272727272727	3.0	0.35294117647058826
180	http://www.ebay.com/sch/i.html?_nkw=colfax+washington	0.07317073170731707	0.0	0.0	0.0	0.0	0	0	0	0	0.047619047619047616	211	0.0	0.15	0.3333333333333333	0.23076923076923078
181	http://www.nwprepsnow.com/stories/2016/sep/27/colfax-oakesdale-atop-state-volleyball-rankings/	0.0	0.0	0.125	0.0	0	0.0	0	0	0	0	7	0.07050433010697912	0.07792207792207792	0	0.09523809523809523
182	http://www.fsbankcolfax.com/	0.16216216216216217	0.0	0.0	0	0	0.0	0	0	0	0	3	0.16216216216216217	0.375	0.0	0.18181818181818182
183	http://www.nebraskataxesonline.us/search.aspx?county=Colfax	0	0.16216216216216217	0	0	0	0	0	0	0	0	1	0	0.1276595744680851	0.0	0.0
184	http://www.colfaxpubliclibrary.org/	0	0.0	0.2857142857142857	0.0	0	0	0	0	0	0	6	0.0	0.2608695652173913	0	0.21428571428571427
185	http://www.indeed.com/l-Colfax,-LA-jobs.html	0.08108108108108109	0.21428571428571427	0	0.0	0	0	0	0	0	0.25149700598802394	3	0.0	0.1875	0.0	0.13953488372093023
186	http://www.westcolfax.org/	0	0.0	0.18181818181818182	0.0	0.0	0.5454545454545454	0	0	0	0	22	0.0	0.42857142857142855	0.25265957446808507	0.0
187	https://chai-itsaboutyou.org/Washington/Colfax	0.1348314606741573	0.0	0	0.3486766398158803	0.921584606047704	0	0	0	0	0.1276595744680851	322	0.14857520834966859	0.16666666666666666	0.3333333333333333	0.1016949152542373
188	http://www.washingtongasprices.com/Colfax/index.aspx	0.09917355371900827	0.0	0.0	0.0	0	0	0	0	0	0	45	0.0	0.15384615384615385	0.0	0.17647058823529413
189	http://colfaxvet.com/	0.19672131147540983	0.6	0.16216216216216217	0.1935483870967742	0.0	0	0	0	0	0	8	0.08065994822091567	0.46153846153846156	1.0294117647058822	0.1791044776119403
190	http://whotv.com/2015/03/15/colfax-quarry-donated-to-become-a-park/	0.06428571428571428	0.0	0.18181818181818182	0.0	0.0	0	0.0	0	0	0.0	102	0.375082569071336	0.10909090909090909	0.0	0.12
191	http://colfaxtractorauctions.com/	0	0.0	0.23076923076923078	0	0	0	0	0	0	0	42	0	0.24	0.0	0.2608695652173913
192	http://www.affordabledentures.com/office/colfax/	0.046511627906976744	0.0	0.2	0.0	0	0.0	0	0	0	0	4	0.06570636524600719	0.17647058823529413	0.0	0.11538461538461539
193	http://www.affordabledentures.com/locations/nc	0.0	0.0	0.0	0.0	0	0.0	0	0	0	0	12	0.0	0.0	0.75	0.0
194	http://colfaxave.com/home	0.023529411764705882	0.4112808460634548	0.2857142857142857	0.281733746130031	0	0	0	0	0	0.21333333333333335	13	0.1076062761279114	0.35294117647058826	2.6	0.32432432432432434
195	https://www.psbofcolfax.com/	0.0	0.0	0	0	0	0	0	0	0	0.06521739130434782	1	0.21428571428571427	0.4	0.0	0.15384615384615385
196	http://users.colfax.com/almota/	0	0	0	0	0	0	0	0	0	0	1	0.0	0.2727272727272727	0	0.0
197	http://colfaxco.com/	0.02666666666666667	0.2222222222222222	0	0	0	0	0	0	0	0.025052192066805846	3	0	0.5	0.0	0.35294117647058826
198	http://www.colfaxchamber.com/	0.07692307692307693	0.0	0	0	0	0	0	0	0	0	2	0.7496120727336305	0.35294117647058826	1.1586109526922703	0.15
199	http://www.co-alition.com/	0.0	0.2387165888434119	0.0	0.0	0.0	0.0	0.0	0.0	0	0	24	0.0	0.0	0.0	0.0
201	http://interment.net/data/us/wa/whitman/colfax/	0.1643835616438356	0.0	0	0	0.4	0.0	0	0	0	0.02127659574468085	9	0.07879972798367901	0.17647058823529413	0.0	0.13636363636363635
202	http://interment.net/us/index.htm	0.0	0.0	0	0	0.0	0.0	0	0	0	0.0	9	0.0	0.0	0.0	0.0
203	http://interment.net/us/wa/index.htm	0.0	0.0	0	0	0.0	0.0	0	0	0	0.0	9	0.0	0.0	0.0	0.0
204	http://interment.net/us/wa/whitman.htm	0.0	0.0	0	0	0.0	0.0	0	0	0	0.0	10	0.0	0.0	0.0	0.0
205	https://www.yelp.com/biz/colfax-motor-lodge-colfax	0.024193548387096774	0.0	0.15	0.0	0.12244897959183673	0.0	0	0	0	0.0	116	0.133265807667427	0.3333333333333333	1.3333333333333333	0.13043478260869565
206	https://www.yelp.com/c/colfax-ca-us/eventservices	0.024489795918367346	0.0	0.3157894736842105	0.0	0.0	0	0	0	0	0.0	96	0.0	0.17647058823529413	0.0	0.23076923076923078
207	https://www.yelp.com/c/colfax-ca-us/hotels	0.04918032786885246	0.0	0.2857142857142857	0.0	0.3333333333333333	0	0	0	0	0.0	92	0.0	0.2222222222222222	0.6666666666666666	0.2608695652173913
208	http://www.green215.com/clinic/colfax	0.0	0.0	0	0.13043478260869565	0	0	0	0	0	0.0	1	0.0	0.25	1.0	0.3333333333333333
209	https://www.tripadvisor.com/Attractions-g32233-Activities-Colfax_California.html	0.06923076923076923	0.5625	0.5053191489361701	0	0	0	0	0	0	0.1271186440677966	1	0	0.08955223880597014	2.0	0.09836065573770492
210	https://www.tripadvisor.com/Tourism-g28926-California-Vacations.html	0.0	0.0	0.0	0	0.0	0.0	0	0	0	0.0	1	0.0	0.0	0.0	0.0
211	https://www.tripadvisor.com/Tourism-g32233-Colfax_California-Vacations.html	0.14173228346456693	0.6428571428571428	0.7333333333333334	0	0.5790770028519574	0	0	0	0	0.15	1	0	0.0967741935483871	1.0	0.19672131147540983
212	http://www.colfaxrrmuseum.org/	0	0.0	0	0.0	0	0	0	0	0	0	0	0.02666666666666667	0.3333333333333333	0	0.26666666666666666
213	https://studiocolfax.com/	0.03870967741935484	0.0	0.11764705882352941	0.0	0	0	0	0	0	0	5	0	0.375	0.0	0.13333333333333333
214	http://www.foothill.net/colfax/history/	0	0.0	0	0	0	0	0	0	0	0	0	0.5112859180544437	0.24	0.0	0.0
215	http://www.wsdot.com/traffic/cameras/default.aspx?cam=4033	0	0.0	0	0.0	0.4	0.0	0	0	0	0	78	0.0	0.0	0.0	0.09523809523809523
216	http://www.wrcc.dri.edu/cgi-bin/cliMAIN.pl?wa1586	0	0	0.2857142857142857	0.0	0.0	0	0	0	0	0	0	0.0	0.0	0	0.15789473684210525
217	http://www.mycolfaxpta.com/	0	0.0	0	0.0	0.0	0	0	0	0	0	52	0	0.4	0.4661487236403996	0.2857142857142857
218	http://www.linkpendium.com/colfax-ne-genealogy/	0.044444444444444446	0.0	0.24	0.0	0.35294117647058826	0	0	0	0	0	162	0.0	0.17647058823529413	0.0	0.10526315789473684
219	http://www.cfcolfax.com/	0	0	0	0	0	0	0	0	0	0.0975609756097561	0	0	0.5	0	0.4
220	http://colfaxgolf.com/	0	0.0	0.20689655172413793	0.0	0	0.0	0	0	0	0	4	0.0	0.42857142857142855	0.0	0.11320754716981132
221	http://www.colfaxpolice.net/	0.16666666666666666	0.6019180178887453	0	0	0	0	0	0	0	0.16666666666666666	4	0.0	0.375	0.34386002252551856	0.1016949152542373
222	http://www.bluebirdbeat.com/	0	0.0	0	0	0.6818181818181819	0	0	0	0	0	11	0.033707865168539325	0.0	1.4868052484151555	0.07407407407407407
223	http://www.louisianatravel.com/cities/colfax	0	0.6	1.0	0.0	0	0	0	0	0	0	37	0.0	0.1935483870967742	2.2857142857142856	0.24
224	http://www.smithsonianmag.com/smart-news/1873-colfax-massacre-crippled-reconstruction-180958746/	0	0.0	0	0.0	0	0	0	0	0	0	0	0.0	0.07317073170731707	0	0.0
225	http://www.northerntool.com/stores/colfax-north-carolina.htm	0.0	0.2727272727272727	0.0	0.0	0	0	0	0	0	0.0	0	0.039735099337748346	0.1276595744680851	0.0	0.1348314606741573
226	http://www.yellowpages.com/colfax-wa	0.09302325581395349	2.05	0.3333333333333333	0.0	0.21428571428571427	0.2727272727272727	0	0	0	0	16	0.0	0.25	0.7726860254083484	0.3157894736842105
227	https://chai-itsaboutyou.org/Louisiana/Colfax	0.1348314606741573	0.0	0	0.3486766398158803	0.921584606047704	0	0	0	0	0.1276595744680851	322	0.139588738512626	0.17142857142857143	0.35294117647058826	0.10526315789473684
228	http://www.bestpumpworks.com/new-pumps/colfax-imo-screw-and-gear-pumps/	0.0	0.0	0.1935483870967742	0	0	0.0	0.0	0.0	0	0.07142857142857142	54	0.0	0.10526315789473684	0.0	0.35294117647058826
229	http://goldenhillsrealestate.com/colfax-ca/	0.0784313725490196	0.0	0	0.0	0	0	0	0	0	0	49	0.7932953717700688	0.17647058823529413	0.0	0.07894736842105263
230	http://colfaxresearch.com/training/	0.0	0.0	0.0	0.0	0.0	0.0	0	0	0	0	75	0.16363636363636364	0.23076923076923078	0.0	0.17142857142857143
231	http://colfaxresearch.com/category/now/	0	0.10268845594463617	0.0	0	0.0	0.0	0	0	0	0	42	0.13636363636363635	0.20689655172413793	0.0	0.15789473684210525
232	http://www.explorecolfax.com/	0.057692307692307696	0	0	0	0	0	0	0	0	0.10526315789473684	0	0	0.35294117647058826	0	0.23076923076923078
233	http://www.colfax.k12.ca.us/employment-opportunities.html	0	0.0	0	0	0	0	0	0	0	0	5	0	0.13333333333333333	0.38911564625850337	0.16666666666666666
234	http://jaspercofair.com/	0	0.0	0	0	0	0	0	0	0	0	6	0.0	0.0	0.0	0.14634146341463414
236	http://www.linkpendium.com/colfax-nm-genealogy/	0.043795620437956206	0.0	0.2222222222222222	0.0	0.35294117647058826	0	0	0	0	0	121	0.0	0.17647058823529413	0.0	0.1016949152542373
237	http://www.golflink.com/golf-courses/city.aspx?dest=Colfax+IA	0.05504587155963303	0.7052631578947368	0.24	0.0	0.0	0	0	0	0	0.2903225806451613	28	0.02830188679245283	0.125	0.17647058823529413	0.2
238	http://www.golflink.com/golf-courses/state.aspx?state=IA	0.0	0.0	0.0	0.0	0.0	0	0	0	0	0.0	28	0.0	0.0	0.0	0.0
239	http://bestwesternwashington.com/hotels/best-western-wheatland-inn/	0.056074766355140186	0.0	0.0	0.0	0.0	0.3	0	0	0	0	97	0.4360859114399439	0.0	0.0	0.13333333333333333
240	http://extension.unl.edu/statewide/colfax/	0	0.0	0.17142857142857143	0.0	0.3335907335907336	0.03773584905660377	0	0	0	0	86	0.0	0.1875	0.7	0.07407407407407407
242	https://www.walgreens.com/locator/walgreens-10501+e+colfax+ave-aurora-co-80010/id=3655	0.036585365853658534	0.0	0.0	0	0	0	0	0	0	0	0	0.0	0.08450704225352113	0.0	0.08571428571428572
243	https://commons.wikimedia.org/wiki/Category:Colfax_Station	0	0.0	0.2608695652173913	0.17647058823529413	0.0	0	0	0	0	0	18	0.0	0.1276595744680851	0.0	0.13953488372093023
244	http://www.villageofcolfaxwi.org/events-2	0	0.0	0	0.0	0.2727272727272727	0	0	0	0	0	36	0.2857142857142857	0.20689655172413793	0.14285714285714285	0.14285714285714285
245	http://publicrecords.onlinesearches.com/NE_Colfax.htm	0.02197802197802198	2.1645806984018408	0.2608695652173913	0.0	0	0.0	0.0	0	0	0.1	9	0.15384615384615385	0.13333333333333333	0.18181818181818182	0.125
246	http://www.apartmentguide.com/apartments/California/Colfax/	0.031578947368421054	0.0	0	0.6	1.6143912663118758	0.0	0.0	0	0	0	18	0.0	0.13636363636363635	2.1132075471698113	0.1276595744680851
247	http://www.apartmentguide.com/apartments/California/	0.0	0.0	0.0	0.0	0.0	0.0	0.0	0	0	0	17	0.0	0.0	0.0	0.0
248	http://www.citytowninfo.com/places/washington/colfax	0.059113300492610835	0.0	0.3333333333333333	0	3.3133444604176305	0	0	0	0	0.08	76	0.3478610900957205	0.15789473684210525	0.8571428571428571	0.07692307692307693
249	http://www.citytowninfo.com/places	0.0	0.0	0.0	0	0.0	0	0	0	0	0.0	114	0.0	0.0	0.0	0.0
250	http://colfax.my-pta.org/	0	0.0	0	0	0.0	0	0	0	0	0	0	0	0.35294117647058826	0.2857142857142857	0.21428571428571427
251	https://weedmaps.com/dispensaries/the-clinic-on-colfax	0.04081632653061224	0.7471264367816092	0.20689655172413793	0.12244897959183673	0.46153846153846156	0	0	0	0	0.0	44	0.015345268542199489	0.13636363636363635	0.3333333333333333	0.05454545454545454
253	http://www.karlschev.com/	0.05825242718446602	0.19315673289183222	0.10344827586206896	0.09523809523809523	0.0	0	0	0	0	0.04979253112033195	10	0	0.0	1.0	0.07792207792207792
254	https://huerfanoworldjournal.com/	0	0.0	0	0.0	0.1016949152542373	0	0	0	0	0	3	0.0	0.0	2.0	0.1
255	http://www.athletic.net/TrackAndField/School.aspx?SchoolID=340	0	0.0	0	0	0	0.0	0	0	0	0	13	0.0	0.0	0.0	0.21428571428571427
256	http://www.colfaxtv.com/	0.043478260869565216	0.5108359133126935	0.6	0.0	0	0	0	0.0	0	0.0	5	0	0.5	0.0	0.11538461538461539
257	http://www.landwatch.com/Louisiana_land_for_sale/Colfax	0.10810810810810811	0.0646900269541779	0	0.0	0	0	0	0	0	0.12580645161290321	23	0.0	0.14285714285714285	0.1276595744680851	0.11320754716981132
258	http://westcolfaxbid.org/	0	0.1188235294117647	0.06557377049180328	0.0	0.1	0.3333333333333333	0	0	0	0	3	0.3889964503165569	0.35294117647058826	0.0	0.4
260	http://www.ctlcolfax.com/	0.0	0.0	0	0	0	0	0	0	0	0.0	3	0.0	0.46153846153846156	0	0.0
261	http://www.cabinsandcandlelight.com/	0.0	0	0	0	0	0	0	0	0	0.013824884792626729	2	0.0	0.0	0	0.0
262	https://tshaonline.org/handbook/online/articles/hnc79	0	0.0	0.6	0.0	0.0	0	0	0	0	0.0	50	0.0	0.0	0	0.07142857142857142
263	http://www.epodunk.com/cgi-bin/genInfo.php?locIndex=271478.html	0.04477611940298507	0.9166666666666666	0.16666666666666666	0.24	0.0	0	0	0	0	0.24	154	0.8969478780927556	0.0	0	0.1276595744680851
264	http://www.epodunk.com/counties/nd_county.html	0.0	0.0	0	0	0	0	0	0	0	0.0	7	0.0	0.0	0	0.0
265	http://www.epodunk.com/cgi-bin/genInfo.php?locIndex=22556	0.0	0.0	0.0	0.0	0.0	0	0	0	0	0.0	97	0.0	0.0	0	0.0
266	https://commons.wikimedia.org/wiki/Category:Colfax,_California	0	0.0	0.2222222222222222	0.15789473684210525	0.0	0	0	0	0	0	6	0.0	0.11764705882352941	0.0	0.1276595744680851
268	http://www.localconditions.com/weather-colfax-washington/99111/traffic.php	0.04477611940298507	0.057971014492753624	0.15789473684210525	0.13636363636363635	0	0.7664835164835164	0	0	0	0.2857142857142857	89	0.08571428571428572	0.1	0.0	0.07692307692307693
269	http://www.localconditions.com/us/weather/washington/	0.0	0.0	0.0	0.0	0	0.0	0	0	0	0.0	545	0.0	0.0	0.0	0.0
270	https://www.yelp.com/biz/the-1up-colfax-denver-2	0.024291497975708502	0.0	0.15789473684210525	0.0	0.1875	0.0	0	0	0	0.0	128	0.01405152224824356	0.17647058823529413	0.75	0.2645888594164456
271	https://www.yelp.com/c/denver/nightlife	0.0	0.0	0.0	0.0	0.0	0	0	0	0	0.0	96	0.0	0.0	0.0	0.0
272	https://www.yelp.com/c/denver/bars	0.0	0.0	0.0	0.0	0.0	0	0	0	0	0.0	96	0.0	0.0	0.0	0.0
273	http://www.loopnet.com/Washington/Colfax-Commercial-Real-Estate/	0.1038961038961039	0.0	0.0	0.7378055441816015	0.0	0	0.0	0	0	0.22131147540983606	37	0.23606545152027325	0.12	0.34782608695652173	0.17391304347826086
274	http://www.apartmentguide.com/apartments/North-Carolina/Colfax/	0.030927835051546393	0.0	0	0.6	1.6112904911180772	0.0	0.0	0	0	0	19	0.02459016393442623	0.125	2.1132075471698113	0.1276595744680851
275	http://www.apartmentguide.com/apartments/North-Carolina/	0.0	0.0	0.0	0.0	0.0	0.0	0.0	0	0	0	17	0.0	0.0	0.0	0.0
276	https://www.walgreens.com/locator/walgreens-6200+e+colfax+ave-denver-co-80220/id=3867?_escaped_fragment_=	0.03680981595092025	0.0	0.0	0	0.0	0.0	0	0	0	0	38	0.3157894736842105	0.06666666666666667	0.0	0.08695652173913043
277	http://www.colfaxdentalservices.com/	0.025974025974025976	0.0	0.13043478260869565	0	0	0	0	0	0	0.06896551724137931	3	0	0.25	1.344155844155844	0.13333333333333333
278	http://jaspercofair.com/schedule.html	0	0.0	0	0	0	0	0	0	0	0	2	0	0.0	0.775	0.14285714285714285
279	http://colfaxgunandammo.net/	0	0.0	0.0	0	0	0	0	0	0	0	0	0.4226366888094021	0.3	0	0.08108108108108109
280	http://colfaxrancheria.com/	0.0782608695652174	0.09090909090909091	0.0	0.0	0.0	0	0	0	0	0.1323529411764706	5	0.0	0.3157894736842105	0.21428571428571427	0.13333333333333333
281	http://tjscolfax.com/	0.0	0	0	0	0	0	0	0	0	0.036585365853658534	1	0	0.46153846153846156	0	0.2222222222222222
282	http://colfaxpersimmonfest.com/	0	0	0	0	0	0	0	0	0	0	3	0.0967741935483871	0.2608695652173913	0.020338983050847456	0.05454545454545454
283	http://colfaxumc.org/	0	0.0	0.0	0.2	0	0	0	0	0	0.4897959183673469	23	0.08571428571428572	0.46153846153846156	0	0.4
284	https://www.justia.com/lawyers/louisiana/colfax	0.037267080745341616	0.0	0	0	0	0.0	0.0	0	0	0.10909090909090909	150	0.048	0.1875	6.578007518796992	0.17647058823529413
285	https://www.justia.com/lawyers	0.0	0.0	0	0	0	0.0	0	0	0	0.0	47	0.0	0.0	0.0	0.0
286	https://www.justia.com/lawyers/louisiana	0.0	0.0	0	0	0	0	0.0	0	0	0.0	292	0.0	0.0	0.0	0.0
287	http://www.relmanlaw.com/attorneys/reedcolfax.php	0.011131725417439703	0.0	0.5454545454545454	0	0	0.0	0	0	0	0.0	2	0.6516950314460301	0.16666666666666666	0.0	0.7222222222222222
288	http://publicrecords.onlinesearches.com/NM_Colfax.htm	0.02181818181818182	2.042769150989419	0.24	0.0	0	0.0	0.0	0	0	0.0967741935483871	9	0.15384615384615385	0.13333333333333333	0.17142857142857143	0.12
289	http://www.courts.wa.gov/court_dir/orgs/297.html	0	0.0	0	0	0	0	0	0	0	0	28	0.0	0.0	0.0	0.0
290	http://www.newmexico.org/regions/northeast/colfax-county-attractions/	0.0	0.0	0	0	0	0	0	0	0	0.0	13	0.00788436268068331	0.1111111111111111	0.24	0.10714285714285714
291	http://www.fandango.com/colfax_+ca_movietimes	0.04195804195804196	0.0	0.0	0.0	0.0	0.0	0.0	0.0	0	0	328	0.0	0.18181818181818182	0.4	0.08333333333333333
292	http://www.fandango.com/colfax_+ca_movietimes	0.04195804195804196	0.0	0.0	0.0	0.0	0.0	0.0	0.0	0	0	328	0.0	0.18181818181818182	0.4	0.08333333333333333
293	http://www.thelineofbestfit.com/reviews/albums/the-delines-colfax	0.0	0.0	0.3	1.0	0.0	0	0	0	0	0.061224489795918366	11	0.012335726207645314	0.11764705882352941	0.0	0.10526315789473684
294	http://www.chick-fil-a.com/colfaxandgarfield	0	0.0	0	0	0.8571428571428571	0	0	0	0	0	16	0.35294117647058826	0.1875	0.0	0.6
295	http://www.coburnfuneralhomes.com/Obituaries/	0	1.055299539170507	0.0	0.0	0.0	0	0	0	0	0	87	0.0	0.0	0.0	0.08333333333333333
296	http://www.lapecanfest.com/	0	0.0	0.0	0.0	0.5335968379446641	0	0	0	0	0	1	0.24	0.0	0.0	0.0
297	http://www.churchangel.com/WEBCA/colfax.htm	0.030927835051546393	0.0	0.125	0.0	0	0.0	0	0	0	0.05106382978723404	15	0.0	0.2	0.0	0.08955223880597014
298	http://www.churchangel.com/topdenominations.htm	0.0	0.0	0.0	0	0.0	0	0	0	0	0.0	67	0.0	0.0	0.0	0.0
299	http://www.churchangel.com/californ.htm	0.0	0.0	0.0	0	0	0	0	0	0	0.0	9	0.0	0.0	0.0	0.0
300	http://www.relmanlaw.com/	0.011131725417439703	0.0	0	0.0	0.0	0	0	0	0	0.0	2	0.0	0.0	0.0	0.5
301	http://seekingalpha.com/symbol/CFX	0.0	0.0	0	0	0	0	0	0	0	0	34	0	0.0	0.3333333333333333	0.10526315789473684
302	http://colfaxfire.com/	0.11764705882352941	0.0	0	0	0.0	0	0	0	0	0.13636363636363635	2	0.2372223830353309	0.42857142857142855	0.0	0.0
303	http://www.colfaxdental.com/	0.047244094488188976	0.0	0.32432432432432434	0	0	0	0	0	0	0.03180212014134275	6	0.0	0.375	0.0	0.13636363636363635
304	http://www.adoptapet.com/adoption_rescue/63802.html	0.05	0.0	0.08823529411764706	0.06060606060606061	0	0	0	0	0	0.0	29	0.0	0.0	0.0	0.05128205128205128
307	http://www.drywalltopainting.com/tag/stuccoing-colfax-ca/	0	0.0	0.39634146341463417	0	0	0.0	0	0.0	0	0	66	0.24028432058314658	0.13953488372093023	1.2377655129835916	0.3
308	http://www.westword.com/restaurants/motomaki-heads-to-west-colfax-avenue-from-boulder-8307112	0.056074766355140186	0.0	0.12244897959183673	0.0	0.0	0.0	0	0	0	0.0	9	0.0	0.075	0.12244897959183673	0.06976744186046512
310	http://payday-kid.trade/payday-loans-denver-colfax.2016	0	0.0	0	0.0	0	0	0	0	0	0	1	0.0	0.1276595744680851	0.0	0.0
311	http://gardening.fairfieldschool.org/tag/landscape-design-colfax-il-61728	0	0.0	0.16216216216216217	0.0	0	0	0	0	0	0	121	0.1662120836906258	0.09375	0.0	0.13636363636363635
312	http://www.imagemaker360.com/148043	0	0.0	0	0	0	0	0	0	0	0	4	0	0.0	0.0	0.0
313	http://payday-drag.trade/payday-loans-on-quebec-and-colfax.html	0.0	0.0	0.0	0.0	0	0	0	0	0	0	0	0.0	0.10909090909090909	0.0	0.0
314	http://stlukesstudents.org/158-research-paper-colfax	0	0.0	0.2857142857142857	0.0	0.0	0	0	0	0	0	49	0.0	0.13636363636363635	0.2857142857142857	0.2857142857142857
315	http://janerowerealty.com/listing_316NColfax.html	0	0	0	0	0	0	0	0	0	0	0	0	0.14634146341463414	0	0
317	http://payday-dull.trade/payday-loans-on-colfax	0.0	0.0	0.0	0.0	0.0	0	0	0	0	0	1	0.0	0.15384615384615385	0	0.0
318	http://store.brayshawcreative.com/p543608756	0	0.0	0.0	0	0	0.0	0	0	0	0	6	0.0	0.0	0.4	0.13636363636363635
319	http://payday-dull.trade/payday-loans-e-colfax	0.0	0.0	0.0	0.0	0	0	0	0	0	0	0	0.0	0.15789473684210525	0.0	0.0
