index	url	description	div	h1	h2	h3	h4	h5	h6	inbound_links	keywords	outbound_links	p	root	span	title
1	http://ci.cotati.ca.us/	0.0821917808219178	0.0	0	0.0	0	0	0	0	0	0.3	17	0.2727272727272727	0.4	0	0.08823529411764706
2	https://en.wikipedia.org/wiki/Cotati,_California	0	0.2857142857142857	0.3333333333333333	0.0	0.0	0	0	0	0	0	93	3.007578048363934	0.15789473684210525	0.9453781512605042	0.11320754716981132
3	http://www.cotati.org/	0	0.3333333333333333	0	0	0	0	0	0	0	0	5	0.7601273954690275	0.6	0.0	0.21428571428571427
4	http://www.ci.cotati.ca.us/sections/employment/	0.0821917808219178	0.0	0.0	0.0	0	0	0	0	0	0.3	8	0.4602272727272727	0.18181818181818182	0.0	0.09836065573770492
5	https://en.wikipedia.org/wiki/Cotati_(comics)	0	0.0	0.4	0.0	0.0	0	0	0	0	0	8	0.4054109919830001	0.17142857142857143	0.0	0.12
6	http://www.sonomacounty.com/cities/cotati	0.07017543859649122	0.0	0.6666666666666666	0.0	0.0	0	0	0	0	0	29	1.3122142658316602	0.21428571428571427	0.6923076923076923	0.15789473684210525
7	http://www.zillow.com/cotati-ca/	0.0392156862745098	0.01775245048156148	0.2857142857142857	0	0	0.3333333333333333	0.0	0.0	0	0	102	0.0	0.3157894736842105	31.907085601804486	0.21818181818181817
8	http://marvel.com/universe/Cotati	0	0.3333333333333333	2.0	0	0	0.0	0	0	0	0.06	67	0.11513160117693727	0.25	0.0	0.06896551724137931
9	http://www.city-data.com/city/Cotati-California.html	0.17142857142857143	0.0	0	0	3.569392819804861	0.2608695652173913	0	0	0	0	34	0.5452102245580506	0.15384615384615385	0.3333333333333333	0.030927835051546393
10	http://marvel.wikia.com/wiki/Cotati	0.06521739130434782	1.0	1.0	0.0	0.0	0	0	0	0	0.05581395348837209	54	1.9251396691999976	0.23076923076923078	0.0	0.12
11	http://www.cotatifest.com/	0.03428571428571429	0.0	0	0	0	0	0	0	0	0.0	7	0.0	0.42857142857142855	0.2737113402061856	0.5454545454545454
12	http://www.realtor.com/realestateandhomes-search/Cotati_CA	0.0	0.0	0	0.0	0	0	0	0	0	0	92	0.0	0.13333333333333333	0.0	0.0
13	http://www.realtor.com/realestateandhomes-search/California	0.0	0.0	0	0.0	0	0	0	0	0	0	92	0.0	0.0	0.0	0.0
14	http://www.realtor.com/realestateandhomes-search/Sonoma-County_CA	0.0	0.0	0	0.0	0	0	0	0	0	0	92	0.0	0.0	0.0	0.0
15	http://cotatispeedshop.com/	0	0.15384615384615385	0	0.6770158521658656	0.6770158521658656	0.0	0	0	0	0	10	0.9663135861094129	0.3157894736842105	0.2994652406417112	0.35294117647058826
16	http://www.apartmenthomeliving.com/cotati-ca	0.0759493670886076	0.39285714285714285	0.0	0.3380952380952381	0.0	0.6386033321517193	0	0	0	0	260	0.168095817993734	0.1875	0.0	0.3076923076923077
17	https://www.vrbo.com/vacation-rentals/usa/california/wine-country/sonoma-county/cotati	0.04	0.0	0.8571428571428571	0	0	0	0	0	0	0.0784313725490196	23	0.0	0.08823529411764706	0.0	0.2
18	http://comicvine.gamespot.com/cotati/4060-46135/	0.07692307692307693	0.0	0.0	0.0	0.07692307692307693	0.0	0	0	0	0	14	0.11156409777507995	0.15789473684210525	0.0	0.2222222222222222
19	http://www.sonomacountyhd.com/	0.0	0.0	0.0	0	0	0	0	0	0	0.024793388429752067	8	0.0	0.0	1.25	0.040268456375838924
20	https://www.yelp.com/biz/cotati-jewelers-cotati-2	0.024291497975708502	0.0	0.16216216216216217	0.0	0.2608695652173913	0.0	0	0	0	0.0	118	0.2999595557141529	0.34285714285714286	1.775	0.1978021978021978
21	https://www.yelp.com/c/cotati-ca-us/shopping	0.04897959183673469	0.0	0.2608695652173913	0.0	0.20689655172413793	0	0	0	0	0.0	96	0.0	0.20689655172413793	0.41379310344827586	0.24
22	https://www.yelp.com/c/cotati-ca-us/jewelry	0.05286343612334802	0.0	0.0	0.0	0.0	0.0	0	0	0	0.0	97	0.0	0.21428571428571427	0.8615384615384616	0.23076923076923078
23	http://www.bayareacensus.ca.gov/cities/Cotati.htm	0.0	0	0	0	0	0	0	0	0	0.0	7	0.0	0.16666666666666666	0.0	0.18181818181818182
24	http://www.marvunapp.com/Appendix2/cotatikree.htm	0	0.0	0	0	0	0	0	0	0	0	22	0.0	0.16666666666666666	0	0.1111111111111111
25	http://www.cotati.org/about/	0	0.3333333333333333	0.0	0.3130081300813008	0	0	0	0	0	0	48	1.2869049516473698	0.4	0.0	0.17647058823529413
27	http://www.uccr.org/camp/veterans-building-cotati	0	0.04	0.25	0.0	0.0	0	0	0	0	0	18	0.0	0.16666666666666666	1.0	0.08450704225352113
28	http://cotatihistoricalsociety.org/history-of-cotati	0	0.0	0	0.35294117647058826	0	0	0	0	0	0	21	0.6366074775483639	0.2727272727272727	0	0.5476190476190476
30	http://cotatispeedshop.com/?page_id=135	0	0.0	0.0	0.6770158521658656	0.6770158521658656	0.0	0	0	0	0	19	0.9796335994294262	0.1935483870967742	0.0	0.3333333333333333
31	https://www.trulia.com/CA/Cotati/	0.047619047619047616	19.196911196911195	0.23076923076923078	0.13953488372093023	0	0	0.0	0	0	0	4	1.5	0.3333333333333333	0.0	0.2608695652173913
32	https://www.tripadvisor.com/Tourism-g32254-Cotati_Sonoma_County_California-Vacations.html	0.14173228346456693	0.6428571428571428	0.7333333333333334	0	0.5790770028519574	0	0	0	0	0.15	1	0	0.07894736842105263	1.0	0.19672131147540983
33	https://www.tripadvisor.com/Tourism-g28926-California-Vacations.html	0.0	0.0	0.0	0	0.0	0.0	0	0	0	0.0	1	0.0	0.0	0.0	0.0
34	https://www.tripadvisor.com/Tourism-g1109451-Sonoma_County_California-Vacations.html	0.0	0.0	0.0	0	0.0	0	0	0	0	0.0	10	0.0	0.0	0.0	0.0
35	http://www.beachcalifornia.com/cotati.html	0.015424164524421594	0.0	0	0	0	0	0	0	0	0	1	0.0	0.2	0.0	0.14634146341463414
36	http://www.realtor.com/realestateandhomes-search/94931	0.0	0.0	0	0.0	0	0	0	0	0	0	92	0.0	0.0	0.0	0.0
37	http://www.realtor.com/realestateandhomes-search/California	0.0	0.0	0	0.0	0	0	0	0	0	0	92	0.0	0.0	0.0	0.0
38	http://www.realtor.com/realestateandhomes-search/Sonoma-County_CA	0.0	0.0	0	0.0	0	0	0	0	0	0	92	0.0	0.0	0.0	0.0
39	http://www.realtor.com/realestateandhomes-search/Cotati_CA	0.0	0.0	0	0.0	0	0	0	0	0	0	92	0.0	0.13333333333333333	0.0	0.0
40	http://www.crpusd.org/	0	0.0	0.27906976744186046	0.0	0	0	0	0	0	0	59	0.0	0.0	0.0	0.09375
41	http://www.remax.com/realestatehomesforsale/cotati-ca-p001.html	0.04580152671755725	0.0	0.2926829268292683	0.0	0.0	0	0	0.0	0	0.1592920353982301	15	0.0	0.12	3.162667162825312	0.15384615384615385
42	http://www.remax.com/advancedsearch/	0.0	0.0	0.0	0.0	0.0	0	0	0.0	0	0.0	15	0.0	0.0	0.0	0.0
43	https://www.redfin.com/city/4316/CA/Cotati	0.09302325581395349	5.442495126705654	0.3333333333333333	0.9121621621621622	0.0	0	0	0	0	0	17	0	0.23076923076923078	10.484985999370236	0.2608695652173913
44	https://www.redfin.com/states/CA	0.0	0.0	0.0	0	0.0	0	0	0	0	0	84	0.0	0.0	0.0	0.0
45	https://www.redfin.com/county/351/CA/Sonoma-County	0.0	1.263157894736842	0.0	0.0	0.0	0	0	0	0	0	17	0	0.0	0.0	0.0
46	http://www.redwoodcafe.com/main.html	0	0.0	0	0	0	0	0	0	0	0	0	0	0.0	0.0	0.0
47	http://www.oliversmarket.com/index.php/stores/cotati_store/	0.0	0.0	0.0	0.0	0	0	0	0	0	0	23	0.0	0.13636363636363635	0.0	0.0
48	https://www.yelp.com/biz/superburger-cotati	0.0	0.0	0.0	0.0	0.0	0.0	0	0	0	0.0	125	0.07757352941176471	0.20689655172413793	1.0	0.05263157894736842
49	https://www.yelp.com/c/cotati-ca-us/restaurants	0.027649769585253458	0.09375	0.23076923076923078	0.0	0.0	0	0	0	0	0.0	96	0.0	0.1875	0.0	0.21428571428571427
50	https://www.yelp.com/c/cotati-ca-us/tradamerican	0.02666666666666667	0.0	0.0	0.0	0.0	0.0	0	0	0	0.0	101	0.026785714285714284	0.18181818181818182	2.4615384615384617	0.1
51	http://www.trulia.com/for_rent/Cotati,CA/	0.08695652173913043	1.2289377289377288	0.2	0.0	0.0	0.0	0.0	0	0	0	9	0.0	0.2222222222222222	6.974999999999999	0.11764705882352941
52	https://www.groupon.com/local/rohnert-park-ca	0.0	0.4663928304705004	0.0	0.0	0.0	0.0	0.0	0.0	0	0.0	79	0.0	0.0	0.0	0.0
53	https://www.groupon.com/local	0.0	0.0	0.0	0.0	0.0	0.0	0.0	0.0	0	0.0	85	0.0	0.0	0.0	0.0
54	https://www.groupon.com/local/california	0.0	0.0	0.0	0.0	0.0	0.0	0.0	0.0	0	0.0	90	0.0	0.0	0.0	0.0
55	https://www.tripadvisor.com/Restaurants-g32254-Cotati_Sonoma_County_California.html	0.08053691275167785	5.942045454545452	0.4072110286320254	0	0.0	0	0	0	0	0.08823529411764706	1	0	0.08571428571428572	2.0	0.12244897959183673
56	https://www.tripadvisor.com/Tourism-g1109451-Sonoma_County_California-Vacations.html	0.0	0.0	0.0	0	0.0	0	0	0	0	0.0	10	0.0	0.0	0.0	0.0
57	https://www.tripadvisor.com/Tourism-g32254-Cotati_Sonoma_County_California-Vacations.html	0.14173228346456693	0.6428571428571428	0.7333333333333334	0	0.5790770028519574	0	0	0	0	0.15	1	0	0.07894736842105263	1.0	0.19672131147540983
58	http://www.californiagasprices.com/Cotati/index.aspx	0.09917355371900827	0.0	0.0	0.0	0	0	0	0	0	0	56	0.0	0.15384615384615385	0.0	0.17647058823529413
59	http://www.loopnet.com/California/Cotati-Commercial-Real-Estate/	0.1038961038961039	0.0	0.0	0.7378055441816015	0.0	0	0.0	0	0	0.22131147540983606	37	0.23606545152027325	0.12	2.016414907055577	0.17391304347826086
60	http://www.accuweather.com/en/us/cotati-ca/94931/weather-forecast/2154583	0.07317073170731707	0.0	0.6	0.0	0.2608695652173913	0.0	0.0	0	0	0.09230769230769231	185	0.0	0.10714285714285714	0.42857142857142855	0.11764705882352941
61	http://www.accuweather.com/en/us/united-states-weather	0.0	0.0	0.0	0.0	0.0	0.0	0.0	0	0	0.0	160	0.0	0.0	0.0	0.0
62	http://www.accuweather.com/en/us/ca/california-weather	0.0	0.0	0	0.0	0.0	0.0	0.0	0	0	0	208	0.0	0.0	0.0	0.0
63	http://unicycler.com/residential/sonoma/cotati	0.0	0.0	0.0	0	0	0	0	0	0	0.0	3	0.0	0.16666666666666666	0.0	0.13636363636363635
65	http://www.houzz.com/professionals/lighting/c/Cotati--CA	0.0297029702970297	0.7692874692874694	0.0	0.0	0	0	0	0	0	0.03296703296703297	406	0	0.14634146341463414	6.815789473684209	0.2
66	http://www.houzz.com/professionals/san-francisco	0.0	0.0	0.0	0	0	0	0	0	0	0.0	414	0	0.0	0.0	0.0
67	http://www.houzz.com/professionals/c/Cotati--CA	0.040268456375838924	0.9025874125874127	0.0	0.0	0	0	0	0	0	0.03870967741935484	399	0	0.18181818181818182	5.726855600539812	0.10714285714285714
68	http://www.cotatijewelers.com/	0.03480278422273782	0.02643171806167401	0	0	0.0	0	0	0	0	0	1	0	0.3333333333333333	1.2717391304347827	0.4
69	http://www.ci.rohnert-park.ca.us/	0	0.0	0	0.0	0.0	0.0	0	0	0	0	16	0.0	0.0	0.0	0.0
70	http://www.zillow.com/cotati-ca/apartments/	0.041379310344827586	0.008559201141226819	0.3	0	0	0.0	0.0	0.0	0	0	105	0.3825897508761959	0.20689655172413793	2.52034632034632	0.14285714285714285
71	http://www.topix.com/city/cotati-ca	0.05	1.146341463414634	0.5454545454545454	0	0	0.0	0.0	0	0	0	19	0.9844513187886682	0.2727272727272727	1.5454545454545454	0.35294117647058826
72	http://www.topix.com/state/ca	0.0	0.0	0.0	0	0	0.0	0.0	0	0	0	28	0.0	0.0	0.0	0.0
73	http://www.topix.com/county/sonoma-ca	0.0	0.0	0.0	0	0	0.0	0.0	0	0	0	28	0.0	0.0	0.0	0.0
74	http://cotaticityca.iqm2.com/Citizens/Board/1000-City-Council	0	0.0	0	0.2222222222222222	0	0	0	0	0	0	17	0.02459016393442623	0.11764705882352941	0.6666666666666666	0.0
75	http://www.homes.com/for-sale/cotati-ca/	0.0728744939271255	0.4	0.21428571428571427	0.23076923076923078	0.375	0	0	0	0	0.06741573033707865	8	0.07214428857715431	0.23076923076923078	4.0	0.4174843889384478
76	https://agents.allstate.com/steven-memmer-cotati-ca.html	0.047619047619047616	0.0	0.11538461538461539	0.2517482517482518	0.0	0.0	0	0	0	0.0	87	0.022058823529411766	0.1276595744680851	1.6358695652173914	0.0967741935483871
77	http://www.livability.com/ca/cotati	0.0425531914893617	0.2	0.75	0.15789473684210525	0	0	0	0	0	0.23580786026200873	2	0.0	0.2727272727272727	0.0	0.1935483870967742
78	http://www.yellowpages.com/cotati-ca/veterinarians	0.07453416149068323	0.0	1.0	0.0	0.0	0.0	0.0	0	0	0	103	1.266577540106952	0.16216216216216217	16.437012987012988	0.12244897959183673
79	http://sonomalibrary.org/locations/rohnert-park-cotati-regional-library	0	0.0	0.16666666666666666	0.10909090909090909	0	0.0	0	0	0	0	35	0.3200568990042674	0.0967741935483871	0.0	0.1
80	http://www.cotatidentalwellness.com/	0.096	0	0	0	0	0	0	0	0	0.05405405405405406	0	0	0.25	0	0.1276595744680851
81	http://www.dcelectricgroup.com/	0.05454545454545454	0.0	0	0	0	0	0	0	0	0.10714285714285714	1	0.0	0.0	1.0	0.13333333333333333
82	http://www.homefinder.com/CA/Cotati/	0.0410958904109589	2.333333333333333	0.2222222222222222	0.0	0	0.0	0.0	0.6	0	0.25862068965517243	85	0.0	0.2727272727272727	0.0	0.2222222222222222
83	https://therapists.psychologytoday.com/rms/state/CA/Cotati.html	0.03468208092485549	0.0	0.24	0	0.0	0.0	0	0	0	0	100	0	0.11764705882352941	18.058252427184467	0.12080536912751678
84	https://therapists.psychologytoday.com/rms/county/CA/Sonoma.html	0.0	0.0	0.0	0	0.0	0.0	0	0	0	0	198	0	0.0	0.0	0.0
85	http://www.massageenvy.com/clinics/ca/cotati.aspx	0	0	0	0	0	0	0	0	0	0	0	0	0.17142857142857143	0	0
86	http://www.codepublishing.com/CA/Cotati/	0	0	0	0	0	0	0	0	0	0	0	0	0.23076923076923078	0	0.2857142857142857
87	https://www.zomato.com/cotati-ca/washoe-house-cotati	0.04054054054054054	0.46153846153846156	0.0	0.1935483870967742	0.0	0.0	0	0	0	0	117	0	0.3157894736842105	4.047252747252747	0.12
88	https://www.zomato.com/united-states	0.0	0.0	0.0	0.0	0.0	0.0	0	0	0	0	767	0	0.0	0.0	0.0
89	https://www.zomato.com/cotati-ca/restaurants	0.15384615384615385	5.864191635315434	0.2714932126696833	0	0.0	0	0	0	0	0	302	0.0	0.2	1.0	0.19672131147540983
90	http://www.facebook.com/pages/Cotati-Speed-Shop/148148901947960	0.056074766355140186	0.27180899908172634	0	0	0	0	0	0	0	0	134	0.0	0.12244897959183673	0.35294117647058826	0.21428571428571427
91	http://e-clubhouse.org/sites/cotati/	0.03550295857988166	0.44117647058823534	0	0	0	0	0	0	0	0	22	0.0	0.23076923076923078	0.06206193449726009	0.16216216216216217
92	http://www.cotatilargeanimal.com/#!	0.0	0	0	0	0	0	0	0	0	0.09090909090909091	0	0	0.2608695652173913	0	0.21428571428571427
93	http://www.cotaticohousing.org/	0.0	0	0	0	0	0	0	0	0	0.06741573033707865	0	0.0	0.3157894736842105	0	0.15789473684210525
94	http://hotelguides.com/california/cotati-ca-hotels.html	0.06629834254143646	0.02	0.2	0.24	0.25	0	0	0	0	0.023255813953488372	59	0.12121212121212122	0.13043478260869565	0.27536970933197347	0.13953488372093023
95	http://hotelguides.com/california/ca-hotels.html	0.0	0.0	0.0	0	0	0	0	0	0	0.0	2	0.0	0.0	0.0	0.0
96	http://www.pacificunion.com/areas/cotati	0.05555555555555555	0.0	1.0	0.0	0.0	0.0	0.0	0	0	0	18	0.20789509042538895	0.2222222222222222	0.29321533923303833	0.16216216216216217
97	http://www.apartmentguide.com/apartments/California/Cotati/	0.031578947368421054	0.0	0	0.6	1.6143912663118758	0.0	0.0	0	0	0	18	0.0	0.13636363636363635	2.1132075471698113	0.1276595744680851
98	http://www.apartmentguide.com/apartments/California/	0.0	0.0	0.0	0.0	0.0	0.0	0.0	0	0	0	17	0.0	0.0	0.0	0.0
99	https://knimble.com/	0.0	0.0	0	0.0	0	0.0	0	0	0	0	5	0.0	0.0	0.0	0.0
100	http://cotatihistoricalsociety.org/	0	0.0	0	0.0	0	0	0	0	0	0	0	0.3324910667246357	0.2222222222222222	0	0.2222222222222222
102	http://www.cotatismallanimal.com/	0.0379746835443038	0.7304347826086957	0.0	0.0	0.0	0	0	0	0	0.0	0	0.2222222222222222	0.2857142857142857	0.14285714285714285	0.17142857142857143
103	http://www.ruthysrealmeals.com/	0.05128205128205128	0.0	0	0.18181818181818182	0	0	0	0	0	0	6	0.0	0.0	1.0	0.058823529411764705
104	http://www.apartments.com/cotati-ca/	0.03680981595092025	8.304015837104071	0.23076923076923078	0.17142857142857143	0.0	0.0	0.0	0	0	0.0967741935483871	100	0.03680981595092025	0.2608695652173913	0.0	0.11764705882352941
105	http://www.homesandland.com/For-Sale/Cotati,CA/	0.0975609756097561	0.0	0.0	0.0	0.0	0	0	0	0	0.0	23	0.05825242718446602	0.18181818181818182	8.04	0.2222222222222222
106	http://www.homesandland.com/For-Sale/	0.0	0.0	0.0	0.0	0.0	0	0	0	0	0.0	20	0.0	0.0	0.0	0.0
107	http://www.homesandland.com/Sitemap/California/Homes_for_Sale/	0.0	0.0	0.0	0.0	0.0	0	0	0	0	0.0	20	0.0	0.0	0.0	0.0
108	http://www.yellowpages.com/cotati-ca	0.09302325581395349	2.0	0.3333333333333333	0.0	0.21428571428571427	0.2727272727272727	0	0	0	0	16	0.0	0.25	0.7726860254083484	0.3157894736842105
109	http://www.houzz.com/professionals/staircases/c/Cotati--CA	0.0392156862745098	0.45454545454545453	0.0	0.0	0	0	0	0	0	0.03389830508474576	391	0	0.13953488372093023	6.149122807017542	0.2857142857142857
110	http://www.houzz.com/professionals/san-francisco	0.0	0.0	0.0	0	0	0	0	0	0	0.0	414	0	0.0	0.0	0.0
111	http://www.houzz.com/professionals/c/Cotati--CA	0.040268456375838924	0.9025874125874127	0.0	0.0	0	0	0	0	0	0.03870967741935484	377	0	0.18181818181818182	5.726855600539812	0.10714285714285714
112	http://www.indeed.com/l-Cotati,-CA-jobs.html	0.08108108108108109	0.21428571428571427	0	0.0	0	0	0	0	0	0.25149700598802394	3	0.0	0.1875	3.0	0.13953488372093023
113	http://crpusd.schoolwires.net/Domain/15	0	0.0	0.0	0.0	0	0	0	0	0	0	56	0.0	0.0	0.0	0.0
114	http://www.beachcalifornia.com/things-to-do/cotati-ca.html	0.08955223880597014	0.07692307692307693	0.24	1.3801841401841402	0.2608695652173913	0	0	0	0	0.2608695652173913	21	0.06965174129353234	0.13333333333333333	8.609924218541353	0.4
115	http://playsportscity.com/	0	0.0	0	0.0	0	0	0.0	0	0	0	11	0.0	0.0	0.0	0.0
116	http://mercymmd.org/	0.04054054054054054	0.0	0	0.0	0.0	0.17142857142857143	0	0	0	0	0	0.05021901175747329	0.0	0.0	0.14285714285714285
117	http://cotaticityca.iqm2.com/Citizens/default.aspx	0	1.1717168764061854	0	0.0	0	0	0	0	0	0	7	0.0	0.14634146341463414	0.0	0.16216216216216217
118	http://www.littlefriendspethotel.com/	0.03428571428571429	0.0	0.0	0.0	0.0	0	0	0	0	0.16666666666666666	2	0.0	0.0	1.0	0.24
120	https://www.zomato.com/cotati-ca/marvins-restaurant-cotati	0.07317073170731707	1.167420814479638	0.0	0.16216216216216217	0.0	0.0	0	0	0	0	120	0	0.2727272727272727	4.437665782493369	0.2222222222222222
121	https://www.zomato.com/united-states	0.0	0.0	0.0	0.0	0.0	0.0	0	0	0	0	767	0	0.0	0.0	0.0
122	https://www.zomato.com/cotati-ca/restaurants	0.15384615384615385	5.864191635315434	0.2714932126696833	0	0.0	0	0	0	0	0	302	0.0	0.2	1.0	0.19672131147540983
123	http://www.oliversmarket.com/index.php/cotati_store	0.09045226130653267	0.0	0.5	0.0	0	0	0	0	0	0	24	0.1514519928411519	0.15789473684210525	0.0	0.1875
124	http://www.cityfeet.com/cont/ca/cotati-commercial-real-estate	0.06	2.6999999999999997	0.25526315789473686	0.18181818181818182	0.0	0	0.10714285714285714	0	0	0.18181818181818182	3	0.014285714285714285	0.1276595744680851	0.0	0.18181818181818182
125	http://cotatijazz.com/	0.04580152671755725	0.0	0.3	0.0	0	0	0	0	0	0	4	0.3394648829431438	0.42857142857142855	0	0.125
126	http://millerdrivingschool.com/	0.0	0.0	0.0	0	0	0	0	0	0	0.032432432432432434	0	0.20689655172413793	0.0	0	0.08695652173913043
127	http://cotatiaikido.com/	0	0	0	0	0	0	0	0	0	0	1	0.0	0.375	2.0	0.3
128	http://cotati.generalplan.org/	0	0.0	0	0.0	0.0	0	0	0	0	0	0	0.30595923497974	0.2727272727272727	0.2785923753665689	0.15384615384615385
129	http://www.localharvest.org/cotati-farmers-market-M17438	0.0851063829787234	0.0	0.2857142857142857	0.0	0.0	0.0	0.0	0.0	0	0.15	15	0.08374384236453201	0.13636363636363635	0.0	0.16666666666666666
130	http://www.donahuetrucks.net/	0.0	0.0	0	0	1.0	0	0	0	0	0.0	2	0.0	0.0	0.0	0.0
131	http://www.loopnet.com/California/Cotati_Retail-Space-For-Lease/	0.08602150537634409	0.0	0.0	0.46103959407632056	0.0	0	0.0	0	0	0.1889763779527559	36	0.19858569658088504	0.12	0.5387931034482758	0.20689655172413793
132	http://churchoftheoaks.org/	0	0.0	0	0	0	0.0	0	0	0	0	0	0.0	0.0	0	0.08333333333333333
133	https://www.facebook.com/pages/Cotati-Speed-Shop/148148901947960	0.056074766355140186	0.27180899908172634	0	0	0	0	0	0	0	0	134	0.0	0.12244897959183673	0.35294117647058826	0.21428571428571427
134	http://www.mhbay.com/mobile-home-parks/47905-country-side-mobile-home-park-in-cotati-ca	0.07317073170731707	0.0	0.0	0	0.3517786561264822	0.0	0.0	0	0	0.0	6	0.0	0.08108108108108109	1.0	0.08823529411764706
135	http://www.mhbay.com/mobile-home-park-directory/california	0.0	0.0	0.0	0.0	0.0	0	0	0	0	0.0	7	0.0	0.0	1.0	0.0
136	http://www.mhbay.com/mobile-home-park-directory/california/county/sonoma-county	0.0	0.0	0.0	0	0.0	0	0	0	0	0.0	16	0.0	0.0	0.0	0.0
137	http://www.mhbay.com/mobile-home-park-directory/california/cotati	0.05286343612334802	0.0	0.18181818181818182	0	0.2608695652173913	0	0	0	0	0.0	16	0.22744555824403734	0.11764705882352941	3.0	0.1111111111111111
138	http://www.rotaryrpc.org/	0.06315789473684211	0.923076923076923	0	0.0	0.0	0	0	0	0	0.07142857142857142	21	0	0.0	0.0	0.15
139	http://www.cotatilargeanimal.com/	0.0	0	0	0	0	0	0	0	0	0.09090909090909091	0	0	0.2857142857142857	0	0.21428571428571427
140	http://santarosacatholic.org/parishes/joseph-cotati.html	0	0.0	0.23076923076923078	0.0	0	0	0	0	0	0	10	0.0	0.1276595744680851	0	0.12
141	http://www.apartmentfinder.com/California/Cotati-Apartments	0.0425531914893617	0.0	0	0.2	0.0	0.0	0.0	0	0	0	62	0.02197802197802198	0.13043478260869565	0.2	0.12244897959183673
142	http://www.sfgate.com/arrestrecords/cotati/	0.1016949152542373	0.0	0.2857142857142857	0	0.0	0.0	0	0	0	0	153	0.0	0.20689655172413793	1.0	0.08571428571428572
143	http://cotatichinachef.com/	0	0.2629370629370629	0.0	0	0	0	0	0	0	0	4	0.0	0.3157894736842105	0.026200873362445413	0.25
144	http://cotatinotary.homestead.com/	0.05	0.0	0	0.0	0.07947019867549669	0	0	0	0	0.011455239711497667	68	0	0.23076923076923078	0	0.14285714285714285
145	http://energyhealthclubs.com/	0.07453416149068323	0.0	0	0.14634146341463414	0.4	0	0	0	0	0	16	0.6008869179600886	0.0	0.0	0.14285714285714285
146	http://www.bestplaces.net/city/california/cotati	0.0	0.0	0	0.0	1.5692737942417017	0	0	0	0	0.0	145	0.0	0.17647058823529413	1.4791153074502112	0.13043478260869565
147	http://www.bestplaces.net/city/california/cotati	0.0	0.0	0	0.0	1.5692737942417017	0	0	0	0	0.0	145	0.0	0.17647058823529413	1.4791153074502112	0.13043478260869565
148	http://patch.com/california/rohnertpark-cotati	0.05128205128205128	1.6146616541353385	0.0	0.09523809523809523	0.0	0	0	0	0	0	289	0.38884492076331656	0.16216216216216217	0.7617391304347826	0.057692307692307696
149	http://energyhealthclubs.com/cotati-staff/	0	0.11320754716981132	0.5	0	0.0	0	0	0	0	0	47	0.03260869565217391	0.18181818181818182	0.0	0.17647058823529413
150	https://www.justia.com/lawyers/california/cotati	0.03636363636363636	0.0	0	0	0	0.0	0.0	0	0	0.10714285714285714	202	0.40094117647058825	0.18181818181818182	9.77951127819549	0.17391304347826086
151	https://www.justia.com/lawyers	0.0	0.0	0	0	0	0.0	0	0	0	0.0	47	0.0	0.0	0.0	0.0
152	https://www.justia.com/lawyers/california	0.0	0.0	0	0	0	0	0.0	0	0	0.0	290	0.0	0.0	0.0	0.0
153	http://www.georgebarich.com/	0	0.4533131405930125	0	0.7080326857847672	0.0	0	0	0	0	0	342	0.0	0.0	1.6315967954679351	0.15384615384615385
154	http://apartments.oodle.com/cotati-ca/	0.025210084033613446	0.5454545454545454	0.1935483870967742	0.1875	0.0	0.0	0	0	0	0.21897810218978103	171	0.0	0.20689655172413793	9.857142857142854	0.08108108108108109
155	http://apartments.oodle.com/regions/	0.0	0.0	0.0	0	0	0	0	0	0	0.0	62	0.0	0.0	0.0	0.0
156	http://apartments.oodle.com/regions/california/	0.0	0.0	0.0	0	0.0	0	0	0	0	0.0	56	0.0	0.0	0.0	0.0
157	http://www.mhbay.com/mobile-home-parks/47907-sierra-mobile-home-park-in-cotati-ca	0.07894736842105263	0.0	0.0	0	0.3517786561264822	0.0	0.0	0	0	0.0	6	0.0	0.08823529411764706	1.0	0.0967741935483871
158	http://www.mhbay.com/mobile-home-park-directory/california	0.0	0.0	0.0	0.0	0.0	0	0	0	0	0.0	7	0.0	0.0	1.0	0.0
159	http://www.mhbay.com/mobile-home-park-directory/california/county/sonoma-county	0.0	0.0	0.0	0	0.0	0	0	0	0	0.0	16	0.0	0.0	0.0	0.0
160	http://www.mhbay.com/mobile-home-park-directory/california/cotati	0.05286343612334802	0.0	0.18181818181818182	0	0.2608695652173913	0	0	0	0	0.0	16	0.22744555824403734	0.11764705882352941	3.0	0.1111111111111111
161	https://weedmaps.com/dispensaries/mercy-wellness	0.043478260869565216	1.5	0.25	0.2727272727272727	0.0	0	0	0	0	0.0	33	0.05151029639707174	0.0	1.0	0.0594059405940594
162	http://www.cotaticoop.org/	0	0.0	0.11764705882352941	0.0	0	0	0	0	0	0	1	0.01812688821752266	0.42857142857142855	0.13043478260869565	0.18181818181818182
164	http://animalhospitalofcotati.com/	0.061224489795918366	0.0	0.16666666666666666	0.10526315789473684	0.0	0	0	0	0	0.0	24	0.14369076468031156	0.23076923076923078	1.3157894736842106	0.06
165	http://www.homes.com/rentals/cotati-ca/	0.06557377049180328	0.0	0.24	0.7142857142857143	0.375	0	0	0	0	0.061224489795918366	11	0.08498583569405099	0.24	1.4	0.15
166	http://songbirdcenter.org/	0.0	0.0	0.0	0.0	0	0.0	0	0	0	0	9	0.0	0.0	0	0.0
167	http://www.century21.com/real-estate/Cotati-CA/LCCACOTATI/	0.1487603305785124	1.105263157894737	0.2857142857142857	1.5857142857142856	0.0	0.0	0	0	0	0.17307692307692307	27	0.0	0.27906976744186046	3.2307692307692313	0.3887147335423198
168	http://www.century21.com/real-estate/california/LSCA/	0.0	0.0	0.0	0.0	0.0	0.0	0	0	0	0.0	27	0.0	0.0	0.0	0.0
169	http://www.century21.com/real-estate/cotati-ca/LCCACOTATI/	0.1487603305785124	1.105263157894737	0.2857142857142857	1.5857142857142856	0.0	0.0	0	0	0	0.17307692307692307	27	0.0	0.27906976744186046	3.2307692307692313	0.3887147335423198
170	http://gardenswestlandscapeservice.com/	0.0	0.0	0.2608695652173913	0.0	0.0	0	0	0	0	0.045454545454545456	2	0.0	0.0	0.11764705882352941	0.25
172	https://www.exchangebank.com/	0.0	0.0	0	0.0	0.0	0.0	0	0	0	0	22	0.0	0.0	0	0.0
173	http://www.loudandclearmusic.com/	0.0	0.0	0	0.0	0	0.0	0	0	0	0	14	0.024193548387096774	0.0	0.0	0.14634146341463414
174	http://www.golflink.com/golf-courses/city.aspx?dest=Cotati+CA	0.05217391304347826	0.6952380952380952	0.1935483870967742	0.0	0.0	0	0	0	0	0.2647058823529412	28	0.027522935779816515	0.125	0.34285714285714286	0.16666666666666666
175	http://www.golflink.com/golf-courses/state.aspx?state=CA	0.0	0.0	0.0	0.0	0.0	0	0	0	0	0.0	28	0.0	0.0	0.0	0.0
176	http://www.greatschools.org/california/cotati/	0.08633093525179857	2.3636363636363633	0.42857142857142855	0.0	0.0	0.0	0	0	0	0.2781456953642384	17	0.0	0.1875	3.0	0.17142857142857143
177	http://www.greatschools.org/california/	0.0	0.0	0.0	0.0	0.0	0.0	0	0	0	0.0	30	0.0	0.0	0.0	0.0
178	http://www.homefinder.com/CA/Cotati/foreclosures/	0.09375	0.6666666666666666	0.10526315789473684	0.0	0	0.0	0.0	0.6	0	0.22641509433962265	85	0.0	0.17647058823529413	0.0	0.07894736842105263
179	http://www.dogster.com/local/CA/Cotati	0.039473684210526314	0.0	0.13953488372093023	0.0	0	0	0	0	0	0	49	0.030927835051546393	0.25	0.0	0.13636363636363635
180	http://www.tamsoldracecarsite.net/Cotati1.html	0	0	0	0	0	0	0	0	0	0	1	0	0.17647058823529413	0	0.8571428571428571
181	http://sctransit.com/maps-schedules/route-10/	0	1.831578947368421	0.0	0	0	0.0	0	0	0	0	86	0.7395348837209302	0.0	0.4404937990670156	0.08695652173913043
182	http://craigdavisorthodontics.com/	0	0.0	0.0	0	0	0	0	0	0	0	5	0.0	0.0	0	0.06976744186046512
183	http://animalhospitalofcotati.com/meet-our-team.html	0.061224489795918366	0.0	0	0	0	0	0	0	0	0.0	158	0.0	0.13636363636363635	2.097924292022652	0.05741626794258373
184	https://www.rentjungle.com/cotati-ca-apartments-and-houses-for-rent/	0.09448818897637795	0.0	0.0	0.0	1.5596847507331377	0.0	0.0	0	0	0.0	37	0.271484113841375	0.1111111111111111	2.0	0.2222222222222222
185	http://www.snagajob.com/jobs/california/cotati_jobs.html	0.08888888888888889	0.02977667493796526	0.5454545454545454	0.2608695652173913	1.1366666666666667	0	0	0	0	0	11	0	0.14285714285714285	0.6	0.27906976744186046
186	http://cotatistation.com/cotatistation/index.html	0	0.10344827586206896	0.0	0	0	0	0	0	0	0	0	0.09083319418934713	0.3	0	0.3333333333333333
187	http://www.sonoma.edu/	0	0.0	0	0.0	0.0	0	0	0	0	0	15	0.0	0.0	0.0	0.0
188	http://zipcode.org/city/CA/COTATI	0.1111111111111111	0.2608695652173913	0.21428571428571427	0.5428962282587453	0	0	0	0	0	0.33707865168539325	0	0	0.2608695652173913	0	0.11764705882352941
189	http://zipcode.org/state/california	0.0	0.0	0.0	0.0	0	0	0	0	0	0.0	2	0.0	0.0	0	0.0
190	http://local.fedex.com/ca/cotati/	0.04580152671755725	0.0	0.21428571428571427	0.0	0.0	0	0	0	0	0	163	0.9241506837533326	0.2608695652173913	0.0	0.21428571428571427
191	http://tradewindsbar.com/	0	0.0	0.0	0.0	0.0	0	0	0	0	0	5	0.0	0.0	0.13333333333333333	0.0
192	http://www.whitepages.com/white-pages/cotati-ca	0.0	0.0	0.3333333333333333	1.4236208508648902	0	0.21428571428571427	0	0	0	0.0	42	0.0	0.17647058823529413	0.0	0.15584415584415584
193	http://www.whitepages.com/white-pages/CA	0.0	0.0	0.0	0.0	0.0	0	0	0	0	0.0	16	0.0	0.0	0.0	0.0
194	http://crpprojectgrad.org/	0	0	0	0	0.0	0	0	0	0	0	1	0.08	0.0	2.1538461538461537	0.14634146341463414
195	http://www.avasflowers.net/california/florist-cotati-ca/	0.040268456375838924	1.0	0.14285714285714285	0.7106227106227105	0.0	0	0	0	0	0	190	0.07276953815141146	0.14285714285714285	0.42857142857142855	0.2
196	http://www.avasflowers.net/california	0.0	0.0	0.0	0.0	0.0	0	0	0	0	0	164	0.0	0.0	0.0	0.0
197	http://www.avasflowers.net/california/sonoma	0.0	0.0	0.0	0.0	0.0	0	0	0	0	0	146	0.0	0.0	0.0	0.0
198	http://rmscotati.com/	0	0.0	0	0	0	0	0	0	0	0	0	0	0.46153846153846156	0.0	0.0
199	http://siftdessertbar.com/	0.0	0.0	0	0	0.0	0	0	0	0	0	7	0.0	0.0	0	0.0
200	http://www.washoecreekgc.com/	0.6666666666666666	0.0	0.0	0.6666666666666666	0	0	0	0	0	0	6	0.0	0.0	0.0	0.16666666666666666
201	http://www.hines-signs.com/	0.0	0.0	0	0	0	0	0	0	0	0.04054054054054054	0	0.0	0.0	1.3132176234979973	0.0
202	http://www.dentistcotati.com/	0.045454545454545456	0.0	0	0	0	0	0	0	0	0.027586206896551724	1	0.25	0.35294117647058826	0.0	0.0
203	http://www.cotatifest.com/index.php/schedule-performers	0.03428571428571429	0.0	0	0	0	0	0	0	0	0.0	9	0.0	0.14285714285714285	0.2737113402061856	0.0
204	http://cotatistation.com/index.html	0	0.10344827586206896	0	0	0	0	0	0	0	0	0	0.25764068193887457	0.2222222222222222	0	0.3
205	https://www.care.com/babysitters/cotati-ca	0.056074766355140186	4.0	0.3333333333333333	0.2608695652173913	0.0	0	0	0	0	0.3333333333333333	37	0.6521978021978022	0.21428571428571427	0.24	0.14634146341463414
206	https://www.care.com/babysitters	0.0	0.0	0.0	0.0	0.0	0	0	0	0	0.0	47	0.0	0.0	0.0	0.0
207	http://www.inc.com/profile/protransport-1	0.0	0.0	0	0	0	0	0	0	0	0	141	0	0.0	0.0	0.2222222222222222
209	http://abc7news.com/news/albino-redwood-transplanted-in-cotati/247903/	0.1276595744680851	0.25	0.1276595744680851	0	0	0	0	0	0	0.0784313725490196	67	0.057692307692307696	0.1016949152542373	0.0	0.0967741935483871
211	http://abc7news.com/news/albino-redwood-transplanted-in-cotati/247903/	0.1276595744680851	0.25	0.1276595744680851	0	0	0	0	0	0	0.0784313725490196	67	0.057692307692307696	0.1016949152542373	0.0	0.0967741935483871
212	http://www.sonomacounty.com/sonoma-events/cotati-jazz-arts-festival	0	0.39579722703639514	0.3	0.0	0	0	0	0	0	0	28	0	0.1111111111111111	1.2307692307692308	0.11538461538461539
213	http://www.oreillyauto.com/site/fi/storeresults/94928/25.oap	0.07317073170731707	0.0	0.0	0.0	0.0	0.0	0	0.0	0	0	23	0.0	0.0	0.0	0.13636363636363635
214	http://www.oreillyauto.com/site	0.0	0.0	0.0	0.0	0.0	0	0	0.0	0	0	25	0.0	0.0	0.0	0.0
215	http://www.oreillyauto.com/site/fi/storelocator.oap	0.0	0.0	0.0	0.0	0.0	0	0	0.0	0	0	22	0.0	0.0	0.0	0.0
216	http://www.golfcalifornia.com/courses/cotati/	0.05172413793103448	0.0	0.3157894736842105	0	0	0	0	0	0	0.21052631578947367	34	0.10389805097451274	0.1935483870967742	0	0.2608695652173913
217	http://www.spanckysbar.com/	0	0.0	0	0	0.0	0	0	0	0	0	2	0.12	0.0	0.0	0.15
218	http://www.pressdemocrat.com/topics/?t=t-rohnertpark	0.0	0.0	0.2	0.0	0	0	0	0	0	0	151	0	0.0	0.0	0.0
219	http://www.city-carpets.com/	0.025210084033613446	0.0	0	0	0	0	0	0	0	0	6	0	0.0	1.0	0.0
220	http://www.citytowninfo.com/places/california/cotati	0.11764705882352941	0.0	0.3333333333333333	0	3.0825752296483997	0	0	0	0	0.08	65	0.5060774062167707	0.15789473684210525	0.8571428571428571	0.07692307692307693
221	http://www.citytowninfo.com/places	0.0	0.0	0.0	0	0.0	0	0	0	0	0.0	114	0.0	0.0	0.0	0.0
222	http://www.lowincomehousing.us/CA/cotati.html	0.08391608391608392	0.0	0.20689655172413793	0.2	0.20689655172413793	0.0	0	0	0	0.21052631578947367	96	0.08714896214896214	0.1875	0.0	0.18947368421052632
223	http://www.inc.com/profile/kg-technologies	0.0	0.0	0	0	0	0	0	0	0	0	141	0	0.0	0.0	0.21428571428571427
224	http://ww3.truevalue.com/cotatitruevalue/Home.aspx	0	0.0	0	0.0	0	0	0.0	0	0	0	18	0.0	0.14634146341463414	2.413793103448276	0.14634146341463414
226	http://www.coghlanaccounting.com/	0.039735099337748346	0.0	0.0	0.0	0	0	0.0	0	0	0	6	0.08004579077139838	0.0	1.0	0.0821917808219178
227	http://www.indeed.com/local/Cotati-CA-jobs	0.14516129032258066	0.0	0.5454545454545454	1.8711732711732714	0	0	0	0	0	0.33540372670807456	2	0.5786915153965573	0.20689655172413793	0.0	0.25
228	http://whimbeads.com/	0	0.0	0	0	0	0	0	0	0	0	2	0	0.0	0	0.0
229	http://www.fandango.com/cotati_+ca_movietimes	0.04195804195804196	0.0	0.0	0.0	0.0	0.0	0.0	0.0	0	0	465	0.0	0.18181818181818182	0.4	0.08333333333333333
230	http://sjccotati.org/	0	0	0	0.0	0	0	0	0	0	0	1	0	0.46153846153846156	0.0	0
232	http://www.city-data.com/housing/houses-Cotati-California.html	0.13636363636363635	0.0	0	0	0.3981203007518797	0	0	0	0	0	25	0.7365439431845561	0.12244897959183673	0.13636363636363635	0.03870967741935484
233	http://www.apartmenthunterz.com/results/california/region-sonoma-napa/cmty-cotati/type-apartments?_redirect=4R	0.06091370558375635	0.0	0.36410256410256414	0.3157894736842105	0.0	0	0	0	0	0	13	0.10698356404558225	0.06382978723404255	0.20689655172413793	0.10344827586206896
234	http://www.publichousing.com/city/ca-cotati	0.043478260869565216	0.0	0	0.24	0.3333333333333333	0	0	0.0	0	0.2553191489361702	57	0.0	0.2	0	0.09375
235	http://sctransit.com/maps-schedules/route-44-route-48/	0	1.7454545454545454	0.0	0	0	0.0	0	0	0	0	88	0.6849894291754757	0.0	0.4404937990670156	0.0
236	http://www.mapmyride.com/us/cotati-ca/	0.08275862068965517	0.0	0.0	0.0	1.5809523809523807	0.0	0.0	0	0	0	20	0.0	0.25	3.107142857142857	0.2222222222222222
237	http://www.spaland.com/	0.0	0.0	0	0	0.0	0	0	0	0	0	4	0.017964071856287425	0.0	0.0	0.08571428571428572
238	http://www.mapmyhike.com/us/cotati-ca/	0.09917355371900827	0.0	0.0	0.0	1.295238095238095	0.0	0.0	0	0	0	20	0.0	0.25	3.107142857142857	0.1791044776119403
240	http://www.policestateusa.com/2014/cotati-family-tasered/	0.0	0.0	0.0	0.0	0.3157894736842105	0.0	0	0	0	0	118	0.6223590777592706	0.13953488372093023	0.0	0.0
242	http://www.bedandbreakfast.com/cotati-california.html	0.043795620437956206	0.0	0.48	0.0	0.0	0.0	0	0	0	0	188	0.5	0.14634146341463414	0.0	0.2608695652173913
243	http://www.bedandbreakfast.com/california.html	0.0	0.0	0.0	0.0	0.0	0.0	0	0	0	0	88	0.0	0.0	0.0	0.0
244	http://www.bedandbreakfast.com/wine-country-california.html	0.0	0.0	0.0	0.0	0.0	0.0	0	0	0	0	91	0.0	0.0	0.0	0.0
245	http://www.americantowns.com/ca/cotati-classifieds	0.10909090909090909	0.0	0.17142857142857143	0.0	0.6890019890019891	0.5164835164835164	0.0	0	0	0.1	32	0.12484148231647174	0.16216216216216217	1.0	0.17647058823529413
246	http://www.americantowns.com/ca/cotati	0.07058823529411765	0.0	0	0.0	0.0	1.048881261123824	0.0	0	0	0.22988505747126436	27	1.5674447962425773	0.24	1.3157894736842106	0.12244897959183673
247	http://www.suchernovafarm.com/	0.0	0.0	0	0	0	0	0	0	0	0.020202020202020204	1	0	0.0	0.0	0.0
248	http://www.tax-rates.org/california/cotati_sales_tax	0	0.0	0.0	0.9618735102494835	0.0	0	0	0	0	0.0	17	0.2679156089224097	0.15384615384615385	0.0	0.18181818181818182
250	https://www.groupon.com/biz/rohnert-park-ca/pump-it-up-of-cotati	0.15	1.007891920813269	0.3	0.0	0.0	0.0	0.0	0.0	0	0.3	53	0.41273584905660377	0.12244897959183673	1.0857142857142856	0.27906976744186046
251	https://www.groupon.com/local/rohnert-park-ca/event-rental-services	0.0	0.46153846153846156	0.0	0.0	0.0	0.0	0.0	0.0	0	0.0	66	0.0	0.0	0.0	0.0
252	http://cotati.whiteyellowpages.com/	0.11842105263157894	0.0	0	0	0	0	0	0	0	0.3088235294117647	32	0	0.2222222222222222	0	0.2857142857142857
253	http://www.friartuckspub.com/	0	0.0	0.0	0	0	0	0	0	0	0	1	0	0.0	0.021937842778793418	0.0
254	http://www.sonomacountyaa.org/aa-meetings/rohnert-park-and-cotati/	0.0	0	0.0	0.1875	0	0	0	0	0	0.013793103448275862	22	0	0.11538461538461539	0	0.057692307692307696
255	http://www.miranchitocotati.com/	0.01910828025477707	0.0	0.0	0	0.0	0	0	0	0	0.0625	6	0.06976744186046512	0.3	0.0	0.0
256	http://www.superpages.com/yellowpages/c-auto+repair/s-ca/t-cotati/	0.07547169811320754	0.0	0	0	0	0.0	0.0	0	0	0.027149321266968326	31	0.0	0.12	2.5	0.15
257	http://www.superpages.com/yellowpages/s-ca/t-cotati	0.04225352112676056	0.0	0.0	0	0	0.0	0	0	0	0.1875	15	0.0	0.16216216216216217	1.0	0.12244897959183673
258	http://www.superpages.com/yellowpages/s-ca/t-cotati	0.04225352112676056	0.0	0.0	0	0	0.0	0	0	0	0.1875	15	0.0	0.16216216216216217	1.0	0.12244897959183673
259	https://cotatikidsday.org/	0.0	0.0	0.0	0.16666666666666666	0.0	0	0	0	0	0	10	0.0	0.35294117647058826	0.5	0.17647058823529413
260	http://crpstorage.com/	0.04225352112676056	0	0	0	0	0	0	0	0	0	0	0.11538461538461539	0.0	0	0.2222222222222222
261	https://commons.wikimedia.org/wiki/Category:Cotati,_California	0	0.0	0.2222222222222222	0.15789473684210525	0.0	0	0	0	0	0	33	0.0	0.11764705882352941	0.0	0.1276595744680851
262	https://www.neighborhoodscout.com/ca/cotati/crime/	0.05405405405405406	0.0	0.5079365079365079	0.8657894736842106	0.20689655172413793	0.7399769585253456	0	0	0	0	9	1.7944764382917406	0.17647058823529413	0.5584415584415584	0.09230769230769231
263	https://www.neighborhoodscout.com/ca/	0.0	0.0	0.0	0.0	0.0	0.0	0	0	0	0	9	0.0	0.0	0.0	0.0
264	https://www.neighborhoodscout.com/ca/cotati/	0.07100591715976332	0.18181818181818182	0.40336134453781514	0.75	0.40216216216216216	0.6109634551495016	0	0	0	0	9	0.5352973582720112	0.20689655172413793	0.0	0.13636363636363635
265	http://www.healthgrades.com/physician/dr-jane-ellen-heath-yfcqq	0.0	1.375668449197861	0	0.0	0.0	0.0	0.0	0	0	0	88	0.07407407407407407	0.0	2.5048701298701297	0.13953488372093023
266	http://www.apartmentratings.com/ca/cotati/	0.07547169811320754	0.0	0.25	0.0	0.5	0	0	0	0	0	18	0.0	0.21428571428571427	1.0	0.25
267	http://www.cotaticohousing.org/directions.shtml	0.0	0	0	0	0	0	0	0	0	0.06741573033707865	0	0.0	0.17142857142857143	0	0.15789473684210525
268	http://www.playland707.com/	0.0	0.0	0	0	0.0	0	0	0	0	0.0	7	0.0	0.0	0.0	0.0
269	http://www.biteclubeats.com/location/cotatipenngrove/	0	0.0	0	0	0.0	0	0	0	0	0	196	0.29294019933554816	0.15384615384615385	0.375	0.08
270	http://transitioncotati.org/	0.023622047244094488	0.25	0	0	0.125	0.0	0	0	0	0.16783216783216784	5	0.21000059601220977	0.3	0	0.1935483870967742
271	http://www.eteamz.com/RCLL/locations/	0.11764705882352941	0.0	0.15789473684210525	0	0	0	0	0	0	0.07547169811320754	41	0.0	0.0	0.0	0.15789473684210525
272	http://cotatiministorage.com/home-2/	0.0851063829787234	0.0	0	0.23076923076923078	0	0	0	0	0	0.0	9	1.215992725716731	0.2222222222222222	0	0.16
275	http://alexander.thebluebook.com/	0.04316546762589928	0.0	0.0	0.23076923076923078	0.0	0	0	0	0	0	8	0.13043478260869565	0.0	2.0	0.046511627906976744
276	http://www.bestplaces.net/voting/city/california/cotati	0.0	0.0	0	0.0	0.0	0	0	0	0	0.0	102	0.04316546762589928	0.15	0.10526315789473684	0.2
277	http://www.superpages.com/bp/cotati-ca/lowes-L2393625881.htm	0.038338658146964855	0.0	0.0	0	0.0	0.0	0	0	0	0.031914893617021274	16	0.0	0.13043478260869565	0.7656657963446475	0.17142857142857143
278	http://www.urbandictionary.com/define.php?term=Cotati	0	0.020689655172413793	0	0	0.0	0.0	0	0	0	0	26	0.0	0.14634146341463414	0.0	0.25
279	http://www.churchangel.com/WEBCA/cotati.htm	0.030927835051546393	0.0	0.125	0.0	0	0.0	0	0	0	0.05106382978723404	13	0.0	0.2	0.0	0.08955223880597014
280	http://www.churchangel.com/topdenominations.htm	0.0	0.0	0.0	0	0.0	0	0	0	0	0.0	67	0.0	0.0	0.0	0.0
281	http://www.churchangel.com/californ.htm	0.0	0.0	0.0	0	0	0	0	0	0	0.0	9	0.0	0.0	0.0	0.0
282	http://www.sale-tax.com/CotatiCA	0.0335195530726257	0.0	0	0.42857142857142855	0	0	0	0	0	0	1	0.1016949152542373	0.3	1.0	0.24
283	http://www.sale-tax.com/CotatiCA	0.0335195530726257	0.0	0	0.42857142857142855	0	0	0	0	0	0	1	0.1016949152542373	0.3	1.0	0.24
284	http://www.yogafinder.com/yoga.cfm?yogastate=CA&yogacountry=USA&yogacity=Cotati	0.28125	0.0	0	0.15	0	0	0	0	0	0.3037974683544304	1	0.0	0.08955223880597014	0.0	0.2608695652173913
285	http://www.lncav.com/	0.0	0.0	0	0.0	0.0	0	0	0	0	0.03	2	0.06741573033707865	0.0	0.0	0.0
286	http://zonemusic.com/	0.029556650246305417	0.0	0	0	0	0.0	0	0	0	0.01948051948051948	4	0.0	0.0	0	0.0
287	http://arestravel.com/3874_attraction-info_a794.html	0.2222222222222222	0.16216216216216217	0.37636363636363634	0.0	0	0	0	0	0	0.15384615384615385	37	0.06255545696539486	0.0	0.3568965517241379	0.2647058823529412
288	https://twitter.com/cotatipd	0.11940298507462686	0.0	0.0	0.3	0.09523809523809523	0.0	0	0	0	0	11	1.3195896541546441	0.3157894736842105	3.189432084309134	0.2926829268292683
289	http://www.cotatibarbers.com/	0.0	0.0	0	0	0	0	0	0	0	0	1	0	0.35294117647058826	0.0	0.35294117647058826
290	https://www.habitatsoco.org/cotati-groundbreaking	0	0.18874375624375622	0.2857142857142857	0	0	0	0	0	0	0	34	0.0	0.16666666666666666	0.09230769230769231	0.0
292	http://www.addresses.com/white-pages/california/cotati	0.061855670103092786	0.13043478260869565	0.2727272727272727	0.6344882582632129	0	0	0	0	0	0.20689655172413793	42	0.15458937198067632	0.15	0.3333333333333333	0.15789473684210525
293	http://www.addresses.com/white-pages	0.0	0.0	0.0	0.0	0.0	0	0	0	0	0	52	0	0.0	0	0.0
294	http://www.addresses.com/white-pages/california	0.0	0.0	0	0.0	0	0	0	0	0	0.0	46	0.0	0.0	0.0	0.0
295	http://www.cotaticommunityacupuncture.com/	0	0.0	0	0.0	0.0	0.0	0	0	0	0	5	0.01812688821752266	0.2	0.0	0.20689655172413793
296	http://www.menupix.com/sonoma/restaurants/5561944/Marvins-Restaurant-Cotati-CA	0.0718562874251497	0.0	0	0.0	0	0	0	0	0	0.09836065573770492	263	0.0	0.09523809523809523	2.0	0.10526315789473684
297	http://www.menupix.com/sonoma/	0.0	0.0	0.0	0.0	0	0	0	0	0	0.0	426	0.0	0.0	0.0	0.0
298	http://www.apartmenthomeliving.com/apartment-finder/Charles-Street-Village-Cotati-CA-94931-60175	0.02843601895734597	0.17241379310344826	0.0	0.0	0.0	0	0	0	0	0	68	0.13953488372093023	0.07228915662650602	1.0	0.14285714285714285
299	http://www.apartmenthomeliving.com/cotati-ca	0.0759493670886076	0.39285714285714285	0.0	0.3380952380952381	0.0	0.6386033321517193	0	0	0	0	260	0.168095817993734	0.1875	0.0	0.3076923076923077
300	https://www.eventbrite.com/e/cotati-accordion-festival-tickets-20237553066	0.07228915662650602	0.0	0.24	0.1935483870967742	0.24	0	0	0	0	0	41	1.9115789473684213	0.1	0.2727272727272727	0.07894736842105263
301	http://crpusd.schoolwires.net/Domain/16	0	0.0	0.0	0.0	0	0	0	0	0	0	46	0.5714285714285714	0.0	0.0	0.0
302	http://sanfrancisco.cbslocal.com/2013/05/16/cotati-mans-video-shows-police-barging-into-home-using-stun-gun/	0.0	0.04081632653061224	0.6	0	0.0	0.0	0	0	0	0.10810810810810811	128	0.49264705882352944	0.0625	0.0	0.6
303	http://www.airfields-freeman.com/CA/Airfields_CA_SantaRosa.htm	0	0.0	0	0	0	0	0	0	0	0	17	2.3226149962148344	0.0	0	0.0
304	http://www.cotatijazz.com/jazz-festival-artists.html	0.09836065573770492	0.0	0.0	0.0	0	0	0	0	0	0	3	0.03314917127071823	0.15	0	0.08695652173913043
305	http://www.emergencyemail.org/localnews/CA/Cotati.asp	0.06060606060606061	0.0	0.0	0	0	0	0	0	0	0.1509433962264151	16	0	0.15384615384615385	0	0.21428571428571427
306	https://foursquare.com/v/marvins-restaurant/4bf7ed80b182c9b6ff74765a	0.0	0.3	0.0	0	0.0	0.0	0	0	0	0.09473684210526316	17	0.8365384615384616	0.0	2.0	0.24
307	https://foursquare.com/cities/united-states	0.0	0.0	0.0	0	0.0	0	0	0	0	0.0	16	0.0	0.0	0.0	0.0
308	https://foursquare.com/v/marvins-restaurant/4bf7ed80b182c9b6ff74765a	0.0	0.3	0.0	0	0.0	0.0	0	0	0	0.09473684210526316	17	0.8365384615384616	0.0	2.0	0.24
309	https://foursquare.com/cities/united-states	0.0	0.0	0.0	0	0.0	0	0	0	0	0.0	16	0.0	0.0	0.0	0.0
310	http://www.eteamz.com/RCLL/	0.13186813186813187	0.08450704225352113	0.16666666666666666	0	0	0	0	0	0	0.07547169811320754	18	0.0	0.0	0.0	0.2222222222222222
311	http://www.spanckysbar.com/upcoming-events/	0	0.0	0.0	0	0	0	0	0	0	0	22	0.0	0.0	0.0	0.18181818181818182
312	http://www.cpsmobileelectronics.com/index.html	0	0.0	0	0	0	0	0	0	0	0	0	0	0.0	0.0	0.0
313	http://rpanimalshelter.org/	0.0	0.0	0	0.0	0.0	0.0	0	0	0	0	6	0.05714285714285714	0.0	0.0	0.0
314	http://patch.com/california/rohnertpark-cotati/arrest-log-for-rohnert-park-and-cotati	0.06315789473684211	0.0	0.13333333333333333	0.0	0.0	0	0	0	0	0	116	0.05172413793103448	0.16	0.4707692307692308	0.09523809523809523
315	http://www.move.com/apartmentsforrent-search/cotati_ca	0.11009174311926606	0.4357142857142857	0.16666666666666666	0	0.0	0.0	0	0	0	0	31	0.08299558839352963	0.14634146341463414	0.2456597222222222	0.14814814814814814
316	http://www.move.com/apartments/main.aspx	0.0	0.0	0.0	0	0	0.0	0	0	0	0.0	24	0.0	0.0	0.0	0.0
317	http://www.move.com/apartmentsforrent-search/california	0.0	0.0	0	0.0	0	0	0	0	0	0.0	24	0.0	0.0	0.0	0.0
318	http://usplaces.com/others/cotati-ca/cotati-performance-imports.1	0.15384615384615385	0.0	0	0.29032258064516125	0	0	0	0	0	0.0	6	0.0	0.21818181818181817	16.46153846153846	0.23529411764705882
319	http://usplaces.com/nocat/CA	0.0	0.0	0	0.0	0	0	0	0	0	0.0	7	0	0.0	0.0	0.0
320	http://usplaces.com/nocat/Sonoma%20CA	0.0	0.0	0	0.0	0	0	0	0	0	0.0	7	0	0.0	0.0	0.0
321	http://usplaces.com/nocat/Cotati%20Sonoma%20CA	0.07741935483870968	0.0	0	0.0	0	0	0	0	0	0.0	7	0	0.16216216216216217	31.833333333333332	0.11320754716981132
322	http://burbankhousing.org/rentals/property_details.php?property_id=37&pg=index	0.0	0.029197080291970802	0	0	0.0	0	0	0	0	0.0	21	0	0.0	0.0	0.0
323	http://www.menupix.com/sonoma/restaurants/5561998/Cape-Cod-Fish-N-Chips-Cotati-CA	0.06818181818181818	0.0	0	0.0	0	0	0	0	0	0.1487603305785124	265	0.0	0.09090909090909091	2.375	0.1
324	http://www.menupix.com/sonoma/	0.0	0.0	0.0	0.0	0	0	0	0	0	0.0	426	0.0	0.0	0.0	0.0
325	http://www.publicrecordcenter.com/cotati_california_public_records.html	0.0392156862745098	0.0	0	0	0	0	0	0	0	0	17	0.24666666666666665	0.1016949152542373	0	0.09523809523809523
326	http://californiaobits.tributes.com/browse_obituaries?city=Cotati&state=CA	0.041666666666666664	0.0	0.1276595744680851	0	0	0	0	0	0	0.12574850299401197	33	0.029850746268656716	0.09090909090909091	0.0	0.0967741935483871
327	http://www.youtube.com/watch?v=RHoL4tRXSrY	0.075	0.0	0.0	0.0	0.0	0.0	0	0	0	0.05172413793103448	10	0.05521472392638037	0.0	0.12244897959183673	0.11764705882352941
328	http://moxieasalon.com/	0.0	0.0	0	0	0	0	0	0	0	0.12244897959183673	2	0.0	0.0	1.0	0.14285714285714285
330	http://www.pressdemocrat.com/news/5678950-181/cotati-police-arrest-man-with	0.125	0.0	0.1	0	0	0	0	0	0	0	172	0.15020408163265306	0.09836065573770492	0.0	0.08823529411764706
331	http://www.forsalebyowner.com/property/Lasalle/Cotati/CA	0	0.0	0	0.0	0.3333333333333333	0	0	0	0	0	12	0.1276595744680851	0.14634146341463414	1.0	0.0821917808219178
332	http://www.forsalebyowner.com/property/California	0	0.0	0	0	0.0	0	0	0	0	0	12	0.0	0.0	0.0	0.0
333	http://www.forsalebyowner.com/property/Cotati/CA	0	0.0	0	0	0.6238095238095238	0	0	0	0	0	12	0.21684764975315174	0.17647058823529413	0.6	0.09836065573770492
334	http://www.seniorhousingnet.com/seniorliving-search/cotati_ca	0.044444444444444446	0.04669260700389105	0.3	0.0	0.0	0	0.0	0	0	0	32	0.0	0.125	0.0	0.09090909090909091
335	https://www.ourparents.com/california/cotati/sunset_house	0.04054054054054054	1.0	0.0	0.14634146341463414	0.0	0.0	0.12244897959183673	0	0	0.07792207792207792	14	0.14612651030561477	0.14285714285714285	0.0	0.18181818181818182
336	http://caselaw.findlaw.com/ca-court-of-appeal/1300218.html	0.05714285714285714	0.0	0.24	0.0	0.0	0	0	0	0	0	47	0.5966442118479749	0.0	0.0	0.17142857142857143
337	http://caselaw.findlaw.com/courts/California	0.0	0.0	0.0	0	0.0	0	0	0	0	0	50	0	0.0	0.0	0.0
338	http://caselaw.findlaw.com/court/ca-court-of-appeal	0.0	0.0	0.0	0.0	0.0	0	0	0	0	0	134	0.0	0.0	0.0	0.0
339	http://soilandrocks.com/	0.0	0.0	0.028169014084507043	0.0	0.1935483870967742	0.0	0	0	0	0	0	0.0	0.0	0.0	0.0
340	http://www.joelronharmony.com/	0.04225352112676056	0.0	0	0	0	0.0	0.0	0	0	0.0	1	0.0	0.0	1.084507042253521	0.05309734513274336
341	http://www.cwiron.net/	0	0.0	0	0	0	0	0	0	0	0	1	0	0.0	0	0.16666666666666666
342	http://www.rechog.org/	0.0	0.0	0.15	0.0	0	0	0	0	0	0.0	1	0.11174636174636175	0.0	0	0.0
343	http://johnstruckrepair.com/contactus.html	0.05309734513274336	0.0	0	0	0	0	0	0	0	0.075	0	0	0.0	0	0.13043478260869565
344	http://cotatiministorage.com/unit-sizes/	0.05405405405405406	0.0	0	0.0	0	0	0	0	0	0.0	9	1.215148448043185	0.1935483870967742	0	0.16
345	http://www.safemedicinedisposal.org/drop-off-locations/	0	0.0	0.0	0.0	1.0	0.0	0	0	0	0	33	0.0	0.0	0.0	0.0
346	http://www.mipueblorest.com/cotati	0.0	0	0	0	0	0	0	0	0	0.05263157894736842	0	0	0.2727272727272727	0	0.0
347	http://burbankhousing.org/rentals/property_details.php?property_id=27&pg=index	0.0	0.017241379310344827	0	0	0.0	0	0	0	0	0.0	21	0	0.0	0.0	0.0
348	http://crpusd.schoolwires.net/site/Default.aspx?PageID=2812	0	0.0	0.27906976744186046	0.0	0	0	0	0	0	0	43	0.0	0.0	0.13953488372093023	0.0
349	http://crpusd.schoolwires.net/Domain/577	0	0.0	0.27906976744186046	0.0	0	0	0	0	0	0	43	0.0	0.0	0.13953488372093023	0.0
350	http://sfbay.craigslist.org/nby/	0.0	0.0	0	0.0	0	0.0	0.0	0	0	0	151	0.0	0.0	0.0	0.0
351	http://comicbook.com/marvel/2016/08/07/thor-ragnarok-rumored-to-introduce-the-cotati/	0	0.0	0.13043478260869565	0.0	0.0	0	0	0	0	0.0	48	0.7455794734138699	0.08333333333333333	0.0	0.13043478260869565
352	http://www.crpusd.org/domain/23	0	0.0	0.27906976744186046	0.0	0	0	0	0	0	0	46	0.0	0.0	0.13953488372093023	0.0
353	http://activerain.com/blogsview/1641950/the-cotati-crawl	0.07741935483870968	0.2222222222222222	0.16666666666666666	0.0	0	0	0	0.0	0	0	17	0.0	0.13043478260869565	1.0	0.375
354	http://activerain.com/blogs/cynthialarsen	0.0	0.0	0.0	0.0	0	0	0	0.0	0	0	19	0.0	0.0	1.0	0.0
355	http://www.americantowns.com/ca/cotati-maps	0.17142857142857143	0.0	0.0	0.0	0.4733606557377049	0.2	0.2727272727272727	0	0	0.16216216216216217	18	0.0	0.2	1.0	0.24
356	http://www.americantowns.com/ca/cotati	0.07058823529411765	0.0	0	0.0	0.0	1.048881261123824	0.0	0	0	0.22988505747126436	27	1.5674447962425773	0.24	1.3157894736842106	0.12244897959183673
357	http://www.americantowns.com/ca/cotati/travel-transit	0.1276595744680851	0.0	0	0.0	0.0	0	0.0	0	0	0.2608695652173913	11	0.0	0.15384615384615385	1.0	0.3157894736842105
358	http://stonypointrockquarry.com/recycling-program/	0.0	0.0	0.0	0.0	0.0	0.0	0.0	0	0	0	30	0.0	0.0	0.0	0.0
360	http://www.covy-tuckerhill.com/	0	0	0	0.0	0	0.0	0	0	0	0	3	0.0	0.0	2.0483870967741935	0.0
361	http://johnstruckrepair.com/	0.05309734513274336	0.0	0	0	0	0	0	0	0	0.09523809523809523	1	0	0.0	0	0.14285714285714285
362	http://www.bio-pest.com/	0.04081632653061224	0.0	0.0	0.0	0.0	0.0	0	0	0	0	6	0.375	0.0	0.0	0.2727272727272727
363	http://www.bio-pest.com/	0.04081632653061224	0.0	0.0	0.0	0.0	0.0	0	0	0	0	6	0.375	0.0	0.0	0.2727272727272727
364	http://gmc.sonoma.edu/	0.0	0.0	0	0.0	0.0	0	0	0	0	0	7	0.0	0.0	0.0	0.0
365	http://www.sonomamarinhomes.com/homes/8833-Poplar-Avenue/Cotati/CA/94931/66943551/	0.10084033613445378	0.891775853134947	0.0	0	0.0	0.018867924528301886	0	0.0	0	0.06451612903225806	24	0.05357142857142857	0.09375	0.07058823529411765	0.09523809523809523
366	http://www.topix.com/crime/cotati-ca	0.07407407407407407	1.0	0.5	0	0.0	0.6	0	0	0	0	12	0.07407407407407407	0.2608695652173913	1.5	0.42857142857142855
367	http://www.topix.com/state/ca	0.0	0.0	0.0	0	0	0.0	0.0	0	0	0	28	0.0	0.0	0.0	0.0
368	http://www.topix.com/county/sonoma-ca	0.0	0.0	0.0	0	0	0.0	0.0	0	0	0	28	0.0	0.0	0.0	0.0
369	http://www.topix.com/city/cotati-ca	0.05	1.146341463414634	0.5454545454545454	0	0	0.0	0.0	0	0	0	19	0.9844513187886682	0.2727272727272727	1.5454545454545454	0.35294117647058826
370	http://locations.westernunion.com/us/ca	0.0	0.0	0.0	0.0	0.0	0	0	0	0	0	102	0.0	0.0	0.0	0.0
371	http://newhopechurchcotati.com/	0	0.0	0	0	0	0	0	0	0	0	2	0	0.2608695652173913	0.08450704225352113	0.0
372	http://www.meetup.com/SongbirdCenter/	0.0	0.0	0.0	0.0	0.0	0.0	0.0	0	0	0.0425531914893617	219	0.0	0.0	1.0	0.12
373	http://carlsautobodycotati.com/	0.016	0.0	0	0.0	0	0.0	0	0	0	0.004285714285714286	10	0.05504587155963303	0.2608695652173913	0.0	0.0
374	http://www.trails.com/city-trails.aspx?keyword=Cotati&state=CA	0.10344827586206896	0.0	0.8901098901098901	0	0.0	0	0	0	0	0.25	68	0.0	0.12	0.0	0.2926829268292683
375	http://www.trails.com//trails.aspx	0.0	0.0	0.0	0.0	0.0	0	0	0	0	0.0	68	0.0	0.0	0.0	0.0
376	http://www.trails.com//city-trails.aspx	0.0	0.0	0.0	0	0.0	0	0	0	0	0.0	68	0	0.0	0.0	0.0
377	http://na-motorsports.com/Tracks/CA/Cotati.html	0	0.0	1.0	0.0	0	0	0	0	0	0.0	11	0.05333333333333334	0.16216216216216217	0	1.0
378	http://cotatidirectory.homestead.com/	0.03896103896103896	0	0	0	0	0	0	0	0	0.05042016806722689	101	0	0.20689655172413793	0	0.375
379	http://www.gardenguides.com/local-nurseries/ca-cotati/	0.09523809523809523	0.0	0.2	0.2857142857142857	0.0	0	0	0	0	0	3	0.16418992388546574	0.15	0.0	0.20689655172413793
380	http://www.gardenguides.com/local/	0.0	0.0	0.0	0	0.0	0	0	0	0	0	3	0.0	0.0	0.0	0.0
381	http://www.patandtimmiller.com/	0.0	0.0	0.0	0.0	0.0	0.0	0	0	0	0.023622047244094488	8	0.0	0.0	0.0	0.06818181818181818
382	http://www.casp.net/california-anti-slapp-first-amendment-law-resources/caselaw/california-supreme-court/city-of-cotati-v-cashman/	0.03870967741935484	0.0	0.24	0	0	0.0	0	0	0	0.0	96	0.3467687508112171	0.05263157894736842	0.0	0.10526315789473684
383	http://saseesalon.com/Home.php	0.0	0.0	0	0	0	0	0	0	0	0	1	0.0	0.0	0.0	0.0
384	http://www.sittingroom.org/	0.0	0.0	0	0.0	0	0	0	0	0	0.0	1	0	0.0	0.0	0.0
385	http://www.areavibes.com/cotati-ca/cost-of-living/	0.06451612903225806	0.0	0.24	0.6925703614779245	0	0	0	0	0	0	4	0	0.16666666666666666	0.06495100320234362	0.21428571428571427
386	http://www.areavibes.com/ca/	0.0	0.0	0.0	0.0	0.0	0	0	0	0	0	2	0.0	0.0	0.0	0.0
387	http://www.areavibes.com/cotati-ca/livability/	0.09375	0.0	0.2857142857142857	3.4569351178752354	0	0	0	0	0	0	2	0	0.1875	0.2582417582417582	0.2608695652173913
388	http://www.ktd.ro/fin/forex_cotatii.php	0.0	0.15	0.0	0	0	0	0	0	0	0.0	3	0	0.23076923076923078	0.0	0.0
389	http://crpusd.schoolwires.net/icon-directory	0	0.0	0.27906976744186046	0.0	0	0	0	0	0	0	42	0.0	0.0	0.22649140546006066	0.0
390	http://crpusd.schoolwires.net/Domain/205	0	0.0	0.27906976744186046	0.0	0	0	0	0	0	0	42	0.0	0.0	0.22649140546006066	0.0
391	http://www.sonomamarinhomes.com/homes/79-Kingston-Way/Cotati/CA/94931/66763400/	0.05263157894736842	0.0	0.0	0	0.0	0.017391304347826087	0	0	0	0.05555555555555555	15	0.0	0.09836065573770492	0.07792207792207792	0.1
392	http://www.sfgate.com/bayarea/article/Accordion-fans-flock-to-Cotati-for-festival-of-2507113.php	0.0	0.2686996154641666	0.09523809523809523	0.0	0.0	0.0	1.0	0	0	0	138	0.06349384098544233	0.07317073170731707	0.0625	0.08333333333333333
393	http://www.pastaking.com/cnt/index.html	0.05405405405405406	0.0	0	0	0	0	0	0	0	0.0	0	0	0.0	0	0.0
394	http://lowes.shoplocal.com/Lowes/Entry/LandingContent?storeid=2540270&sneakpeek=N&listingid=0	0.0	0.0	0.0	0	0	0	0	0	0	0.0	2	0.0	0.0	0.0	0.0
395	http://www.kw.com/homes-for-sale/california/cotati/ctyprp-CA-cotati-mobilehome.html	0	0	0	0	0	0	0	0	0	0	0	0	0.17647058823529413	0	0
396	http://www.kw.com/homes-for-sale/	0	0	0	0	0	0	0	0	0	0	0	0	0.0	0	0
397	http://www.forsalebyowner.com/property/Sierra/Cotati/CA	0	0.0	0	0.0	0.3380952380952381	0	0	0	0	0	12	0.1276595744680851	0.15	1.0	0.08333333333333333
398	http://www.forsalebyowner.com/property/California	0	0.0	0	0	0.0	0	0	0	0	0	12	0.0	0.0	0.0	0.0
399	http://www.forsalebyowner.com/property/Cotati/CA	0	0.0	0	0	0.6238095238095238	0	0	0	0	0	12	0.21684764975315174	0.17647058823529413	0.6	0.09836065573770492
400	http://www.seecalifornia.com/festivals/oktoberfest-cotati.html	0.0	0.0	0	0.15384615384615385	0.0	0	0	0	0	0	39	0.32863330805074803	0.12244897959183673	0.0	0.14285714285714285
402	http://thepeacepipesmokeshop.com/	0	0.0	0	0.0	0.0	0.0	0	0	0	0	1	0.0	0.0	0	0.0
403	http://dictionary.sensagent.com/cotati/en-en/	0.16822429906542055	0.0	0	0.3	0	0	0	0	0	0	35	0.0	0.17142857142857143	3.2562015503875967	0.2903225806451613
405	http://crpusd.schoolwires.net/Domain/17	0	0.0	0.0	0.0	0.0	0	0	0	0	0	45	0.0	0.0	0.0	0.0
406	http://playsportscity.com/soccer/	0	0.0	0.0	0.0	0.0	0	0	0	0	0	91	0.0	0.0	0.0	0.0
408	http://crpusd.schoolwires.net/Page/2	0	0.0	0.27906976744186046	0.0	0	0	0	0	0	0	44	0.0	0.0	0.13953488372093023	0.09375
409	http://gardenswest.net/	0.013071895424836602	0.0	0	0	0	0	0	0	0	0.013215859030837005	1	0	0.0	0	0.017094017094017096
410	http://www.massageenvy.com/clinics/CA/Cotati/contact-us.aspx	0	0	0	0	0	0	0	0	0	0	0	0	0.13333333333333333	0	0
412	http://jerrygarciasbrokendownpalaces.blogspot.com/2012/02/cabaret-cotati-85-la-plaza-cotati-ca.html	0	0.0	0.0	0.0	0.2926829268292683	0.0	0	0	0	0	104	0.0	0.1348314606741573	0.0	0.16216216216216217
413	http://www.rohnertparkchamber.org/ten-things-to-do.html	0	0.0	0	0	0	0.0	0	0	0	0	8	0.0	0.0	0.0	0.0
414	http://childcarecenter.us/california/cotati_ca_childcare	0.058823529411764705	0.0	0.20689655172413793	0	0	0.0	0	0	0	0.10344827586206896	36	0.019845644983461964	0.1276595744680851	0.0	0.22641509433962265
415	http://childcarecenter.us/state/california	0.0	0.0	0.0	0.0	0.0	0	0	0	0	0.0	30	0.0	0.0	0.0	0.0
416	http://ixian.com/ba-chess.htm	0	0	0.0	0.0	0.41379310344827586	0	0	0	0	0	28	0.0	0.0	0	0.0
417	http://www.recreationparks.net/CA/sonoma/laplaza-park-cotati	0.02390438247011952	0.0	0.0	0	0	0	0	0	0	0	16	0	0.13043478260869565	0.0	0.13636363636363635
418	http://www.codepublishing.com/CA/Cotati/?Cotati17/Cotati17.html	0	0	0	0	0	0	0	0	0	0	0	0	0.375	0	0.2857142857142857
419	http://www.simeetings.com/LA/SFB/RohnertParkMtgs.html	0.06976744186046512	0.0	0	0	0.0	0.07894736842105263	0	0	0	0.036585365853658534	21	0.0	0.0	8.0	0.07894736842105263
420	https://www.neighborhoodscout.com/ca/cotati/rates/	0.030303030303030304	0.0	0.39097744360902253	1.0793650793650793	0.5887147335423197	0.7399769585253456	0	0	0	0	9	0.45856605689658253	0.17647058823529413	0.0	0.08823529411764706
421	https://www.neighborhoodscout.com/ca/	0.0	0.0	0.0	0.0	0.0	0.0	0	0	0	0	9	0.0	0.0	0.0	0.0
422	https://www.neighborhoodscout.com/ca/cotati/	0.07100591715976332	0.18181818181818182	0.40336134453781514	0.75	0.40216216216216216	0.6109634551495016	0	0	0	0	9	0.5464532531116518	0.20689655172413793	0.0	0.13636363636363635
423	http://www.travelmath.com/cities-near/Cotati,+CA	0.05042016806722689	0.0	0	1.3605748605748604	0	0	0	0	0	0	92	0.15206976785335125	0.17142857142857143	0.0	0.2
425	http://www.gotparks.com/?type=all&s=CA&f=1799625	0.0	0.0	0.0	0	0	0	0	0	0	0.0	4	0.0	0.0	0	0.1875
427	http://www.worldgolf.com/courses/usa/california/cotati/	0.10619469026548672	0.2608695652173913	1.0	0.6038205980066446	0	0	0	0	0	0.1518987341772152	47	0.0	0.15384615384615385	0	0.2608695652173913
428	https://www.redfin.com/CA/Cotati/795-Helman-Ln-94931/home/2348953	0.03592814371257485	0.0	0	0.0	0.0	0.0	0	0	0	0	21	0.0	0.125	19.283033729276504	0.15
429	https://www.redfin.com/states/CA	0.0	0.0	0.0	0	0.0	0	0	0	0	0	84	0.0	0.0	0.0	0.0
430	https://www.redfin.com/city/4316/CA/Cotati	0.09302325581395349	5.442495126705654	0.3333333333333333	0.9121621621621622	0.0	0	0	0	0	0	17	0	0.23076923076923078	10.484985999370236	0.2608695652173913
431	https://www.redfin.com/zipcode/94931	0.0	4.421052631578948	0.0	0.0	0.0	0	0	0	0	0	17	0	0.0	1.0	0.0
432	http://www.farmtrails.org/partner/cotati-community-farmers-market	0	0.0	0.1875	0.0	0	0	0	0	0	0	12	0.0	0.11538461538461539	0.20185099095344203	0.1875
433	https://www.habitatsoco.org/	0	0.0	0	0	0	0	0	0	0	0	4	0.0	0.0	0.0	0.0
434	http://www.jenniferloeldesigns.com/#!	0.0	0	0	0	0	0	0	0	0	0.031746031746031744	0	0	0.0	0	0.0
435	http://rpdojo.com/	0	0.0	0	0.0	0	0	0	0	0	0	6	0.0	0.0	0.0	0.1
436	http://www.2chambers.com/cotati,_california.htm	0.13138686131386862	0.0	0.0	0.0	0.0	0.3333333333333333	0	0	0	0	70	0.2387706855791962	0.17142857142857143	0.5798692810457516	0.1935483870967742
437	http://www.datehookup.com/singles-ca-cotati.htm	0.09375	0.0	0.14285714285714285	0.375	0	0	0	0	0	0	0	0	0.17142857142857143	5.999999999999999	0.8
438	http://wine-country-ranch-equipment.hub.biz/	0.03508771929824561	0.0	0.0	0	0.0	0	0	0.0	0	0.0	31	1.8468749999999998	0.0	3.4000000000000004	0.1016949152542373
439	https://hub.biz/Cotati,CA	0.04580152671755725	0.0	0.2608695652173913	0	0	0	0	0	0	0	366	0.0	0.375	0.8222222222222222	0.06741573033707865
440	http://www.mystore411.com/store/view/21147/Lowes-COTATI	0.043478260869565216	0.0	0	0.0	0.0	0	0	0	0	0.031413612565445025	4	0.0	0.15	1.2142857142857142	0.15
441	http://www.mystore411.com/store/list_state/12/California/Lowes-store-locations	0.0	0.0	0	0.0	0	0	0	0	0	0.0	3	0.0	0.0	0.0	0.0
442	http://www.mystore411.com/store/list_city/12/California/Cotati/Lowes-store-locations	0.04195804195804196	0.0	0	0.0	0	0	0	0	0	0.025423728813559324	3	0.0	0.08955223880597014	0.8	0.21428571428571427
443	http://www.realrentals.com/houses_for_rent/?city=Cotati&state=California+CA	0.12371134020618557	0.0	0.16666666666666666	0	0	0.0	0	0	0	0.23684210526315788	4	0.056074766355140186	0.0967741935483871	13.202883300010523	0.20689655172413793
444	http://www.411.com/white-pages/cotati-ca	0.0	0.0	0.3333333333333333	1.4236208508648902	0	0.21428571428571427	0	0	0	0.0	34	0.0	0.2222222222222222	0.0	0.16216216216216217
445	http://www.411.com/white-pages/CA	0.0	0.0	0.0	0	0.0	0	0	0	0	0.0	8	0.0	0.0	0.0	0.0
446	http://www.blairworks.com/redwoodcafe	0	0.0	0.0	0.15789473684210525	0	0	0	0	0	0	22	0.04395604395604396	0.0	0	0.0967741935483871
447	http://www.meatheadmovers.com/movers/cotati.aspx	0.2608695652173913	0.0	0	0.0	0.0	0.0	0	0	0	0	22	0.2823705691846372	0.17142857142857143	3.5267231731402235	0.13333333333333333
448	http://sonomalibrary.org/	0	0.16666666666666666	0.0	0.0	0	0	0	0	0	0	12	0.0	0.0	0.0	0.0
449	http://high-schools.com/directory/ca/cities/cotati/	0.08275862068965517	0.0	0.23076923076923078	0.0	0.12244897959183673	0.47486855062516786	0	0	0	0	2	1.1142904544306413	0.15384615384615385	0.0	0.23076923076923078
450	http://high-schools.com/directory/ca/	0.0	0.0	0.0	0.0	0.0	0.0	0	0	0	0	2	0.0	0.0	0.0	0.0
451	http://www.thcfinder.com/marijuana-dispensary/california/cotati/mercy-wellness-of-cotati/	0.0379746835443038	0.6923076923076923	0.25	0.0	0.24	0.0	0	0	0	0.0	5	0.17320754716981132	0.1643835616438356	0.0	0.24324324324324326
453	http://www.cotatijewelers.com/jewelers	0.03480278422273782	0.0	0	0	0.0	0	0	0	0	0	2	0	0.23076923076923078	0.6358695652173914	0.23076923076923078
454	http://www.inawareness.com/	0.0	0.0	0.0	0.0	0.0	0	0	0	0	0.0	15	0.0	0.0	0.0	0.0
455	http://maivietnamesecuisine.com/index.html	0.06896551724137931	0.0	0	0	0	0	0	0	0	0	20	0	0.0	0.15384615384615385	0.13043478260869565
456	http://meetings.intherooms.com/meetings/search?latitude=38.323838&longitude=-122.708837&proximity=100	0	0.0	0.0	0.0	0.0	0.0	0	0	0	0	36	0.0	0.0	0.0	0.13953488372093023
457	http://bccgci.com/	0.04580152671755725	0.0	0	0.0	0	0	0	0	0	0.0	0	0.0	0.0	0.0	0.0594059405940594
459	http://www.maherchiro.com/	0	0.0	0	0	0	0	0	0	0	0	4	0.0	0.0	0.0	0.056074766355140186
460	http://realestate.oodle.com/cotati-ca/	0.031746031746031744	0.5454545454545454	0.13636363636363635	0.13333333333333333	0.0	0.0	0	0	0	0.1485148514851485	171	0	0.20689655172413793	9.685714285714283	0.09375
461	http://realestate.oodle.com/regions/	0.0	0.0	0.0	0	0	0	0	0	0	0.0	64	0.0	0.0	0.0	0.0
462	http://realestate.oodle.com/regions/california/	0.0	0.0	0.0	0	0.0	0	0	0	0	0.0	58	0.0	0.0	0.0	0.0
463	http://www.drywalltopainting.com/wallpaper-removal/wallpaper-removal-cotati-california/	0	0.0	0.10344827586206896	0.18181818181818182	0.2	0.20689655172413793	0.13333333333333333	0.0	0	0	69	0.2065154081805192	0.0821917808219178	0.10344827586206896	0.1016949152542373
464	http://arestravel.com/3874_attraction-tickets_a794.html	0.19672131147540983	0.16216216216216217	0.37636363636363634	0	0	0	0	0	0	0.2608695652173913	36	0.0	0.0	0.3568965517241379	0.12
468	http://www.costar.com/News/Article/Conservation-Corps-of-North-Bay-Buys-Cotati-Facility/117291	0.026200873362445413	0.0	0.11538461538461539	0.0	0.0	0	0	0	0	0.11538461538461539	19	0.0	0.0759493670886076	0.0	0.08955223880597014
469	http://www.mobilehomeparkstore.com/mobile-home-parks/310486-countryside-mobile-home-estates-for-sale-in-cotati-ca	0.0	0.0	0.0	0	0.3408695652173913	0.0	0.0	0	0	0.0	19	0.017094017094017096	0.06	2.0	0.075
470	http://www.mobilehomeparkstore.com/mobile-home-parks-for-sale/california/county/sonoma-county	0.0	0.0	0.0	0	0.0	0	0	0	0	0.0	19	0.0	0.0	0.0	0.0
471	http://www.mobilehomeparkstore.com/mobile-home-parks-for-sale/california/cotati	0.04780876494023904	0.0	0.14285714285714285	0	0.2608695652173913	0	0	0	0	0.0	21	0.1846689895470383	0.09230769230769231	0.0	0.07792207792207792
472	http://www.assistedlivingfacilities.org/directory/ca/cotati/sunset-house/10011/	0.08	0.0	0.0	0.0	0	0.17142857142857143	0	0	0	0.10714285714285714	8	0.0	0.0967741935483871	0.0	0.08571428571428572
473	http://www.assistedlivingfacilities.org/directory/ca/cotati/	0.08695652173913043	0.0	0.16216216216216217	0.0	0	0.17142857142857143	0	0	0	0.19047619047619047	8	0.047619047619047616	0.13333333333333333	0	0.14814814814814814
474	http://www.waymarking.com/waymarks/WMAPF6_Chief_Cotati_Cotati_CA	0	0.0	0.0	0	0.0	0	0.0	0	0	0	58	0.0	0.23529411764705882	0.1276595744680851	0.15384615384615385
475	http://www.waymarking.com/default.aspx?f=1	0	0.0	0	0.0	0.0	0.0	0	0	0	0	62	0.0	0.0	0.0	0.0
476	http://www.waymarking.com/categories.aspx?f=1	0	0.0	0.0	0	0.0	0.0	0	0	0	0	65	0.0	0.0	0.0	0.0
477	http://www.waymarking.com/cat/details.aspx?f=1&guid=1ecf976b-9de3-47fa-9b0f-1ce3e30bf45b&st=2	0	0.0	0.0	0	0.0	0	0.0	0	0	0	244	0.0	0.0	0.0	0.0
478	http://eventful.com/cotati/events	0.08333333333333333	0.0	0.23076923076923078	0.0	0.0	0	0	0	0	0	175	0.0	0.25	1.2	0.08
479	http://www.youtube.com/watch?v=xNhyzJPglhI	0.075	0.0	0.0	0.0	0.0	0.0	0	0	0	0.05263157894736842	12	0.05660377358490566	0.0	0.2853294853294853	0.1276595744680851
480	http://www.whitepages.com/business/risk-management-services-cotati-ca	0.057692307692307696	0.0	0.0	0.0	0	0	0	0	0	0.0	18	0.0	0.10714285714285714	1.46218487394958	0.11538461538461539
481	http://www.addresses.com/zip-codes-by-city/california/cotati	0.13043478260869565	0.0	0.14285714285714285	0.0	0.0	0	0	0	0	0	1	0	0.13043478260869565	0.3333333333333333	0.14285714285714285
482	http://www.addresses.com/zipcodes	0.0	0.0	0.0	0.0	0.0	0	0	0	0	0	52	0	0.0	0	0.0
483	http://www.addresses.com/zip-code-lookup/california	0.0	0.0	0.0	0.0	0.0	0	0	0	0	0	1	0	0.0	0.0	0.0
484	https://cotaticitizensforopenmarketcompetition.wordpress.com/	0.01818181818181818	0.0	0.2727272727272727	0	0.0	0	0	0	0	0	2	0.09090909090909091	0.11538461538461539	1.5716177446254103	0.13953488372093023
485	http://rancholax.org/	0.048	0.048	0	0	0.0	0	0	0	0	0.03296703296703297	49	0.0	0.0	0.040268456375838924	0.2222222222222222
486	http://www.opposingviews.com/i/society/crime/cotati-california-police-tase-man-he-films-them-video	0.0	0.0	0.1016949152542373	0.0	0	0	0	0	0	0	22	0.03821656050955414	0.07228915662650602	0.0	0.1016949152542373
487	http://ohp.parks.ca.gov/?page_id=21528	0.0	0.0	0	0.0	0.0	0.0	0	0	0	0.0	23	0.0	0.0	0.0	0.0
488	http://www.manta.com/c/mm8pz1d/rainbow-electric	0	0	0	0	0	0	0	0	0	0	0	0	0.0	0	0
489	http://www.manta.com/mb_55_E12DB000_1JK/electrical_work/cotati_ca	0	0	0	0	0	0	0	0	0	0	0	0	0.11764705882352941	0	0
490	http://greatnonprofits.org/org/animal-legal-defense-fund	0.048	0.0	0.0	0.0	0.0	0.0	0.0	0	0	0.0	71	0.0	0.0	1.2608695652173914	0.0594059405940594
492	http://www.bankownedproperties.org/bankhomes/CALIFORNIA/SONOMA/COTATI.html	0.04918032786885246	0.0	0.21428571428571427	0.14634146341463414	0	0	0	0	0	0	64	0.045112781954887216	0.1016949152542373	13.799999999999995	0.1
493	http://www.assistedlivingfacilities.org/directory/ca/cotati/	0.08695652173913043	0.0	0.16216216216216217	0.0	0	0.17142857142857143	0	0	0	0.19047619047619047	8	0.047619047619047616	0.13333333333333333	0	0.14814814814814814
494	http://www.assistedlivingfacilities.org/directory/ca/	0.0	0.0	0.0	0.0	0.0	0.0	0	0	0	0.0	13	0.0	0.0	0.0	0.0
495	http://www.zippyhandyman.com/door-installation/door-installation-cotati-california/	0	0.0	0.15	0.15	0	0	0	0.0	0	0	50	0.32785366073052163	0.08695652173913043	0.9127050997782705	0.15
496	http://www.northbaybusinessjournal.com/75863/two-airsoft-training-facilities-open-in-cotati/	0.09836065573770492	0.0	0.08571428571428572	0	0	0	0	0	0	0	53	0.26996767522142556	0.07692307692307693	0.0	0.0759493670886076
497	http://www.adobeinc.com/projects/residential/cotati-cottages-single-family	0.03260869565217391	0.0	0.1935483870967742	0.0	0	0	0	0	0	0	19	0.03260869565217391	0.1	0.0	0.1935483870967742
498	http://www.drywalltopainting.com/tag/drywall-patch-repair-cotati-ca/	0	0.0	0.31777003484320554	0.17647058823529413	0	0.0	0	0.0	0	0	72	0.2521209650816526	0.1111111111111111	0.8219202530415346	0.1935483870967742
499	http://www.zipdatamaps.com/94931	0.04225352112676056	0.0	0.0	0	0.0	0.0	0	0.0	0	0.14285714285714285	27	0.0	0.0	0.0	0.0
500	http://www.cannabissearch.com/dispensaries/california/cotati/	0.1	0.0	0.12244897959183673	0	0	0	0	0	0	0	6	0	0.13043478260869565	0.0	0.17391304347826086
501	http://www.cannabissearch.com/dispensaries/	0.0	0.0	0.0	0	0	0	0	0	0	0	7	0	0.0	0.0	0.0
502	http://www.cannabissearch.com/dispensaries/california/	0.0	0.0	0.0	0	0	0	0	0	0	0	6	0	0.0	0.0	0.0
503	http://www.wellness.com/find/health-club/ca/cotati	0.096	0.0	0.2727272727272727	0.0	0.2727272727272727	0.2727272727272727	0	0	0	0.036585365853658534	6	0	0.17142857142857143	1.1524232334443212	0.11538461538461539
504	http://www.manufacturedhomefloorplans.com/ManufacturedHomeCommunity.php?Community=4433	0.05357142857142857	0.0	0.17647058823529413	0.0	0.0	0	0	0.0	0	0.04195804195804196	8	0.0	0.0	0.0	0.08955223880597014
505	http://www.wellness.com/find/chiropractor/ca/cotati	0.09302325581395349	0.0	0.2608695652173913	0.0	0.2608695652173913	0.2727272727272727	0	0	0	0.06818181818181818	4	0	0.16666666666666666	1.7926586373674815	0.2608695652173913
506	http://www.recyclingcenters.org/California/Cotati_94931_recycling_centers.php	0.06741573033707865	0.0	0.12	0.1875	0	0	0	0	0	0.0057306590257879654	2	0	0.09375	0.0	0.08450704225352113
509	http://www.hotels-rates.com/Cotati/CA/usa/	0.10909090909090909	0.0	0.25	0.10909090909090909	0	0	0	0	0	0.06	1	0.09183673469387756	0.2222222222222222	0.25	0.2553191489361702
511	http://www.josephpaulpainting.com/	0.04285714285714286	0.0	0	0	0	0	0	0	0	0.011494252873563218	4	0.0	0.0	0.75	0.08
512	http://www.mobilelocallocksmith.com/in/cotati-ca-california-94931/	0.08071748878923767	0.0	0.1643835616438356	0.7362121212121212	0.5519839480044872	0	0	0	0	0	60	0.13499012090561385	0.11538461538461539	0.2727272727272727	0.506896551724138
513	http://festivalnet.com/8751/Cotati-California/Ethnic-Music-Festivals/Cotati-Accordion-Festival	0	0.0	0.24	0	0	0	0	0	0	0	6	0	0.14457831325301204	1.1935483870967742	0.21052631578947367
514	http://www.myforecast.com/bin/alert_detail.m?city=11640&zip_code=94931&metric=false&messageID=281622IAC1157	0.0	0.0	0	0	0	0	0	0	0	0.018018018018018018	4	0	0.0	0	0.13636363636363635
515	https://sonomacounty.golocal.coop/businesses/american_philharmonic__sonoma_county/814	0	0.0	0.0	0	0.0	0.0	0.0	0	0	0	13	0.03773584905660377	0.0	0.0	0.0
516	http://thinktext.com/california/rohnertpark-cotati/rain-comin-weekend-rohnert-park-cotati	0	0	0	0	0	0	0	0	0	0	0	0	0.1518987341772152	0	0.0
517	http://www.lawncolandscaping.com/lawn-maintenance/lawn-maintenance-cotati-california/	0	0.17142857142857143	0.29166666666666663	0.2	0.3	0.0	0.32688172043010755	0.0	0	0	67	0.24624590490793322	0.08450704225352113	0.125	0.12244897959183673
518	http://rpcotati.wix.com/massage#!	0.0	0.0	0	0	0	0	0	0	0	0.043478260869565216	2	0	0.24	0.0	0.05555555555555555
520	http://www.goldengatetransit.org/fareprograms/	0.0	0.0	0	0.0	0.0	0	0	0	0	0.0	68	0.0	0.0	0.0	0
521	http://www.myforecast.com/bin/alert_detail.m?city=11640&zip_code=94931&metric=false&messageID=281147PAZ0243	0.0	0.0	0	0	0	0	0	0	0	0.018018018018018018	4	0	0.0	0	0.13636363636363635
522	http://www.equinenow.com/boarding/cotati-california.htm	0.1111111111111111	0.05555555555555555	0.4375	0	0.0	0.0	0	0	0	0.26865671641791045	30	0.0	0.14285714285714285	0.0	0.16666666666666666
523	http://www.equinenow.com/farm.htm	0.0	0.0	0.0	0	0.0	0.0	0	0	0	0.0	39	0.0	0.0	0.0	0.0
524	http://www.equinenow.com/boarding.htm	0.0	0.0	0.0	0	0.0	0.0	0	0	0	0.0	39	0.0	0.0	0.0	0.0
526	http://www.getqualitycontroljobs.net/Cotati--CA.html	0.0759493670886076	0.05825242718446602	0.17142857142857143	0.0	0	0	0	0	0	0.16901408450704225	19	0.0	0.15	0.0	0.09523809523809523
527	http://www.thegolfcourses.net/golfcourses/CA/Cotati.htm	0	0.0	0.23076923076923078	0	0.0	0	0	0	0	0	9	0.0	0.14634146341463414	1.0	0.2727272727272727
528	http://gotparks.com/?type=all&s=CA&f=1799622	0.0	0.0	0.0	0	0	0	0	0	0	0.0	4	0.0	0.0	0	0.15789473684210525
529	http://libguides.sonoma.edu/c.php?g=202646&p=1336937	0	0.0	0.0	0.0	0	0	0	0	0	0	14	0	0.0	0.0	0.0
530	http://www.manta.com/mb_53_B6_1JK/shopping/cotati_ca	0	0	0	0	0	0	0	0	0	0	0	0	0.15789473684210525	0	0
531	http://www.manta.com/mb_33_B6_000/shopping	0	0	0	0	0	0	0	0	0	0	0	0	0.0	0	0
532	http://www.manta.com/mb_43_B6_05/shopping/california	0	0	0	0	0	0	0	0	0	0	0	0	0.0	0	0
533	http://www.classmates.com/places/school/Cotati-Elementary-School/17901071	0.09230769230769231	0.6	0.25	0.16216216216216217	0	0	0	0	0	0	45	0	0.10344827586206896	0.5	0.15384615384615385
534	http://acronyms.thefreedictionary.com/Cotati+Police+Officers+Association	0.10650887573964497	0.08333333333333333	0.0	0	0	0	0	0	0	0.06923076923076923	76	0.0	0.09375	0.17647058823529413	0.13186813186813187
535	http://wikimapia.org/4705985/Park-Ride	0.0	0.0	0.0	0	0.0	0	0	0	0	0	42	0	0.0	0.3	0.23076923076923078
536	http://acronyms.thefreedictionary.com/Cotati+Philharmonic	0.15254237288135594	0.10526315789473684	0.0	0	0	0	0	0	0	0.08372093023255814	75	0.0	0.12244897959183673	0.3157894736842105	0.19672131147540983
537	http://www.cityfreq.com/ca/cotati/	0.0	0	0	0	0	0	0	0	0	0.0	0	0	0.3	0.0	0.08450704225352113
538	http://www.pronzinitrees.com/locations.htm	0.0	0.0	0.3	0.2608695652173913	0	0	0	0	0	0.0	11	0.3157894736842105	0.0	0.0	0.0
539	http://www.westcotatioaks.com/	0.11764705882352941	0	0	0	0	0	0	0	0	0.3380281690140845	0	0	0.3333333333333333	0	0.375
540	http://www.foreclosurelistings.com/list/CA/SONOMA/COTATI/AUCTION/	0.1232876712328767	0.0	1.0	0	0.375	0	0	0	0	0	54	0.04316546762589928	0.125	0.0	0.22641509433962265
541	http://www.foreclosurelistings.com/list/CA/SONOMA/	0.0	0.0	0.0	0	0.0	0	0	0	0	0	88	0.0	0.0	0.0	0.0
542	http://californiaadultschools.org/cas/school-info?task=display&id=100	0.0	0.0	0	0	0.0	0	0	0	0	0.0	4	0.0	0.0	0.0	0.0
544	http://www.lawncolandscaping.com/landscape-lighting/landscape-lighting-cotati-california/	0	0.0	0.315987460815047	0.0	0	0.0	0	0.0	0	0	60	0.28773433852445224	0.08	0.24242424242424243	0.10714285714285714
545	https://bandcamp.com/tag/cotati	0.08450704225352113	0.0	1.0	0	0	0	0	0	0	0	25	0	0.2857142857142857	0.0	0.2857142857142857
547	http://cotatielection2014.blogspot.com/	0	0.0	0.2608695652173913	0.0	0	0	0	0	0	0	13	0	0.1935483870967742	0.7702126104173406	0.2857142857142857
548	http://www.bnbstar.com/Cotati-California-bed-and-breakfast.html	0.12244897959183673	0.0	0	0	0	0	0	0	0	0.09230769230769231	17	0.0	0.11764705882352941	0.0	0.42847562202400913
549	http://eventful.com/cotati/venues/tradewinds-/V0-001-000378202-5	0.08823529411764706	0.1875	0	0.0	0.0	0	0	0.0	0	0	142	0.0	0.11320754716981132	2.0	0.09375
550	http://eventful.com/cotati/venues	0.0594059405940594	0.0	0	0	0.0	0	0	0.0	0	0	61	0.0	0.25	1.7999999999999998	0.21428571428571427
551	http://www.intherooms.com/Rehabs/CA/Cotati/A_Step_Up_543.php	0.13636363636363635	0.0	0.0	0.0	0.6	0.0	0	0	0	0.28125	1	0.0	0.13333333333333333	0.0	0.13043478260869565
552	http://najboljicitati.blog.rs/	0	0.0	0	0	0	0	0	0	0	0	18	0.0	0.0	0.0	0.0
553	http://woaibook.me/city/city-of-cotati-v-cashman.pdf	0	0.0	0.21428571428571427	0	0.0	0	0	0	0	0	1	0.0	0.13953488372093023	0.0	0.21428571428571427
554	http://www.thecotatiindependent.com/	0	0.0	0	0.0	0	0	0	0	0	0	5	0	0.25	0.0	0
555	http://roadwarrior.blogs.pressdemocrat.com/tag/cotati-grade/	0	0.0	0	0.0	0.0	0.0	0	0	0	0	125	0.08486016470570637	0.12	0.0	0.15
556	http://www.catsanddragonsartstudio.com/	0.0	0.0	0	0.0	0.0	0	0	0	0	0	3	0.0	0.0	0.0	0.14285714285714285
557	http://24timezones.com/mapa/usa/ca_sonoma/cotati.htm	0.1016949152542373	0.0	0.11764705882352941	0.13043478260869565	0	0	0	0	0	0.061224489795918366	1	0.2066429709523226	0.14634146341463414	0.0	0.14634146341463414
559	http://extracredit.blogs.pressdemocrat.com/14646/new-faces-in-cotati-rohnert-park-schools/	0.03870967741935484	0.0	0	0.15	0.0	0.0	0	0	0	0	114	0.0625	0.075	0.0	0.10909090909090909
560	http://www.dentistdig.com/cotati-dentist-ca.htm	0.046511627906976744	0.0	0.23076923076923078	0	0	0	0	0	0	0.2	1	0	0.17142857142857143	0	0.42857142857142855
561	http://www.sonomacounty.worldweb.com/CotatiCA/Maps/	0.16901408450704225	0.0	0.5454545454545454	0.0	0	0	0	0	0	0.5	71	0.024489795918367346	0.16216216216216217	0.0	0.3076923076923077
562	http://www.sonomacounty.worldweb.com/CotatiCA/	0.06382978723404255	0.0	0.3157894736842105	0.0	0.0	0	0	0	0	0.37037037037037035	74	0.024489795918367346	0.18181818181818182	0.0	0.2033898305084746
563	http://www.allmenus.com/ca/petaluma/283666-fu-zhou-chinese-restaurant/menu/	0.11764705882352941	0.0	0.0	0.0	0	0	0	0	0	0.08450704225352113	8	0.0	0.0	1.8857142857142857	0.08823529411764706
564	http://www.allmenus.com/ca/cotati/	0.09375	0.0	0.1935483870967742	0	0.0	0	0	0	0	0.06451612903225806	4	0.0	0.3	1.6	0.1
565	http://www.allmenus.com/ca/cotati/-/chinese/	0.10619469026548672	0.0	0.0	0.0	0.0	0	0	0	0	0.06818181818181818	4	0.34285714285714286	0.21428571428571427	1.2666666666666666	0.07407407407407407
567	http://www.findvacationrentals.com/california/cotati-villa-rentals-3976.html	0.027149321266968326	0.0	0.0	0.0	0.0	0	0	0	0	0.0	4	0.0	0.09523809523809523	0.0	0.35294117647058826
568	http://www.findvacationrentals.com/california/cotati-villa-rentals-3976.html	0.027149321266968326	0.0	0.0	0.0	0.0	0	0	0	0	0.0	4	0.0	0.09523809523809523	0.0	0.35294117647058826
569	http://northbaybits.com/	0	0.07593049097697895	0.0	0.16732617297908423	0.0	0	0	0	0	0	40	1.616220618011533	0.0	0.0	0.0
570	http://www.tattoo-spot.com/california/Cotati/index.cfm	0.06666666666666667	0.022641509433962263	0.0	0	0	0	0	0	0	0.047619047619047616	7	0	0.15	0	0.16901408450704225
571	http://www.sunnumber.com/whats_my_sunnumber.php?address=351+E+Cotati+Ave+%2C+Cotati%2C+CA+94931-7803&lat=38.328984&lng=-122.701135	0	0.0	0.0	0	0	0.0	0	0.0	0	0	11	0	0.1016949152542373	0.0	0.0
572	http://www.nonprofitfacts.com/CA/Rotary-Club-Of-Rancho-Cotati-Foundation.html	0	0.06818181818181818	0	0.0	0	0	0	0	0	0	14	0.05687203791469194	0.09375	0.08333333333333333	0.06451612903225806
573	http://www.nonprofitfacts.com/index-California.html	0.0	0.0	0	0	0.0	0	0	0	0	0	0	0	0.0	0.0	0.0
574	http://www.liveleak.com/view?i=9f1_1368751417	0	0.0	0	0	0	0	0	0	0	0	36	0.007802340702210663	0.0	0.08	0.06666666666666667
575	http://www.sonomacounty.worldweb.com/CotatiCA/RestaurantsBars/	0.08275862068965517	0.0	0.3157894736842105	0.0	0.0	0	0	0	0	0.3582089552238806	77	0.024489795918367346	0.125	0.0	0.19672131147540983
576	http://www.sonomacounty.worldweb.com/CotatiCA/	0.06382978723404255	0.0	0.3157894736842105	0.0	0.0	0	0	0	0	0.37037037037037035	74	0.024489795918367346	0.18181818181818182	0.0	0.2033898305084746
577	http://aspanishmobilenotary.com/	0	0.0	0.0	0.0	0.0	0	0	0.0	0	0	88	0.0	0.0	0.0	0.0
578	http://www.travelmath.com/drive-distance/from/Rohnert+Park,+CA/to/SMF	0.0	0.0	0	0.0	0.0	0	0	0	0	0	56	0.0	0.0	0.0	0.0
579	http://www.liveleak.com/view?i=8ed_1368536550	0	0.0	0	0	0	0	0	0	0	0	36	0.0	0.0	0.06666666666666667	0.05714285714285714
580	http://www.woodworldfurniture.com/	0	0.0	0	0	0	0.0	0	0	0	0	0	0	0.0	0	0.0
581	http://www.bikecal.com/reg-rides.htm	0.0	0.0	0	0	0	0	0	0	0	0.0	4	0.0	0.0	0.0	0.0
582	http://www.citysearch.com/profile/1048677/cotati_ca/porter_street_barbeque.html	0.061224489795918366	0.0	0.0	0.0	0	0.0	0	0	0	0	33	0.0	0.09375	3.793730650154799	0.10909090909090909
583	http://www.citysearch.com/guide/cotati-ca	0.07003891050583658	0.0	1.0	0.0	0	0.0	0	0	0	0	73	1.0	0.21428571428571427	0.42857142857142855	0.2
584	http://www.citysearch.com/listings/cotati-ca/restaurants/55615_1722	0.031088082901554404	0.0	0.24	0.20689655172413793	0	0.0	0	0	0	0	47	0.0	0.11538461538461539	0.0	0.1935483870967742
585	http://www.dogsnow.com/location/cotati-california.htm	0.06451612903225806	0.20689655172413793	0.43062200956937796	0	0	0.0	0	0	0	0.17777777777777778	52	0.0	0.15	1.0	0.17142857142857143
586	http://www.dogsnow.com/puppiesforsale.htm	0.0	0.0	0.0	0	0	0.0	0	0	0	0	52	0.0	0.0	0.0	0.0
587	http://www.dogsnow.com/california.htm	0.0	0.0	0.0	0	0	0.0	0	0	0	0.0	52	0.0	0.0	0.0	0.0
588	http://www.usacops.com/ca/p94931/index.html	0.0	0.0	0	0	0	0	0	0	0	0.0	20	0	0.0	0	0.25
589	http://www.csumentor.edu/AdmissionApp/undergrad_apply.asp	0.0	0.0	0.0	0.0	0.0	0	0	0	0	0.0	5	0.0	0.0	0.0	0.0
590	http://www.cotatiivalutare.ro/	0.09230769230769231	0.2938530734632684	0	0	0	0	0	0	0	0.06923076923076923	0	0.0	0.3333333333333333	0	0.09090909090909091
591	http://ranchocotati.alumz.com/	0.0	0.0	0	0	0	0	0	0	0	0.0	8	0.0	0.2727272727272727	0	0.0821917808219178
592	http://www.cotatiivalutare.ro/	0.09230769230769231	0.2938530734632684	0	0	0	0	0	0	0	0.06923076923076923	0	0.0	0.3333333333333333	0	0.09090909090909091
593	http://ranchocotati.alumz.com/	0.0	0.0	0	0	0	0	0	0	0	0.0	8	0.0	0.2727272727272727	0	0.0821917808219178
594	http://www.thingsindian.com/california/g-cotati.htm	0.10714285714285714	0.0	0	0.09836065573770492	0	0	0	0	0	0.034482758620689655	8	0.04	0.15789473684210525	0.0	0.125
595	http://mystore411.com/store/list_city/12/California/Cotati/Lowes-store-locations	0.04195804195804196	0.0	0	0.0	0	0	0	0	0	0.025423728813559324	3	0.0	0.08955223880597014	0.8	0.21428571428571427
596	http://mystore411.com/store/listing/12/Lowes-store-locations	0.0	0.0	0.0	0.0	0.0	0	0	0	0	0.0	3	0.0	0.0	0.0	0.0
597	http://mystore411.com/store/list_state/12/California/Lowes-store-locations	0.0	0.0	0	0.0	0	0	0	0	0	0.0	3	0.0	0.0	0.0	0.0
598	http://sacramentonotary.homestead.com/	0.0	0.0	0.0	0	0	0	0	0	0	0.0	19	0.0	0.0	0	0.0
599	http://www.road-police.com/police/California/Cotati/property_1924/police.html	0	0.0	0.3076923076923077	0	0.0	0.3076923076923077	0	0	0	0	13	0	0.09836065573770492	0.0	0.3076923076923077
600	http://www.magicyellow.com/category/horseback_riding_and_rentals/cotati_ca.html	0.1	0.0	0.0	0.0	0	0	0	0	0	0.0	10	0.0	0.09230769230769231	2.1153846153846154	0.21052631578947367
601	http://www.magicyellow.com/category/christmas_lights_and_decorations/cotati_ca.html	0.09375	0.0	0.0	0.0	0	0	0	0	0	0.0	9	0	0.08695652173913043	0.11538461538461539	0.19672131147540983
602	http://www.maangchi.com/shopping/asiana-market-4	0.10526315789473684	0.0	0.0	0.0	0.0	0	0	0	0	0	32	0.0	0.0	1.0	0.0967741935483871
603	http://www.distancebetweencities.net/danville_ca_and_rohnert-park_ca/	0.0	0.0	0	0.0	0	0.0	0	0	0	0	9	0.0	0.0	0	0.0
604	http://russianriverkeeper.org/about-us/staff/	0.0	0.0	0.0	0	0	0	0	0	0	0	113	0.0	0.0	0.0	0.0
605	http://www.deaddisc.com/GDFD_Cotati_Cabaret.htm	0.0967741935483871	0.0	0	0	0	0	0	0	0	0.2222222222222222	0	0.05010438413361169	0.17142857142857143	0	0.125
607	http://www.krsh.com/	0	0.0	0	0.0	0	0	0	0	0	0	10	0	0.0	0.0	0.0
608	http://www.foodmenuprice.com/menu/burger-king/california/cotati/	0.05128205128205128	0.0	0.2	0.0	0	0	0	0	0	0.045454545454545456	0	0.0	0.125	1.0	0.075
609	http://www.foodmenuprice.com/menu/burger-king/	0.0	0.0	0.0	0.0	0	0	0	0	0	0.0	2	0.0	0.0	0.0	0.0
610	http://www.foodmenuprice.com/menu/burger-king/california/	0.0	0.0	0.0	0.0	0	0	0	0	0	0.0	0	0.0	0.0	0.0	0.0
611	http://www.totalescape.com/outside/event/cotati-jazz-blues-arts-festival/	0	0.0	0.0	0.0	0	0	0	0	0	0	67	0.3157894736842105	0.10344827586206896	0.0	0.3157894736842105
612	http://www.dogbreederdirectory.com/breeders/Cotati+CA/1/	0.07547169811320754	0.0	0.0	0	0	0	0	0	0	0.11320754716981132	8	0	0.14634146341463414	0.0	0.2
613	http://www.silhouet.com/motorsport/tracks/cotati.html	0	0	0.4	0	0	0	0	0	0	0.4	0	0.0	0.15384615384615385	0	0.23076923076923078
614	http://www.homelessshelterdirectory.org/california.html	0.0	0.0	0	0.0	0.0	0.0	0	0	0	0.0	491	0.0	0.0	0.0	0.0
615	http://www.homelessshelterdirectory.org/california.html	0.0	0.0	0	0.0	0.0	0.0	0	0	0	0.0	491	0.0	0.0	0.0	0.0
616	http://www.macys.com/ce/splash/in-store-wifi-mobile-apps/index	0	0.0	0.0	0.0	0	0	0	0	0	0	13	0.0	0.0	0.0	0.0
617	http://www.contoursexpress.com/	0.0	0.0	0	0	0	0	0	0	0	0.0	2	0	0.0	0.0	0.0
619	https://www.localwise.com/job_postings/3717-spa-and-retail-coordinator/4907-international-orange-2421-larkspur-landing-cir-larkspur-ca/	0.0	0.0	0	0.0	0.0	0.0	0.0	0	0	0	7	0.0	0.0	0.0	0.0
620	https://www.linkedin.com/company/cotati-accordion-festival	0.06779661016949153	0.0	0	0.0	0	0	0	0	0	0	33	0	0.13636363636363635	0.0	0.16666666666666666
621	http://www.clearcoatautobody.com/	0.0	0	0	0	0	0	0	0	0	0	3	0	0.0	0.0	0.00020676950838982946
622	http://cotation.atempo.com/	0.0	0.0	0	0	0	0	0	0	0	0.0	0	0	0.3157894736842105	0	0.4806654676258993
623	http://www.freedental.org/state/california	0.0	0.0	0	0.0	0.0	0.0	0	0	0	0.0	72	0.0	0.0	0.0	0.0
624	http://www.freedental.org/state/california	0.0	0.0	0	0.0	0.0	0.0	0	0	0	0.0	72	0.0	0.0	0.0	0.0
626	http://www.tradeville.eu/actiuni/actiuni-FP	0.05357142857142857	0.0	0.0	0.3333333333333333	0	0	0	0	0	0	98	0.0	0.0	0.0	0.0
627	https://www.statefarm.com/agent/US/CA/Cotati/Jared-Soukup-Z4PX46620AK	0.04878048780487805	0.0	0.0	0.0	0.0	0.0	0.0	0.0	0	0	39	0.0	0.11538461538461539	2.0142857142857142	0.10909090909090909
628	http://www.uspspostoffices.com/ca/cotati/cotati	0.046153846153846156	0.0	0	0.3333333333333333	0.0	0	0	0	0	0.18181818181818182	0	0.0	0.36363636363636365	2.375	0.11764705882352941
629	http://www.uspspostoffices.com/ca	0.0	0.0	0.0	0.0	0	0	0	0	0	0.0	0	0.0	0.0	0.0	0.0
630	http://nershalom.org/	0.0	0.0	0.0	0.0	0	0	0	0.0	0	0.029925187032418952	7	0.0	0.0	0.0	0.125
631	http://www.pof.com/personals/5892onlinedating.htm	0.16666666666666666	0.0	0.07792207792207792	0	0	0	0	0	0	0.294478527607362	9	0.0	0.0	0.0	0.3
632	http://www.nershalom.org/calendar/	0	0.0	0.0	0.0	0	0	0	0	0	0	2	0	0.0	0.0	0.0
633	http://sitprf.gdn/c/womens-Tops-Blouses/Cotati-Silk-Top-Haze-Blue/1567.asp	0.031578947368421054	0.15846717600607274	0.1875	0.13636363636363635	0.0	0	0.0	0	0	0.17142857142857143	83	0.02239417826387512	0.09523809523809523	0.0	0.10344827586206896
636	http://www.penngrovechurchofchrist.org/	0	0.0	0.0	0.0	0.0	0	0	0	0	0	3	0.0	0.0	0.0	0.0
638	http://www.smallbusinessdb.com/gr-services-inc-cotati-ca-94928.htm	0.0	0.0	0.0	0	0	0	0	0	0	0	9	0.0	0.1111111111111111	0.0	0.0
639	http://rvpaintdepartment.com/	0.0	0.0	0.0	0.0	0.0	0.0	0.0	0	0	0.0	8	0.0	0.0	0.0	9.798980905985778e-05
640	http://www.clearcoatcollision.com/RV-Collision.htm	0.0	0.0	0.0	0	0.0	0.0	0.0	0	0	0.0	27	0.0	0.0	0.0	0.0001320612946560714
