index	url	description	div	h1	h2	h3	h4	h5	h6	inbound_links	keywords	outbound_links	p	root	span	title
1	http://www.fullerton.edu/	0	0.0	0	0	0.0	0.0	0.0	0	0	0	37	0.058823529411764705	0.6923076923076923	0	0.20930232558139536
2	http://ci.fullerton.ca.us/	0	0.0	1.5882352941176472	0	4.0	0	0	0	0	0	3	0.5529104592228536	0.5	0.0	0.375
3	http://www.fullcoll.edu/	0	0.0	0	0	0	0	0	0	0	0	32	0	0.0	0	0.45
4	https://en.wikipedia.org/wiki/Fullerton,_California	0	0.43902439024390244	0.42857142857142855	0.0	0.0	0	0	0	0	0	99	4.365926282476588	0.21951219512195122	1.14546748932131	0.16071428571428573
5	http://www.fullerton.com/index.cfm	0.0	0.6043039424625359	0.30512820512820515	0.0	0.0	0.0	0	0	0	0	17	0.20849630291579815	0.4090909090909091	0.0	0.0
6	https://www.fullertonhotels.com/singapore/the-fullerton-bay-hotel	0.07964601769911504	0.18551566715086118	0.0	0.0	0.3927272727272727	0.0	0	0	0	0.2727272727272727	16	0.0	0.35294117647058826	0.0	0.23684210526315788
7	http://admissions.fullerton.edu/	0.0	0.0	0.0	0.0	0.0	0	0	0	0	0.0	26	0.0	0.375	0.0	0.0
8	http://library.fullcoll.edu/	0	0.11842105263157894	0	0.0	0	0.0	0	0	0	0	92	0.6873065015479876	0.0	0.0	0.6923076923076923
9	http://www.hfullerton.com/	0.06206896551724138	0.0	0.23684210526315788	0.0	1.0030959752321982	0.3333333333333333	0	0	0	0	30	1.2807037802470513	0.6428571428571429	1.9284621053228275	0.36
10	http://www.fullertontitans.com/	0	0.0	0	0.0	0.0	0	0	0	0	0	101	0.3568433091879527	0.47368421052631576	3.1974959903769045	0.3
11	http://admissions.fullerton.edu/	0.0	0.0	0.0	0.0	0.0	0	0	0	0	0.0	26	0.0	0.375	0.0	0.0
12	http://library.fullcoll.edu/	0	0.11842105263157894	0	0.0	0	0.0	0	0	0	0	92	0.6873065015479876	0.0	0.0	0.6923076923076923
13	http://www.hfullerton.com/	0.06206896551724138	0.0	0.23684210526315788	0.0	1.0030959752321982	0.3333333333333333	0	0	0	0	30	1.2807037802470513	0.6428571428571429	1.9284621053228275	0.36
14	http://www.fullertontitans.com/	0	0.0	0	0.0	0.0	0	0	0	0	0	101	0.3568433091879527	0.47368421052631576	3.1974959903769045	0.3
15	http://fullertontool.com/	0.08653846153846154	0.0	0.0	0.0	0	0.5	0	0.3103448275862069	0	0	11	0.19211211760115576	0.5294117647058824	0.0	0.19148936170212766
17	http://www.library.fullerton.edu/	0	0.0	0	0	0.0	0	0	0	0	0	40	0.0	0.42857142857142855	0	0.0
18	http://www.zillow.com/fullerton-ca/	0.05732484076433121	0.027951995486013154	0.375	0	0	1.2935599869238312	0.0	0.0	0	0	102	0.0	0.4090909090909091	35.42985224417626	0.29508196721311475
19	https://www.tripadvisor.com/Tourism-g32416-Fullerton_California-Vacations.html	0.1956521739130435	0.8653225806451612	0.9285714285714286	0	1.0105969708890639	0.0	0	0	0	0.20930232558139536	1	0	0.13846153846153847	2.0026525198938994	0.27692307692307694
20	https://www.tripadvisor.com/Tourism-g28926-California-Vacations.html	0.0	0.0	0.0	0	0.0	0.0	0	0	0	0.0	1	0.0	0.0	0.0	0.0
21	https://www.tripadvisor.com/Tourism-g659482-Orange_County_California-Vacations.html	0.0	0.0	0.0	0	0.0	0	0	0	0	0.0	17	0.0	0.0	0.0	0.0
22	http://extension.fullerton.edu/	0.0	0.0	0.0	0	0	0	0	0	0	0.0989010989010989	27	0.0	0.391304347826087	0.23684210526315788	0.12162162162162163
23	http://www.zillow.com/fullerton-ca/	0.05732484076433121	0.027951995486013154	0.375	0	0	1.2935599869238312	0.0	0.0	0	0	101	0.0	0.4090909090909091	35.42985224417626	0.29508196721311475
24	http://extension.fullerton.edu/	0.0	0.0	0.0	0	0	0	0	0	0	0.0989010989010989	27	0.0	0.391304347826087	0.23684210526315788	0.12162162162162163
25	https://en.wikipedia.org/wiki/Fullerton	0	0.0	1.0	0.0	0.0	0	0	0	0	0	25	0	0.3103448275862069	0.0	0.20454545454545456
26	http://www.fullcoll.edu/class-schedule	0	0.0	0.0	0	0	0	0.0	0	0	0	72	0.0	0.0	0.0	0.23684210526315788
27	http://alp.fullerton.edu/	0.125	0.0	0.0	0	0	0.23684210526315788	0	0	0	0	6	0	0.5294117647058824	0.0	0.0
28	http://calendar.fullerton.edu/	0	0.0	0	0	0.0	0	0	0	0	0	9	0.0	0.4090909090909091	0.34615384615384615	0.21951219512195122
29	http://catalog.fullerton.edu/	0.0	0.0	0.0	0.0	0.0	0.0	0	0	0	0.09	19	0.75575244644274	0.42857142857142855	0.23684210526315788	0.17307692307692307
30	http://csufullerton-dspace.calstate.edu/	0	0.0	2.0	0.6428571428571429	0	0	0	0	0	0	5	0.0	0.28125	1.2908130478818147	1.0
31	http://www.asi.fullerton.edu/	0.043689320388349516	0.0	0.0	0.23684210526315788	0.0	0	0	0	0	0.03409090909090909	24	0.15126050420168066	0.5294117647058824	0	0.1232876712328767
32	http://www.fullertonsd.org/	0	0.0	0	0.9863954171562868	0.0	0.0	0.0	0	0	0	64	1.660381499575194	0.6	5.295475113122175	0.35294117647058826
33	http://www.city-data.com/city/Fullerton-California.html	0.23684210526315788	0.0	0	0	7.027529007712403	0.34615384615384615	0	0	0	0	34	5.991187169455722	0.21428571428571427	0.42857142857142855	0.04568527918781726
34	http://ou.fullerton.edu/	0.0	0.0	0	0.0	0.0	0	0	0.0	0	0	11	0.04838709677419355	0.5625	0.0	0.16071428571428573
36	http://nursing.fullerton.edu/	0	0.0	0.0	0.0	0.0	0	0	0	0	0	36	0.0	0.42857142857142855	0.0	0.0
37	http://extension.fullerton.edu/professionaldevelopment	0.0	0.0	0	0.0	0	0	0	0	0	0.1	6	0.22162162162162163	0.1956521739130435	0.0	0.15
38	http://www.ocregister.com/sections/city-pages/brea-fullerton-lahabra/	0	0.0	0.0	0	0	0.0	0.0	0.0	0	0	75	0.0	0.16666666666666666	0.0	0.16666666666666666
40	http://www.fullertonford.com/	0.06040268456375839	0.0	0	0	0.32142857142857145	0.0	0	0	0	0.19148936170212766	7	0.0	0.5294117647058824	0.6428571428571429	0.42857142857142855
42	http://www.fullertonford.com/	0.06040268456375839	0.0	0	0	0.32142857142857145	0.0	0	0	0	0.19148936170212766	7	0.0	0.5294117647058824	0.6428571428571429	0.42857142857142855
43	http://uhfullerton.com/	0.13043478260869565	0.34615384615384615	0.0	0	0	0	0	0	0	0.13310580204778158	1	1.232702778165573	0.6	0.0	0.21428571428571427
44	https://www.tripadvisor.com/Hotel_Review-g294265-d306173-Reviews-The_Fullerton_Hotel_Singapore-Singapore.html	0.07692307692307693	1.6259456027800052	0.3103448275862069	0.0	0.6246846089150546	0	0	0	0	0.10227272727272728	1	0.5517158463568508	0.09375	1.9868851578213829	0.140625
45	https://www.tripadvisor.com/Tourism-g2-Asia-Vacations.html	0.0	0.0	0.0	0	0.0	0.0	0	0	0	0.0	1	0.0	0.0	0.0	0.0
46	https://www.tripadvisor.com/Tourism-g294262-Singapore-Vacations.html	0.0	0.0	0.0	0	0.0	0	0	0	0	0.0	1	0.0	0.0	0.0	0.0
47	http://police.fullerton.edu/	0	0.0	0	0.0	0.0	0	0	0	0	0	42	0.1455043506284241	0.45	0.0	0.0
48	http://fullertonindia.com/urban-financing/personal-loans.aspx	0.05844155844155844	0.0	0.0	0	0	0.10745123121202431	0.0	0	0	0.054878048780487805	16	0.44605863061910095	0.17307692307692307	0.0	0.11392405063291139
49	https://www.trulia.com/CA/Fullerton/	0.06923076923076923	22.12317813765182	0.3103448275862069	0.1956521739130435	0	0	0.0	0	0	0	4	0.0	0.42857142857142855	0.0	0.34615384615384615
50	http://hr.fullerton.edu/	0	0.0	0	0.0	0.0	0	0	0	0	0	104	0.4466996803109133	0.5625	0.0	0.0
51	http://hr.fullerton.edu/	0	0.0	0	0.0	0.0	0	0	0	0	0	104	0.4466996803109133	0.5625	0.0	0.0
52	http://admissions.fullcoll.edu/	0.14516129032258066	0.0	0.32142857142857145	0	0.0	0	0	0	0	0.20454545454545456	29	0.7474614584414947	0.0	0	0.2903225806451613
53	http://email.fullerton.edu/	0	0.0	0.0	0.0	0.0	0	0	0	0	0	37	0.0	0.47368421052631576	0.0	0.0
54	http://business.fullerton.edu/	0	0.0	0.0	0	0	0	0	0	0	0	0	0	0.4090909090909091	0.0	0.0
55	http://international.fullerton.edu/usa/	0.06766917293233082	0.0	0.0	0.375	0	0	0	0	0	0.0	12	0.5729077958058378	0.3	0.0	0.13432835820895522
56	http://news.fullerton.edu/	0	0.0	0	0.0	0	0	0	0	0	0	12	0.2588225740661003	0.5	0	0.0
57	https://www.redfin.com/city/7158/CA/Fullerton	0.13333333333333333	26.230519480519472	0.42857142857142855	2.0306734578381436	0.0	0	0	0	0	0	20	0.9044117647058824	0.3103448275862069	12.939029783060683	0.34615384615384615
58	https://www.redfin.com/states/CA	0.0	0.0	0.0	0	0.0	0	0	0	0	0	84	0.0	0.0	0.0	0.0
59	https://www.redfin.com/county/332/CA/Orange-County	0.0	0.0	0.0	0.0	0.0	0	0	0	0	0	17	0	0.0	0.0	0.0
60	http://fullerton.stateuniversity.com/	0	0.0	0.18	0.0	0	0.0	0	0	0	0	145	0.9830249063296715	0.3103448275862069	0.6032432432432433	0.2621359223300971
61	http://international.fullerton.edu/	0.05660377358490566	0.0989010989010989	0.0	0.7561611763739424	0	0	0	0	0	0.0481283422459893	9	0.16845972185778013	0.3333333333333333	0.0	0.0
62	http://www.realtor.com/realestateandhomes-search/Fullerton_CA	0.0	0.0	0	0.0	0	0	0	0	0	0	92	0.0	0.1875	0.0	0.0
63	http://www.realtor.com/realestateandhomes-search/California	0.0	0.0	0	0.0	0	0	0	0	0	0	92	0.0	0.0	0.0	0.0
64	https://www.redfin.com/city/7158/CA/Fullerton	0.13333333333333333	26.230519480519472	0.42857142857142855	2.0306734578381436	0.0	0	0	0	0	0	20	0.9044117647058824	0.3103448275862069	12.939029783060683	0.34615384615384615
65	https://www.redfin.com/states/CA	0.0	0.0	0.0	0	0.0	0	0	0	0	0	84	0.0	0.0	0.0	0.0
66	https://www.redfin.com/county/332/CA/Orange-County	0.0	0.0	0.0	0.0	0.0	0	0	0	0	0	17	0	0.0	0.0	0.0
67	http://international.fullerton.edu/	0.05660377358490566	0.0989010989010989	0.0	0.7561611763739424	0	0	0	0	0	0.0481283422459893	9	0.16845972185778013	0.3333333333333333	0.0	0.0
68	http://www.realtor.com/realestateandhomes-search/Fullerton_CA	0.0	0.0	0	0.0	0	0	0	0	0	0	92	0.0	0.1875	0.0	0.0
69	http://www.realtor.com/realestateandhomes-search/California	0.0	0.0	0	0.0	0	0	0	0	0	0	92	0.0	0.0	0.0	0.0
70	https://www.groupon.com/local/fullerton	0.030927835051546393	5.180314638422435	0.5	0.0	0.0	0.0	0.0	0.0	0	0.019693654266958426	79	19.159378596087457	0.36	1.0	0.567487684729064
71	https://www.groupon.com/local	0.0	0.0	0.0	0.0	0.0	0.0	0.0	0.0	0	0.0	85	0.0	0.0	0.0	0.0
72	https://www.groupon.com/local/california	0.0	0.0	0.0	0.0	0.0	0.0	0.0	0.0	0	0.0	90	0.0	0.0	0.0	0.0
73	http://webcert.fullerton.edu/	0	0.0	0	0.0	0.0	0.0	0	0	0	0.1267605633802817	76	0.07502329154476063	0.42857142857142855	0	0.23684210526315788
74	http://www.airnav.com/airport/KFUL	0.07407407407407407	0.0	0	0	0.6736842105263158	0.0	0	0	0	1.0	18	0.0	0.0	0	0.21428571428571427
76	http://fullertonindia.com/contact-us/locate-branch.aspx	0	0.037815126050420166	0.0	0.36	0	0	0.0	0	0	0	11	0.28125	0.1956521739130435	0.0	0.45
77	http://www.fchornets.com/	0	0.0	0	0.0	0	0	0	0	0	0	23	0.0	0.0	0.1476190476190476	0.32142857142857145
78	http://admissions.fullerton.edu/prospectivestudent/admissions_transfers.php	0.0	0.0	0.0	0.0	0.0	0	0	0	0	0.0	111	0.7068238213399504	0.13636363636363635	0.0	0.0
79	http://admissions.fullerton.edu/prospectivestudent	0.0	0.0	0.0	0.0	0.0	0	0	0	0	0.0	116	0.0	0.21428571428571427	0.0	0.0
80	http://www.apartments.com/fullerton-ca/	0.05357142857142857	5.993202178987982	0.3103448275862069	0.23684210526315788	0.0	0.0	0.0	0	0	0.13846153846153847	126	0.054	0.34615384615384615	0.0	0.16666666666666666
81	https://www.hotels.com/de1448507/hotels-fullerton-california/	0.058823529411764705	0.3103448275862069	0	1.095	1.5588867654085046	0	0.0	0	0	0.0	80	0.08035714285714286	0.1956521739130435	6.5862691626548475	0.17647058823529413
82	http://www.fchornets.com/	0	0.0	0	0.0	0	0	0	0	0	0	23	0.0	0.0	0.1476190476190476	0.32142857142857145
83	http://www.transitchicago.com/travel_information/station.aspx?StopId=59	0	0.0	0.0	0.0	0.0	0.0	0.0	0	0	0.0	259	0.08108108108108109	0.0	0.0	0.16981132075471697
84	http://www.transitchicago.com/riding_cta/systemguide/default.aspx	0.0	0.0	0.0	0.0	0.0	0.0	0	0	0	0.0	258	0.0	0.0	0.0	0.0
85	http://www.rent.com/california/fullerton-apartments/2-696	0.054878048780487805	0.0	0.25	1.8673623714458558	0.0	0.0	0	0.0	0	0	13	8.925032150866766	0.20930232558139536	22.25	0.14754098360655737
86	http://www.rent.com/california/1-19	0.0	0.0	0.0	0.0	0.0	0	0	0.0	0	0	9	0.0	0.0	0.0	0.0
87	http://www.booking.com/hotel/sg/the-fullerton-bay-singapore.html	0.08256880733944955	0.5807209810309354	0.0	0.3367132867132867	0.4031620553359684	0.0	0.0	0	0	0.10714285714285714	97	0.4701648673490834	0.18	0.3509564785766637	0.16071428571428573
88	http://www.apartmentfinder.com/California/Fullerton-Apartments	0.06164383561643835	0.0	0	0.2727272727272727	0.0	0.0	0.0	0	0	0	112	0.16735528567099048	0.1836734693877551	6.842557184147939	0.17307692307692307
89	http://www.orangecountygasprices.com/Fullerton/index.aspx	0.14173228346456693	0.0	0.0	0.0	0	0	0	0	0	0	87	0.0	0.20454545454545456	0.0	0.24324324324324326
90	http://fullertonarboretum.org/home.php	0.015901060070671377	0.0	0.47368421052631576	0	0.45	0	0.0	0.23076923076923078	0	0	68	0.365097588978186	0.3	0.0	0.47368421052631576
91	http://fullertonarboretum.org/home.php	0.015901060070671377	0.0	0.47368421052631576	0	0.45	0	0.0	0.23076923076923078	0	0	68	0.365097588978186	0.3	0.0	0.47368421052631576
92	http://www.greatschools.org/california/fullerton/	0.12413793103448276	2.5714285714285716	0.5294117647058824	0.0	0.0	0.0	0	0	0	0.36627906976744184	19	0.0	0.2571428571428571	5.384615384615385	0.23684210526315788
93	http://www.greatschools.org/california/	0.0	0.0	0.0	0.0	0.0	0.0	0	0	0	0.0	30	0.0	0.0	0.0	0.0
94	http://giving.fullerton.edu/	0.03146853146853147	0.0	0	0.0	0.0	0	0	0	0	0	11	0.12704431247144815	0.45	0.34615384615384615	0.0
95	http://www.trulia.com/for_rent/Fullerton,CA/	0.12413793103448276	2.0647966280601393	0.2727272727272727	0.0	0.0	0.0	0.0	0	0	0	9	0.0	0.3	71.53846153846158	0.16363636363636364
96	http://www.rentals.com/California/Fullerton/	0.15126050420168066	0.0	0.1956521739130435	0.6642857142857143	0.7891991255961843	0	10.89473684210526	0	0	0	11	0.30609386056293736	0.3	0.0	0.28125
97	http://www.topix.com/city/fullerton-ca	0.21951219512195122	1.266189290161893	0.6428571428571429	0	0	0.0	0.0	0	0	0	38	1.4358066352252399	0.36	1.6428571428571428	0.45
98	http://www.topix.com/state/ca	0.0	0.0	0.0	0	0	0.0	0.0	0	0	0	28	0.0	0.0	0.0	0.0
99	http://www.topix.com/county/orange-ca	0.0	0.0	0.0	0	0	0.0	0.0	0	0	0	28	0.0	0.0	0.0	0.0
100	http://fullerton.mywconline.com/	0	0.0	0	0	0	0	0	0	0	0	6	0.23684210526315788	0.375	0.0	0.23684210526315788
102	http://www.americantowns.com/ca/fullerton	0.10588235294117647	0.0	0	0.0	0.0	1.3885780885780885	0.0	0	0	0.30927835051546393	28	3.1332474960454806	0.32142857142857145	1.4090909090909092	0.17307692307692307
103	http://www.marriott.com/hotels/travel/laxfl-fullerton-marriott-at-california-state-university/	0.07407407407407407	0.0	0	0.0	0.0	0.0	0	0	0	0.20809248554913296	27	0.12310771367479689	0.11392405063291139	2.2574439611910337	0.24
104	http://www.opentable.com/ca/fullerton-restaurants	0.05027932960893855	0.2727272727272727	0.42857142857142855	0.0	0.561115668580804	0.7098214285714286	0.11842105263157894	0.0	0	0.0	60	0	0.25	4.277661483253588	0.2727272727272727
105	http://www.fullertonelevator.net/	0	0.0	0	0	0	0	0	0	0	0	5	0.34615384615384615	0.42857142857142855	0.17198669403354802	0.34615384615384615
106	http://fullertonlibrary.org/	0	0.0	0.0	0	0.0	0.0	0	0	0	0	39	0.375	0.45	0.0	0.36
107	http://fenderreissue.com/fullerton-era	0	0.0	0.1836734693877551	0.0	0.0	0	0	0	0	0	2	2.3246145059168732	0.3	0	0.12
108	http://www.realtor.com/apartments/Fullerton_CA	0.12413793103448276	0.0	0.16363636363636364	0.6428571428571429	0.0	0.0	0.0	0	0	0	91	0.568931864279394	0.2727272727272727	19.950641025641026	0.1875
109	http://www.realtor.com/apartments/California	0.0	0.0	0.0	0	0.0	0.0	0.0	0	0	0	91	0.0	0.0	0.0	0.0
110	http://olli.fullerton.edu/	0	0.0	0	0.0	0.0	0	0	0	0	0	20	0.23076923076923078	0.5	0.34615384615384615	0.0
111	http://www.chicago-l.org/stations/fullerton.html	0	0	0	0	0	0	0	0	0	0	9	1.4115042986991642	0.2571428571428571	0.09183673469387756	0.23076923076923078
112	http://hhd.fullerton.edu/MSW/	0	0.10112359550561797	0	0	0	0	0	0	0	0	11	0.09136994406196214	0.45	0.0	0.0
113	http://www.eliteprep.com/fullerton/	0.0	0.375	1.0	0.0	0.0	0	0	0	0	0	42	0.0	0.4090909090909091	0.3333333333333333	0.23076923076923078
114	http://hhd.fullerton.edu/MSW/	0	0.10112359550561797	0	0	0	0	0	0	0	0	11	0.09136994406196214	0.45	0.0	0.0
115	http://www.eliteprep.com/fullerton/	0.0	0.375	1.0	0.0	0.0	0	0	0	0	0	42	0.0	0.4090909090909091	0.3333333333333333	0.23076923076923078
116	http://fullertonpd.org/	0	0.0	0	0.0	0	0	0	0	0	0	2	0.6224440196829586	0.6	0.0	0.47368421052631576
117	http://wikitravel.org/en/Fullerton	0.04186046511627907	1.0	1.0	0.0	0.0	0	0	0	0	0.1651376146788991	29	0.1922743170184269	0.36	4.242853286461942	0.2571428571428571
118	https://www.amctheatres.com/movie-theatres/los-angeles/amc-fullerton-20-with-dine-in-theatres	0.11464968152866242	0.0	0	0.0	0.0	0.0	0	0	0	0.04128440366972477	14	0.0	0.11538461538461539	1.4871297922597058	0.21686746987951808
119	https://www.facebook.com/CSUFofficial	0.11688311688311688	4.7737215112566975	0	0	0	0	0	0	0	0	146	0.16848095002474023	0.0	1.9960056390977445	0.1836734693877551
120	http://www.occourts.org/locations/njc.html	0.0	0.0	0	0	0	0	0	0	0	0.0	17	0.0	0.0	0.0	0.0
121	http://www.occourts.org/general-info/	0.0	0.0	0	0	0	0	0	0	0	0.0	16	0.0	0.0	0.0	0.0
122	http://www.metrolinktrains.com/stations/detail/station_id/97.html	0.06666666666666667	0.14516129032258066	0	0.23076923076923078	0	0.0	0	0.0	0	0.13043478260869565	7	0.5294117647058824	0.0	0.0	0.17647058823529413
123	http://nfullerton.com/	0.0	0.0	0.75	0	0.375	0	0	0	0	0	1	0.3002223869532987	0.6428571428571429	0.375	0.391304347826087
124	http://www.greatschools.org/california/fullerton/schools/	0.13043478260869565	5.229029840518841	0.14285714285714285	0	0	0	0	0	0	0	157	0.0	0.21428571428571427	1.0	0.3333333333333333
125	http://www.greatschools.org/california/	0.0	0.0	0.0	0.0	0.0	0.0	0	0	0	0.0	30	0.0	0.0	0.0	0.0
126	http://www.greatschools.org/california/fullerton/	0.12413793103448276	2.5714285714285716	0.5294117647058824	0.0	0.0	0.0	0	0	0	0.36627906976744184	19	0.0	0.2571428571428571	5.384615384615385	0.23684210526315788
127	http://www.greatschools.org/california/fullerton/schools/	0.13043478260869565	5.229029840518841	0.14285714285714285	0	0	0	0	0	0	0	157	0.0	0.21428571428571427	1.0	0.3333333333333333
128	http://www.greatschools.org/california/	0.0	0.0	0.0	0.0	0.0	0.0	0	0	0	0.0	30	0.0	0.0	0.0	0.0
129	http://www.greatschools.org/california/fullerton/	0.12413793103448276	2.5714285714285716	0.5294117647058824	0.0	0.0	0.0	0	0	0	0.36627906976744184	19	0.0	0.2571428571428571	5.384615384615385	0.23684210526315788
130	http://communications.fullerton.edu/	0.0	0.0	0	0.0	0	0	0	0	0	0.0	32	0.028846153846153848	0.32142857142857145	0.0	0.0
131	http://alp.fullerton.edu/apply	0.08411214953271028	0.0	0.0	0.0	0.0	0.23684210526315788	0	0	0	0	9	0.0	0.4090909090909091	0.0	0.0
132	http://www.fullertonbc.com/	0.1592920353982301	0.36	0.19148936170212766	0	0	0	0	0	0	0	4	0.24936294139060794	0.6	2.26	0.24
133	http://www.accuweather.com/en/us/fullerton-ca/92832/weather-forecast/327159	0.10588235294117647	0.0	0.6923076923076923	0.0	0.34615384615384615	0.0	0.0	0	0	0.1323529411764706	185	0.0	0.15517241379310345	0.5294117647058824	0.16666666666666666
134	http://www.accuweather.com/en/us/united-states-weather	0.0	0.0	0.0	0.0	0.0	0.0	0.0	0	0	0.0	160	0.0	0.0	0.0	0.0
136	http://www.evfreefullerton.com/	0.1956521739130435	0.0	0.0	0.0	0	0.0	0	0	0	0	25	0.0	0.47368421052631576	0.06428571428571428	0.5625
137	http://www.city-data.com/city/Fullerton-Nebraska.html	0.25	0.0	0	0	4.492802474245859	0	0	0	0	0	31	1.5690164635358261	0.225	0.47368421052631576	0.047872340425531915
138	http://geology.fullerton.edu/	0	0.0	0	0	0.0	0.0	0	0	0	0	9	0.7763069262284843	0.42857142857142855	0.0	0.14516129032258066
139	http://commfaculty.fullerton.edu/	0	0	0	0	0	0	0	0	0	0	0	0	0.36	0	0.21428571428571427
140	http://commfaculty.fullerton.edu/	0	0	0	0	0	0	0	0	0	0	0	0	0.36	0	0.21428571428571427
141	http://www.evfreefullerton.com/	0.1956521739130435	0.0	0.0	0.0	0	0.0	0	0	0	0	25	0.0	0.47368421052631576	0.06428571428571428	0.5625
142	http://business.fullerton.edu/isds/msit/	0.06818181818181818	0.0	0.0	0.0	0	0	0.0	0	0	0.05084745762711865	35	0.0	0.3	0.0	0.10588235294117647
143	http://www.apartmentguide.com/apartments/California/Fullerton/	0.046632124352331605	0.05187319884726225	0	0.6923076923076923	2.1435469835211114	0.0	0.0	0	0	0	18	0.0	0.19148936170212766	15.160714285714285	0.18
144	http://www.apartmentguide.com/apartments/California/	0.0	0.0	0.0	0.0	0.0	0.0	0.0	0	0	0	17	0.0	0.0	0.0	0.0
145	http://thedayofmusic.com/	0	0.0	0	0.24324324324324326	0.0	0	0	0	0	0	13	0.4090909090909091	0.0	0.0	0.391304347826087
146	http://www.thefreedictionary.com/Fullerton	0.24456521739130435	0.21428571428571427	1.0	0.0	0	0	0	0	0	0.14594594594594595	101	0.0	0.3	15.0	0.3103448275862069
147	https://www.hiusa.org/hostels/california/los-angeles/fullerton	0.05357142857142857	0.6853448275862069	0.47368421052631576	0.0	0.0	0	0	0	0	0.0	69	0.09300854160075925	0.1956521739130435	0.0	0.16071428571428573
148	http://www.summer.fullerton.edu/	0.06976744186046512	0.0	0.0	0.0	0.0	0.0	0.0	0	0	0	13	0.3636026686434396	0.45	0.0	0.16363636363636364
149	http://www.fullertonhigh.org/	0	0.0	0.0	0.3333333333333333	0	0	0	0	0	0	8	0.25426792528620207	0.5294117647058824	0.0	0.1875
150	http://parking.fullerton.edu/	0	0.0	0	0.0	0.0	0	0	0	0	0	17	0.0	0.42857142857142855	0.0	0.0
151	http://www.fullertonhigh.org/	0	0.0	0.0	0.3333333333333333	0	0	0	0	0	0	8	0.25426792528620207	0.5294117647058824	0.0	0.1875
152	http://parking.fullerton.edu/	0	0.0	0	0.0	0.0	0	0	0	0	0	17	0.0	0.42857142857142855	0.0	0.0
153	http://ed.fullerton.edu/edd/	0.0	0.0	0	0.0	0.0	0	0	0	0	0	71	0.057692307692307696	0.47368421052631576	0.2647058823529412	0.039647577092511016
154	http://hhd.fullerton.edu/	0	0.0	0	0	0	0	0	0	0	0	24	0.07988165680473373	0.5294117647058824	0.0	0.0
155	http://www.occourts.org/	0.0	0.0	0	0	0.0	0	0.0	0	0	0.0	17	0.17307692307692307	0.0	0.0	0.0
156	http://communications.fullerton.edu/hcom/	0.0	0.0	0	0.0	0	0	0	0	0	0.0	60	0.0	0.28125	0.0	0.0
157	http://www.apartmenthomeliving.com/fullerton-ca	0.10404624277456648	6.116611901223857	0.0	0.4676113360323887	1.6649870640704556	0.8653732905843095	0	0	0	0	266	0.14429873988320868	0.2571428571428571	0.6353146853146854	0.4
158	http://www.apartmenthomeliving.com/los-angeles-ca	0.0	0.0	0.0	0.0	0.0	0.0	0	0	0	0	288	0.0	0.0	0.0	0.0
159	http://music.fullcoll.edu/	0.0	0.391304347826087	0	0	0	0.0	0	0	0	0	10	0.016042780748663103	0.0	0	0.25
160	http://fullertontool.com/carbide/endmill	0.4090909090909091	0.0	0.0	0.0	0.0	0.5	0	0.3103448275862069	0	0	11	0.04433497536945813	0.2903225806451613	0.0	0.0
161	http://www.fjuhsd.net/	0	0.0	0.0	0.21428571428571427	0	0	0	0	0	0	31	0.20930232558139536	0.0	0.28687073109031114	0.14285714285714285
162	http://fullertontool.com/carbide/endmill	0.4090909090909091	0.0	0.0	0.0	0.0	0.5	0	0.3103448275862069	0	0	11	0.04433497536945813	0.2903225806451613	0.0	0.0
163	http://www.fjuhsd.net/	0	0.0	0.0	0.21428571428571427	0	0	0	0	0	0	31	0.20930232558139536	0.0	0.28687073109031114	0.14285714285714285
164	http://fullertonnd.com/	0.07317073170731707	0.3575	0	0	0	0.0	0	0	0	0	2	0.1956521739130435	0.6	0.0	0.2647058823529412
165	http://www.livability.com/ca/fullerton	0.0625	0.2727272727272727	0.8181818181818182	0.21951219512195122	0.2571428571428571	0	0	0	0	0.31640625	4	0.0	0.36	0.0	0.2647058823529412
166	http://colleges.usnews.rankingsandreviews.com/best-colleges/cal-state-fullerton-1137	0.0625	0.0	0.08411214953271028	0.0	0.0	0.0	0.0	0	0	0.12	153	0.6248841169580825	0.12	0.0	0.17532467532467533
167	http://www.timeanddate.com/worldclock/usa/fullerton	0.1569767441860465	1.0	0	0.0	0.0	0	0	0	0	0.05056179775280899	5	0.0	0.24324324324324326	0.0	0.1875
168	http://www.daysinn.com/hotels/california/fullerton/days-inn-and-suites-fullerton/hotel-overview	0	0.08297829849553988	0.5294117647058824	0.5294117647058824	0.34615384615384615	0.0	0.0	0	0	0	54	0.0	0.22784810126582278	2.0919117647058822	0.391304347826087
169	http://www.estately.com/CA/Fullerton	0.05555555555555555	0.0	0.6	0	0.0	0	0.0	0	0	0	514	0.0	0.391304347826087	0.8181818181818182	0.34615384615384615
170	http://www.estately.com/real-estate/CA	0.0	1.0	0.0	0.0	0.0	0	0	0	0	0	1186	0.0	0.0	0.0	0.0
171	http://nsm.fullerton.edu/	0	0.0	0	0	0	0.0	0	0	0	0	68	0.0	0.5294117647058824	0.0	0.0
172	http://www.booking.com/hotel/sg/the-fullerton-singapore.html	0.07317073170731707	0.6520094428900592	0.0	0.36397058823529416	0.4488063660477454	0.0	0.0	0	0	0.1125	100	0.6485975183768699	0.1956521739130435	0.6050740564264881	0.17307692307692307
173	http://sfs.fullerton.edu/	0	0.0	0.0	0.0	0.0	0	0	0	0	0	19	0.1102072946733141	0.5294117647058824	0.0	0.0
174	http://fullerton.ops.org/	0	0.0	0.0	0.0	0	0	0.0	0	0	0	37	0.0	0.5294117647058824	1.2552944862155389	0.3
175	http://www.scout.com/college/cal-state-fullerton	0.1	0.0	0	0	0.0	0.0	0	0	0	0	161	0	0.2571428571428571	0.049723756906077346	0.18
176	https://www.yelp.com/biz/the-hotel-fullerton-anaheim-fullerton-2	0.03643724696356275	0.0	0.1836734693877551	0.0	0.48135785625761573	0.0	0	0	0	0.0	153	0.6498706144880335	0.36	1.6666666666666665	0.33343624575486264
177	https://www.yelp.com/c/fullerton-ca-us/eventservices	0.036290322580645164	0.0	0.4090909090909091	0.0	0.0	0	0	0	0	0.0	96	0.0	0.24324324324324326	0.0	0.3103448275862069
178	https://www.yelp.com/c/fullerton-ca-us/hotels	0.21774193548387097	0.0	0.375	0.0	1.605169340463458	0	0	0	0	0.0	90	0.0	0.3	3.5202180872348943	0.34615384615384615
179	http://parking.fullerton.edu/parking/	0	0.0	0.0	0.0	0.0	0	0	0	0	0	58	0.0	0.32142857142857145	0.0	0.0
180	http://onlineadvantage.fullerton.edu/	0.05660377358490566	0.0	0.0	0.0	0	0	0	0	0	0.08450704225352113	1	0.0	0.3103448275862069	0.0	0.16981132075471697
181	http://colleges.usnews.rankingsandreviews.com/best-colleges/cal-state-fullerton-1137	0.0625	0.0	0.08411214953271028	0.0	0.0	0.0	0.0	0	0	0.12	153	0.6248841169580825	0.12	0.0	0.17532467532467533
182	http://geography.fullerton.edu/	0	0.0	0	0.0	0.0	0	0	0	0	0	17	0.10465116279069768	0.391304347826087	0.0	0.0
183	http://www.fullertonbicycle.com/	0	0.20454545454545456	0.0	0	0	0	0	0	0	0	15	0.0	0.45	0	0.22784810126582278
185	http://www.uufullerton.org/	0.03557312252964427	0.0	0	0	0.0	0.0	0	0	0	0	9	0.0	0.6	0.0	0.0
186	http://fullertonphoto.com/site/	0.0782608695652174	0.36	0	0	0	0	0	0	0	0.0	14	0.0	0.4090909090909091	0.0	0.10843373493975904
187	http://transfer.fullcoll.edu/	0	0.0	0.0	0.0	0.0	0.0	0	0	0	0	78	0.652699435938759	0.0	0.0	1.0
188	http://fullertons.com/	0.03180212014134275	0.0	0	0	0.0	0.375	0	0.0	0	0.0	2	0.05243902439024391	0.6428571428571429	0.45	0.20454545454545456
189	http://www.fullertonwines.com/	0	0.1501230516817063	0	0.0	0.32142857142857145	0	0	0	0	0.33962264150943394	6	0.0	0.5	0.42857142857142855	0.15254237288135594
190	https://src-webservices.fullerton.edu/	0	0.0	0.0	0.0	0	0	0	0	0	0	8	0.0	0.3103448275862069	0.0	0.0
192	http://www.losangelesharleydavidsonofanaheim.com/	0.15517241379310345	0.0	0	0.0	0.0	0.0	0	0	0	0.13636363636363635	11	0.0	0.0	3.0	0.11392405063291139
193	http://gritsfullerton.com/	0.17307692307692307	0.0	0.08571428571428572	0.17307692307692307	0	0.0	0	0	0	0	3	1.1464335258394858	0.5	0.0	0.2571428571428571
194	http://careercenter.fullcoll.edu/	0	0.0	0.0	0	0	0.0	0	0	0	0	57	0.5294117647058824	0.0	0.0	0.21951219512195122
195	http://www.fullertongc.com/	0.07758620689655173	0.0	0	0.7370192307692307	0	0	0	0	0	0	36	0.023017902813299233	0.6	0.07894736842105263	0.17647058823529413
196	https://www.dmv.com/ca/california/dmv-office/fullerton	0.13432835820895522	0.2903981264637002	0.21428571428571427	0.0	0.3103448275862069	0.0	0.8925824175824176	0	0	0.2903225806451613	17	0.10363782950029743	0.23684210526315788	0.45	0.24324324324324326
197	http://financialaid.fullcoll.edu/	0.21428571428571427	0.0	0	0.0	0	0	0	0	0	0	25	0.0	0.0	0	0.2727272727272727
198	http://www.opentable.com/the-cellar-fullerton-ca	0.10909090909090909	0.0	0.36	0	0.7550284629981026	0.0	0.0	0.0	0	0	57	0.015570934256055362	0.25	1.0	0.28125
199	http://www.fullertonpt.com/	0	0.0	0.0	0.0	0	0	0	0	0	0	1	0.46766169154228854	0.6	0.34615384615384615	0.3333333333333333
200	http://www.fjuhsd.org/	0	0.0	0.0	0.21428571428571427	0	0	0	0	0	0	24	0.20930232558139536	0.0	0.28687073109031114	0.14285714285714285
201	http://www.stjoefullerton.org/	0.09473684210526316	0.23684210526315788	0	0.1875	0.0	0	0	0	0	0.06766917293233082	28	0.013975155279503106	0.5	0.060810810810810814	0.20930232558139536
202	http://fullertonnational.com/	0	0	0	0	0	0	0	0	0	0	0	0.0	0.42857142857142855	0	0.42857142857142855
203	https://blackboard.nocccd.edu/	0	0.0	0.0	0.0	0.0	0	0	0	0	0.0	2	0.0	0.0	0.0	0.0
204	http://opac.fullerton.edu/	0	0.0	0	0	0.0	0	0	0	0	0	19	0.0	0.5	0.0	0.0
205	http://www.loopnet.com/California/Fullerton-Commercial-Real-Estate/	0.14814814814814814	0.0	0.28125	0.28125	1.365775355961941	0.20224719101123595	0	0	0	0.2988929889298893	103	0.0	0.16981132075471697	0.0	0.225
206	https://www.yelp.com/biz/amc-fullerton-20-with-dine-in-theatres-fullerton	0.036290322580645164	0.7932692307692308	0.15	0.0	0.3333333333333333	0.0	0	0	0	0.0	114	0.5058712135732537	0.3050847457627119	1.236842105263158	0.291497975708502
207	https://www.yelp.com/c/fullerton-ca-us/arts	0.07407407407407407	0.0	0.3333333333333333	0.0	0.47368421052631576	0	0	0	0	0.0	96	0.09574468085106383	0.32142857142857145	0.9473684210526315	0.2647058823529412
208	https://www.yelp.com/c/fullerton-ca-us/movietheaters	0.14814814814814814	0.0	0.375	0.0	0.9868421052631579	0	0	0	0	0.0	94	0.0	0.24324324324324326	1.930827067669173	0.34615384615384615
209	http://www.movietickets.com/theater/hid/3828/n/AMC-Fullerton-20-with-Dine-in-Theatres	0	0	0	0	0	0	0	0	0	0	0	0	0.13043478260869565	0	0
210	http://ed.fullerton.edu/future-students/credential-programs/	0	0.0	0.0	0.0	0.0	0.0	0	0	0	0	136	0.02459016393442623	0.18	0.2647058823529412	0.0
211	http://ed.fullerton.edu/future-students/	0	0.0	0.0	0.0	0.0	0.375	0	0	0	0	129	0.0	0.2903225806451613	0.2647058823529412	0.0
213	http://www.nocchamber.com/	0	0.0	0	0	0	0.0	0	0	0	0	28	0	0.0	0.47368421052631576	0.0
214	http://www.ebay.com/sch/i.html?_nkw=fullerton	0.23376623376623376	0.0	0.0	0.0	0.0	0	0	0	0	0.4639175257731959	254	0.0	0.28125	0.9	0.5
215	http://hss.fullerton.edu/paj/	0.0	0.0	0.0	0.0	0.0	0	0	0	0	0.0	70	0.0	0.45	0.0	0.0
216	http://www.corept.net/locations/fullerton/	0	0.0	1.0	0.0	0	1.050561797752809	0	0	0	0	48	2.1188961414525322	0.32142857142857145	0.0	1.2094861660079053
217	http://hss.fullerton.edu/sociology/	0.0	0.0	0.0	0.34615384615384615	0.0	0	0	0	0	0.0	42	0.016304347826086956	0.34615384615384615	0.0	0.0
218	http://cmrr.ucsd.edu/people/Fullerton/	0.0	0.5294117647058824	0.5294117647058824	0.0	0	0	0	0	0	0	401	1.7847325680568906	0.32142857142857145	0.8497179629322135	0.0
219	http://coeapps.fullerton.edu/edscassess/	0	0.0	0	0.0	0.0	0	0	0	0	0	1	0	0.2903225806451613	0	0.0
220	http://hhmi.fullerton.edu/	0	0.0	0	0	0	0	0	0	0	0	3	0.0	0.5	0.0	0.0782608695652174
221	http://www.facebook.com/CityofFullerton	0.18493150684931506	2.5450570338565344	0	0	0	0	0	0	0	0	116	0.6670036649368579	0.3333333333333333	1.9191237541528239	0.20930232558139536
222	http://www.fullertoninn.com/	0	0.34615384615384615	0.0	0	0.0	0.0	0	0	0	0	6	0.13476190476190475	0.5625	0.0	0.15789473684210525
223	http://news.fullcoll.edu/	0	0.0	0	0	0	0.907563025210084	0	0	0	0	66	1.1218826822910422	0.0	0.0	0.5806451612903226
224	http://www.slidebarfullerton.com/	0	0.0	0.0	0	0	0	0	0	0	0	4	0	0.42857142857142855	0.0	0.14285714285714285
225	http://titancom.fullerton.edu/	0	0.0	0.0	0.0	0.0	0	0	0	0	0	28	0.029801324503311258	0.4090909090909091	0.0	0.0
226	http://www.ancestry.com/name-origin?surname=fullerton	0	0.0	0.375	0.0	0.0	0.9187874625374625	0.0	0	0	0	56	0.20992149513429115	0.21951219512195122	0.0	0.6108165429480382
227	http://www.fullertoninhomecare.com/	0.06206896551724138	0.0	0	0	0.225	0	0	0	0	0.0	48	0.0	0.391304347826087	0.0	0.2903225806451613
228	http://www.apartments.com/city-pointe-fullerton-ca/mthlzdj/	0.061224489795918366	0.0	0.0	0.0	0.2727272727272727	0.0	0.0	0	0	0.0	152	0.1549904698554045	0.2	1.015929203539823	0.17307692307692307
229	http://www.stjoeschool.org/	0.32142857142857145	0.23684210526315788	0	0	0.0	0	0	0	0	0	12	0.0	0.0	0.0	0.20454545454545456
230	http://online.fullcoll.edu/	0	0.0	0.0	0.0	0	0.0	0	0	0	0	58	0.573966220151427	0.0	0.0	0.42857142857142855
231	http://www.dickblick.com/stores/california/fullerton/	0	0.0	0.0	0.15254237288135594	0	0	0.0	0	0	0	132	0.0	0.23684210526315788	0.0	0.18
232	http://www.fbtfullerton.com/	0	0.0	0	0	0	0	0	0	0	0	0	0.0	0.5625	0	0
233	http://m.fullerton.edu/	0	0.0	0.0	0	0	0	0	0	0	0	24	0	0.6	0	0.45
234	https://apps.fullerton.edu/Destino_Fullerton	0	0	0	0	0	0	0	0	0	0	0	0	0.5142857142857142	0	0
235	http://www.fullertonhealth.com/	0.04838709677419355	0.12857142857142856	0	0	0.0	0	0	0	0	0.03994082840236687	3	0.0	0.47368421052631576	0.0	0.08653846153846154
236	http://chemistry.fullerton.edu/	0	0.0	0	0	0	0.0	0	0	0	0	38	0.03345724907063197	0.391304347826087	0.0	0.0
237	http://chemistry.fullerton.edu/	0	0.0	0	0	0	0.0	0	0	0	0	38	0.03345724907063197	0.391304347826087	0.0	0.0
238	http://libraryguides.fullerton.edu/	0	0.0	0.0	0.0	0	0	0	0	0	0	12	0	0.3333333333333333	0.0	0.125
239	http://fullertonrangers.com/	0	0.0	0	0	0	0	0	0	0	0	0	0	0.45	0	0.2571428571428571
240	http://fullertondancesport.com/	0.05732484076433121	0.0	0	0	0	0	0	0	0	0.05309734513274336	4	0	0.391304347826087	0.3268421052631579	0.47368421052631576
241	http://fullertonspac.com/Home.html	0	0.0	0	0	0	0	0	0	0	0	0	0.04411764705882353	0.34615384615384615	0.0	0.0
242	http://www.chick-fil-a.com/fullerton	0	0.0	0	0	0.6923076923076923	0	0	0	0	0	16	0.0	0.375	0.0	0.3829787234042553
243	http://www.fullertonpublicschools.org/	0	0.0	0.0	0	0.0	0.0	0	0	0	0	13	0.0	0.34615384615384615	1.6392857142857145	0.375
244	http://anthro.fullerton.edu/	0.0	0.0	0	0.0	0.0	0	0	0	0	0.0	15	0.0	0.45	0.0	0.0
245	http://training.fullerton.edu/	0	0.0	0.0	0.0	0.0	0	0.0	0	0	0	40	0.0	0.4090909090909091	0.0	0.0
246	http://methods.fullerton.edu/	0.0	0	0	0	0	0	0	0	0	0.0	0	0	0.42857142857142855	0	0.0
247	http://www.fullertonpublicschools.org/	0	0.0	0.0	0	0.0	0.0	0	0	0	0	13	0.0	0.34615384615384615	1.6392857142857145	0.375
248	http://striv.tv/channel/fullerton/	0.09278350515463918	0.0	0	0.0	0.0	0.0	0.0	0.0	0	0	46	0.0967741935483871	0.375	0.0	0.27692307692307694
249	http://senate.fullerton.edu/	0	0.0	0.0	0.0	0.0	0	0	0.6118421052631579	0	0	29	0.0	0.45	0.0	0.0
250	http://fdc.fullerton.edu/	0	0.0	0	0.0	0.0	0	0	0	0	0	19	0.07843174482627682	0.5294117647058824	0.0	0.0
251	http://fullertones.bcps.org/	0	0.0	0	0.0	0	0	0	0	0	0	172	0.0	0.45	1.1190652277343611	0.28125
252	http://www.mygateway.nocccd.edu/cp/home/loginf	0	0	0	0	0	0	0	0	0	0	0	0	0.0	0	0.10227272727272728
253	http://www.luxsalon.com/	0.0297029702970297	0.0	0	0.0	0	0	0	0	0	0.04186046511627907	10	0.0	0.0	0.0	0.225
254	http://english.fullerton.edu/	0.0	0.0	0.0	0.0	0	0	0	0	0	0.0	21	0.26970140811778215	0.42857142857142855	0.0	0.0
255	http://www.fullertonengineering.com/	0.07377049180327869	0.0	0.0	0	0	0.0	0	0.34615384615384615	0	0	2	0.22284187666917588	0.375	0	0.10714285714285714
256	http://fullertonheritage.org/	0	0	0	0	0	0	0	0	0	0.20930232558139536	2	0	0.42857142857142855	0	0.375
257	http://www.fullertonelectric.net/	0.059602649006622516	0.5273717314076058	0.0	0.0	0.0	0.0	0	0	0	0	13	0.20414475719146302	0.42857142857142855	1.5	0.1956521739130435
258	http://www.laserquest.com/public/locations/CA-Fullerton.cfm	0.045454545454545456	0.0	0	0.28125	0.0	0	0	0	0	0.14210526315789473	12	0.19090432960893855	0.2	0.0	0.216
260	http://www.summithouse.com/	0.0891089108910891	0.0	0	0	0	0	0	0	0	0	7	0	0.0	0	0.1956521739130435
261	http://admissions.fullcoll.edu/Home/office_location.html	0.14516129032258066	0.5294117647058824	0.0	0	0.0	0	0	0	0	0.20454545454545456	22	0.47368421052631576	0.0	0	0.2903225806451613
262	http://www.morningsideoffullerton.com/	0.0	0.0	0.0	0.0	0.0	0.0	0	0	0	0.07627118644067797	5	0.0	0.34615384615384615	1.575	0.140625
263	http://www.fullertontbc.com/	0	0.0	0	0	0	0	0	0	0	0	0	0	0.5625	1.2214285714285715	0.9
264	http://www.homefinder.com/CA/Fullerton/	0.06040268456375839	8.571428571428573	0.3	0.0	0	0.0	0.0	0.6923076923076923	0	0.3435114503816794	86	0.0	0.36	0.0	0.3
265	http://distance-ed.fullerton.edu/	0	0.0	0	0	0	0	0	0	0	0	2	0.10714285714285714	0.36	0	0.13043478260869565
266	http://dsp.fullcoll.edu/	0.1956521739130435	0.0	0	0.2	0	0	0	0	0	0	28	0.32235962566844917	0.0	0	0.2
269	http://www.fullertonobserver.com/	0.47368421052631576	0	0	0	0	0	0	0	0	0.25	0	0	0.42857142857142855	0	0.5
270	http://math.fullcoll.edu/	0	0.0	0.0	0.3	0	0	0	0	0	0	13	0.25726409269122835	0.0	0	0.0
271	http://counseling.fullcoll.edu/	0	0.0	0.0	0	0	0.0	0	0	0	0	67	0.6708282750248317	0.0	0.0	0.9910714285714286
272	http://www.calfac.org/csu-fullerton	0	0.0	0.6923076923076923	0.0	0	0	0	0	0	0	12	0.2517482517482518	0.391304347826087	2.9544911610129	0.1956521739130435
273	http://local.fedex.com/ca/fullerton/office-0301/	0.06	0.0	0.16363636363636364	0.0	0.0	0	0	0	0	0	120	0.2	0.24324324324324326	3.0692724458204337	0.12857142857142856
274	http://www.restaurantsinfullerton.com/	0.09310344827586207	0.0	0.0	0.0	0	0	0.0	0	0	0.056962025316455694	21	0	0.34615384615384615	1.3213759213759213	0.20454545454545456
276	http://www.ncaa.com/schools/cal-st-fullerton	0.15	0.0	0.47368421052631576	0.0	0.0	0.0	0	0	0	0	93	0.0	0.2903225806451613	1.7105263157894737	0.32142857142857145
278	http://www.ncaa.com/schools/cal-st-fullerton	0.15	0.0	0.47368421052631576	0.0	0.0	0.0	0	0	0	0	93	0.0	0.2903225806451613	1.7105263157894737	0.32142857142857145
280	http://president.fullerton.edu/	0.0	0.0	0	0.0	0	0	0	0	0	0.0	14	0.01361573373676248	0.391304347826087	0.0	0.0
281	http://intersession.fullerton.edu/	0.06206896551724138	0.0	0.0	0.0	0.0	0	0	0	0	0.19148936170212766	17	0.0	0.34615384615384615	0.0	0.2571428571428571
282	http://www.mynewplace.com/apartments-for-rent/fullerton-ca	0.11180124223602485	1.8868905894530923	0.0	0.47368421052631576	0.0	0.0	0	0	0	0	16	0.3009741602523939	0.2	0.6642857142857144	0.2857142857142857
283	http://www.fullertonappliancecenter.com/	0.0	0.0	0.2903225806451613	0	0.0	0	0	0	0	0	13	0.0	0.32142857142857145	0.0	0.0
284	http://www.loscoyotescc.com/	0.0	0.0	0.0	0	0.0	0	0	0	0	0	5	0.0	0.0	0.0	0.14754098360655737
285	http://www.assistedliving.com/california/fullerton/	0.06206896551724138	0.6114705228654366	0.28125	1.5031328905870356	0.0	0.0	0	0	0	0	12	0.349811320754717	0.24324324324324326	11.692307692307693	0.32142857142857145
286	http://www.assistedliving.com/california/	0.0	0.0	0.0	0.0	0	0.0	0	0.0	0	0	19	0.0	0.0	0.0	0.0
287	http://thefullertoninformer.com/	0	0.008915304606240713	0.4423891897576108	0.04054054054054054	0	0.0	0	0	0	0	30	6.209235707067687	0.375	4.2	0.4090909090909091
288	http://local.fedex.com/ca/fullerton/office-0301/	0.06	0.0	0.16363636363636364	0.0	0.0	0	0	0	0	0	120	0.2	0.24324324324324326	3.0692724458204337	0.12857142857142856
289	http://vpadmin.fullerton.edu/	0	0.0	0.0	0.0	0.0	0	0	0	0	0	12	0.0	0.42857142857142855	0.0	0.0
290	http://philosophy.fullerton.edu/	0.0	0.0	0.20454545454545456	0.0	0.0	0	0	0	0	0.0	15	0.07627118644067797	0.375	0.0	0.0
291	http://www.fullertonfhny.com/	0	0.0	0	0.0	0	0	0	0	0	0	4	0.0	0.5294117647058824	0.0	0.2727272727272727
292	http://riskmanagement.fullerton.edu/	0	0.0	0	0.0	0.0	0	0	0	0	0	55	0.0	0.32142857142857145	0.0	0.0
293	http://www.fullertonhi.com/	0	0.0	0.14754098360655737	0	0.3333333333333333	0.36	0	0	0	0	3	0.02694610778443114	0.6	0	0.25
294	http://fullertoninsurance.com/	0	0.0	0.0	0.3333333333333333	0.0	0.0	0	0	0	0	13	0.11625317274672772	0.4090909090909091	0.0	0.32142857142857145
295	http://fullertoncommunitycenter.com/	0	0.0	0	0.21428571428571427	0.0	0.2	0	0	0	0	5	0.10529046511238682	0.32142857142857145	0	0.3333333333333333
296	http://www.fclo.com/	0.0	0.0	0	0.0	0.0	0	0	0	0	0.004497751124437781	11	0.0	0.0	0.0	0.0
297	http://collegeapps.about.com/od/collegeprofiles/p/cal-state-fullerton.htm	0	0.0	0.3	0	0.840363712374582	0	0.0	0	0	0	146	0.1971844117098639	0.14516129032258066	0.21951219512195122	0.16363636363636364
298	http://collegeapps.about.com/od/collegeprofiles/	0	0.0	0.0	0	0.0	0.0	0.0	0	0	0	2430	0.0	0.0	0.0	0.0
299	http://theatrefestival.fullcoll.edu/	0	0.0	0.0	0.0	0.20930232558139536	0.0	0	0	0	0	2	0.0	0.0	0.0	0.14285714285714285
300	http://www.fullertoncollegescholarships.com/	0	0.32074468085106383	0.0	0	0	0	0	0	0	0	19	0	0.28125	0.030560271646859084	0.2903225806451613
301	http://www.fullertonartwalk.com/	0	0.06766917293233082	0	0	0.0	0	0	0	0	0	8	0.4708545870469986	0.45	0.18045112781954886	0.3333333333333333
302	http://www.sunriseseniorliving.com/communities/sunrise-of-fullerton/overview.aspx	0	0.0	0.0	0.3333333333333333	0.0	0.0	0.0	0	0	0	12	0.0	0.13432835820895522	1.7016491754122938	0.20454545454545456
303	http://fullerton.oggis.com/	0.05844155844155844	0.7619047619047619	0	0.8181818181818182	0.0	0.0	0	0	0	0	51	0.11057833122469254	0.47368421052631576	0.0	0.15
304	https://www.nts.com/locations/fullerton	0.10465116279069768	0.0	0.28125	0.0	0.0	0	0	0	0	0.07142857142857142	15	0.16817629039799684	0.36	1.0	0.2571428571428571
305	http://collegeapps.about.com/od/GPA-SAT-ACT-Graphs/ss/csuf-cal-state-fullerton-admission-gpa-sat-act.htm	0	0.0	0.0	0.0	0	0	0.0	0	0	0	145	0.06666666666666667	0.0967741935483871	0.0	0.17307692307692307
306	http://collegeapps.about.com/od/GPA-SAT-ACT-Graphs/	0	0.0	0.0	0	0.0	0.0	0.0	0	0	0	1170	0.0	0.0	0.0	0.0
307	http://ffumc.net/	0	0.23684210526315788	0.0	0.0	0	0	0.0	0	0	0	7	0.0	0.0	0.0	0.28125
308	http://www.yellowpages.com/fullerton-ca	0.13333333333333333	2.3282608695652174	0.42857142857142855	0.0	0.2903225806451613	0.36	0	0	0	0	16	0.0	0.3333333333333333	1.0236742424242424	0.4090909090909091
309	http://techneng.fullcoll.edu/welding.html	0	0.0	0.0	0.0	0	0	0	0	0	0	18	0.14636202098205284	0.0	0	0.2903225806451613
310	http://www.usnews.com/education/best-high-schools/california/districts/fullerton-joint-union-high/troy-high-school-2247	0.0703125	0.0	0.0	0.0	0.0	0.0	0	0	0	0.140625	95	0.7307169831495353	0.08823529411764706	0.0	0.14754098360655737
311	http://www.christiansciencefullerton.org/	0.060810810810810814	0.0	0.0	0	0	0.0	0	0	0	0.24489795918367346	12	0.0	0.3103448275862069	0.07258064516129033	0.1836734693877551
312	http://www.cityfeet.com/cont/ca/fullerton-commercial-real-estate	0.08737864077669903	3.9130434782608696	0.35930232558139535	0.25	0.0	0	0.15254237288135594	0	0	0.25	3	0.15517241379310345	0.18	0.0	0.25
313	http://www.town-court.com/CA/orange-county/fullerton-superior-court	0.23478260869565218	0.021176470588235293	0.375	0	0	0	0	0	0	0.20300751879699247	3	0.0	0.16981132075471697	0.7168831168831169	0.32142857142857145
314	http://zipcode.org/city/CA/FULLERTON	0.15789473684210525	0.34615384615384615	0.2903225806451613	0.7538082022818378	0	0	0	0	0	0.4326923076923077	0	0	0.34615384615384615	0	0.16666666666666666
315	http://zipcode.org/state/california	0.0	0.0	0.0	0.0	0	0	0	0	0	0.0	2	0.0	0.0	0	0.0
316	http://theatre.fullcoll.edu/	0.03308823529411765	0.391304347826087	0.0	0	0	0.0	0	0	0	0	10	0.16293706293706295	0.0	0	0.20930232558139536
317	http://pattys-cakes.com/	0.0	0.0	0.24324324324324326	0.0	0	0.0	0	0	0	0	4	0.09574468085106383	0.0	0.0	0.11538461538461539
318	http://psych.fullerton.edu/	0	0	0	0	0	0	0	0	0	0	1	0.0	0.47368421052631576	0	0.0
319	http://fullertonhighalumni.com/	0.10344827586206896	0.0	0	0	0	0	0	0	0	0.16822429906542055	19	0	0.391304347826087	0.14285714285714285	0.43902439024390244
320	http://www.cityfeet.com/cont/ca/fullerton-industrial-space	0.09045226130653267	3.9130434782608696	0.40990990990990994	0.3	0.0	0	0.16981132075471697	0	0	0.3	4	0.0	0.20454545454545456	0.0	0.3
321	https://physics.fullerton.edu/gwpac/	0	0.0	0	0	0.0	0.0	0	0	0	0	30	0.4038178038178038	0.34615384615384615	0.0	0.08823529411764706
322	http://www.fullertonstories.com/	0.09574468085106383	0.0	0.8999999999999999	0	0	0	0.0	0	0	0.05732484076433121	9	0.12298531569165261	0.45	0.5294117647058824	0.5294117647058824
323	http://www.fullertonfhny.com/obituaries/	0	0.0	0	0.0	0	0	0	0	0	0	6	0.0	0.3333333333333333	0.0	0.25
324	http://www.foxfullerton.org/welcome-to-our-new-website/	0	0.0	0.0	0	0	0	0	0	0	0	14	0.14110512129380054	0.21428571428571427	0	0.4186046511627907
325	http://www.breakingnews.com/topic/fullerton-ca-us/	0.06818181818181818	1.568432496619028	0	0.0	0.0	0.0	0	0	0	0.09183673469387756	36	0.0678391959798995	0.25	0.0	0.16981132075471697
326	http://fullertoncameras.com/	0.23076923076923078	0.0	0.0	0	0.32142857142857145	0	0	0	0	0	2	0.375	0.45	0	0.375
327	http://fullertoncares.com/	0	0.3703574449007041	0.0	0	0.0	0.0	0	0	0	0	17	0.5309481590801458	0.5	0.0	0.16071428571428573
329	http://fullertonsandsports.com/	0.12857142857142856	0.0	0	0	0	0	0	0	0	0.02553191489361702	2	0	0.391304347826087	0	0.15789473684210525
330	http://mathfaculty.fullerton.edu/mori/	0	0.0	0	0	0	0	0	0	0	0	11	0.0	0.3103448275862069	0.9736842105263157	0.0
331	http://www.taccityairsoft.com/	0	0.0	0	0.0	0	0	0	0	0	0	12	0.12857142857142856	0.0	0.0	0.0
332	http://www.taccityairsoft.com/	0	0.0	0	0.0	0	0	0	0	0	0	12	0.12857142857142856	0.0	0.0	0.0
333	http://www.bodycentrefullerton.com/	0.10344827586206896	0.0	0	0.42857142857142855	0.13846153846153847	0.0	0.0	0	0	0	20	0.06164383561643835	0.391304347826087	1.45	0.45
334	http://coph.fullerton.edu/	0.0	0.0	0	0.0	0	0	0	0	0	0.0	47	0.03103448275862069	0.5	0.0	0.0
335	http://fullertonlibrary.org/research-tools/online-catalogs/	0	0.0	0	0.0	0.0	0.0	0	0	0	0	77	0	0.1836734693877551	0.0	0.34615384615384615
336	http://elementsmassage.com/fullerton/	0.05084745762711865	0.0	0.34615384615384615	0.0	0.0	0	0	0	0	0.1859504132231405	79	0.0	0.32142857142857145	2.0	0.1875
337	http://www.teamunify.com/Home.jsp?team=fast	0	0.0	0	0	0	0	0	0	0	0.035856573705179286	36	0	0.0	0.3	0.2727272727272727
338	http://commfaculty.fullerton.edu/rgass/fallacy3211.htm	0	0	0	0	0	0	0	0	0	0	0	0.0	0.2	0	0.0
339	http://www.yellowpages.com/fullerton-ca/dentists	0.11392405063291139	0.0	1.0	0.0	0.0	0.0	0.0	0	0	0	105	1.9002891747751312	0.2571428571428571	24.783333333333324	0.19148936170212766
340	http://www.kindercare.com/our-centers/fullerton/ca/301771	0.05232558139534884	0.0	0.34615384615384615	0.0	0.0	0.0	0	0	0	0.17197452229299362	15	0.05311933528192407	0.21428571428571427	6.384615384615384	0.2857142857142857
341	http://www.yellowpages.com/fullerton-ca/dentists	0.11392405063291139	0.0	1.0	0.0	0.0	0.0	0.0	0	0	0	108	1.9002891747751312	0.2571428571428571	24.783333333333324	0.19148936170212766
342	http://www.kindercare.com/our-centers/fullerton/ca/301771	0.05232558139534884	0.0	0.34615384615384615	0.0	0.0	0.0	0	0	0	0.17197452229299362	15	0.05311933528192407	0.21428571428571427	6.384615384615384	0.2857142857142857
343	http://www.religiousscifullerton.org/	0.11688311688311688	0.0	0.03765690376569038	0.0	0	0.0	0	0	0	0.0	17	0.7294511038089508	0.36	0.0	0.1875
344	http://health.fullcoll.edu/	0	0.041379310344827586	0.0	0	0	0.0	0	0	0	0	53	0.5294117647058824	0.0	0.0	0.0
345	http://www.budgetblinds.com/Fullerton/	0.05357142857142857	0.08823529411764706	0.0	0.21428571428571427	0.0	0.0	0	0	0	0.3333333333333333	22	0.21696969696969698	0.36	2.9596589650845204	0.6923076923076923
346	http://www.budgetblinds.com/Fullerton	0.05357142857142857	0.08823529411764706	0.0	0.21428571428571427	0.0	0.0	0	0	0	0.3333333333333333	22	0.21696969696969698	0.36	2.9596589650845204	0.6923076923076923
347	http://www.thefullertonheritage.com/	0.0410958904109589	1.848238213399504	0	0	0	0	0	0	0	0	2	0.34615384615384615	0.375	0.0	0.4090909090909091
348	http://cosmetology.fullcoll.edu/	0	0.0	0.0	0	0	0.0	0	0	0	0	54	0.5836286321757619	0.0	0.0	0.2903225806451613
349	http://www.cellardining.com/	0.0	0.0	0	0	0	0	0	0	0	0.1875	2	0.2767857142857143	0.0	0	0.18
350	http://www.fullertonbuildingsystems.com/	0.0	0.0	0.34615384615384615	0	0	0	0	0	0	0	0	0.08333333333333333	0.32142857142857145	0.0	0.15517241379310345
351	https://fullertonrag.com/	0.1125	0.1125	0	0.0	0.0	0	0	0	0	0	14	0.45365519427250356	0.5625	0.0	0.11042944785276074
353	http://www.golflink.com/golf-stores/city.aspx?dest=Fullerton+CA	0.055900621118012424	0.0	0.2727272727272727	0.3	0.0	0	0	0	0	0.25471698113207547	36	0.04044943820224719	0.18	0.0	0.23684210526315788
354	http://www.golflink.com/golf-stores/state.aspx?state=CA	0.0	0.0	0.0	0.0	0.0	0	0	0	0	0.0	36	0.0	0.0	0.0	0.0
355	http://www.golflink.com/golf-stores/city.aspx	0.0	0.0	0.0	0	0.0	0	0	0	0	0.0	36	0.0	0.0	0.0	0.0
356	http://www.topix.com/crime/fullerton-ca	0.10714285714285714	1.0	0.6	0	0.0	0.6923076923076923	0	0	0	0	31	1.1081548477625025	0.34615384615384615	1.6	0.5294117647058824
357	http://www.topix.com/state/ca	0.0	0.0	0.0	0	0	0.0	0.0	0	0	0	28	0.0	0.0	0.0	0.0
358	http://www.topix.com/county/orange-ca	0.0	0.0	0.0	0	0	0.0	0.0	0	0	0	28	0.0	0.0	0.0	0.0
359	http://www.topix.com/city/fullerton-ca	0.21951219512195122	1.266189290161893	0.6428571428571429	0	0	0.0	0.0	0	0	0	38	1.4358066352252399	0.36	1.6428571428571428	0.45
360	http://fullertonanimal.com/	0.0	0.0	0.1836734693877551	0.0	0	0	0	0	0	0	13	0.2980812765051385	0.47368421052631576	0.36	0.16666666666666666
361	http://californiacommunitycolleges.cccco.edu/collegeDetails.aspx?collegeID=862&txt=Fullerton%20College	0	0.0	0	0.0	0	0	0	0	0	0	152	0.12305868405453468	0.09574468085106383	1.101123595505618	0.0
362	http://foundation.fullerton.edu/	0.0	0.0	0	0	0.0	0	0	0	0	0.0	8	0.10695187165775401	0.375	0.0	0.0
363	http://talk.collegeconfidential.com/california-state-university-fullerton/	0	0.07964601769911504	0.23076923076923078	0.0	0.0	0.0	0	0	0	0	151	0.0	0.13846153846153847	0.23076923076923078	0.14516129032258066
364	http://talk.collegeconfidential.com/c/	0	0.0	0.0	0.0	0.0	0.0	0	0	0	0	56	0.0	0.0	0.0	0.0
365	http://www.fullertonlbr.com/	0	0	0	0	0	0	0	0	0	0	0	0	0.5625	0	0.47368421052631576
366	http://www.fullertonlivestockmarket.com/	0	0.0	0.0	0	0	0.0	0	0	0	0	4	0.0	0.32142857142857145	0	0.21176470588235294
367	http://www.ebglaw.com/john-f-fullerton-iii/	0.05806451612903226	0.0	0	0.0	0.0	0.0	0	0	0	0	103	1.3895012561868585	0.3	1.120879120879121	0.12
368	http://www.fullertonobserver.com/#!	0.47368421052631576	0	0	0	0	0	0	0	0	0.25	0	0	0.391304347826087	0	0.5
369	http://www.csumentor.edu/CampusTour/undergraduate/8/CSU_Fullerton/CSU_Fullerton1.html	0.0	1.5030364372469636	0.0	0.6923076923076923	0.0	0.0	0	0	0	0.0	4	0.0	0.2608695652173913	0	0.15254237288135594
370	http://calvaryfullerton.org/	0	0.16216216216216217	0.0	0.0	0.0	0	0	0	0	0	10	0.10465116279069768	0.45	0.26865671641791045	0.2647058823529412
371	http://www.fullertonlbr.com/	0	0	0	0	0	0	0	0	0	0	0	0	0.5625	0	0.47368421052631576
372	http://fullertondentalart.com/	0.08823529411764706	0.0	0	0.0	0.0	0.8423656685808039	0	0	0	0	18	0.19426409297165048	0.4090909090909091	2.0172541605793293	0.225
373	http://fullertondentalart.com/fullerton-ca/dental-checkup/	0.0	0.0	0	0.0	0.0	0.16981132075471697	0	0	0	0	35	0.2990313705203178	0.375	1.9	0.14754098360655737
374	http://curriculum.fullcoll.edu/	0	0.0	0.0	0.23076923076923078	0	0.0	0	0	0	0	56	0.5495911369031917	0.0	0.0	0.16666666666666666
375	http://www.fullertonuncorked.com/	0	0.0	0	0	0	0	0	0	0	0	7	0.0	0.42857142857142855	0.3368421052631579	0.5
376	http://fullertonhighschool.org/	0.18828451882845187	0.20454545454545456	0.32142857142857145	0.5788043478260869	0	0	0	0	0	0	0	0.5135200625259562	0.391304347826087	1.0	0.42857142857142855
377	http://www.fullertonfloral.com/	0.1267605633802817	0.0	0	0	0.0	0	0	0	0	0.11842105263157894	30	0.0	0.47368421052631576	2.0	0.2465753424657534
378	http://realist2.squarespace.com/	0.2647058823529412	0.1232876712328767	0	0.0	0	0	0	0	0	0	4	0.0	0.0	0.0	0.0
379	http://realist2.squarespace.com/	0.2647058823529412	0.1232876712328767	0	0.0	0	0	0	0	0	0	4	0.0	0.0	0.0	0.0
380	http://articulation.fullcoll.edu/	0	0.0	0.0	0	0.0	0.0	0	0	0	0	64	0.5294117647058824	0.0	0.0	0.28125
381	http://bubbabraces.com/	0	0.0	0.2727272727272727	0	0	0	0	0	0	0	8	0.23684210526315788	0.0	0.0	0.11538461538461539
383	http://www.us-passport-service-guide.com/fullerton-passport.html	0.15384615384615385	0.0	0.2903225806451613	0	0.0	0	0	0	0	0.36	163	0.0	0.17307692307692307	0.0	0.28125
384	http://offices.depaul.edu/housing/housing-options/lincoln-park/residence-halls/Pages/clifton-fullerton-hall.aspx	0.11392405063291139	0.0	0.2727272727272727	0.0	0	0	0.0	0	0	0.1836734693877551	44	0.06569343065693431	0.09090909090909091	1.1576086956521738	0.07692307692307693
385	http://offices.depaul.edu/housing/housing-options/lincoln-park/residence-halls/Pages/default.aspx	0.0	0.0	0.0	0	0	0	0.0	0	0	0.0	35	0.0	0.0	0.391304347826087	0.0
386	http://www.titanbookstore.com/MerchList.aspx?ID=25280	0	0.0	0	0	0	0	0	0	0	0	182	0.27566023535851125	0.0	0.0	0.23076923076923078
387	http://www.onlinedmv.com/locations/ca-california/fullerton.html	0.140625	0.0	0.12857142857142856	0.0	0	0	0	0	0	0	56	0.0	0.1836734693877551	0.0	0.140625
388	http://www.onlinedmv.com/locations.html	0.0	0.0	0.0	0.0	0	0	0	0	0	0	97	0.0	0.0	0.0	0.0
389	http://www.onlinedmv.com/locations/ca-california.html	0.0	0.0	0.0	0.0	0	0	0	0	0	0	220	0.0	0.0	0.0	0.0
390	http://thefullertonheritage.com/properties	0.26785714285714285	2.2948155292982877	0	0	0	0	0	0	0	0	37	0.1650319504663192	0.2647058823529412	0.0	0.2571428571428571
391	http://fullertoncommunityband.org/	0.17307692307692307	0.125	0.32142857142857145	0.0	0.0	0.0	0	0	0	0.0	8	0.5314050923253565	0.34615384615384615	0	0.16666666666666666
392	http://libraries.ne.gov/fullerton/	0	0.0	0	0.0	0.0	0	0	0	0	0	80	0.4195954907161804	0.36	0.0	0.375
393	http://www.wikitree.com/genealogy/Fullerton	0.04838709677419355	0.32142857142857145	0.47368421052631576	0	0	0	0	0	0	0.20930232558139536	6	0.0	0.3	284.2272269327652	0.45
394	http://californiaobits.tributes.com/browse_obituaries?city=Fullerton&state=CA	0.061224489795918366	0.0	0.18	0	0	0	0	0	0	0.17746478873239438	33	0.04411764705882353	0.13043478260869565	0.0	0.13846153846153847
395	http://www.infoplease.com/encyclopedia/us/fullerton.html	0.1267605633802817	0.0	1.0	0	0.0	0.0	0	0	0	0.4090909090909091	16	0.0	0.21428571428571427	0.9	1.0
396	http://www.infoplease.com/encyclopedia/1usgeo.html	0.0	0.0	0	0.0	0.0	0	0	0	0	0.0	16	0.0	0.0	0.0	0.0
397	http://prepare.fullerton.edu/	0	0.0	0.0	0.0	0.0	0	0	0	0	0	21	0.04225352112676056	0.42857142857142855	0.0	0.0
398	https://www.assistanceleague.org/fullerton/	0	0.0	0.0	0.0	0	0.32142857142857145	0	0.0	0	0	32	0.9100728624805026	0.3103448275862069	0.0	0.17647058823529413
399	http://www.fullertonfs.com/	0.0	0.0	0.3333333333333333	0	0	0	0	0	0	0	0	0.08737864077669903	0.6	0.0	0.15254237288135594
400	http://www.vickifullerton.com/	0.125	1.2	0	0.0	0.0	0.0	0	0	0	0	5	0.0	0.5	0.6	0.0
401	http://www.efll.org/	0	0.0	0.0	0.0	0	0	0	0	0	0	13	0.5259615384615385	0.0	0.3838383838383838	0.24324324324324326
402	http://fmcp.fullerton.edu/	0.0	0.0	0	0.0	0	0	0	0	0	0.13043478260869565	1	0.02556818181818182	0.5	0	0.0
403	http://bootcampfx.com/	0.0	0.02631578947368421	0	0	0.0	0	0.0	0.0	0	0	2	0.0	0.0	0	0.3852860501567398
404	http://newfullerton.com/	0	0.3103448275862069	0	0.0	0.0	0	0	0.0	0	0	86	0.6852031422363892	0.5625	0.0	0.9423076923076923
405	http://hornet.fullcoll.edu/	0.25	0.9841444270015699	0.0	0.0	0.0	0	0	0	0	0	14	0.2664664235142673	0.0	0.0	0.1836734693877551
406	http://www.roseburg.k12.or.us/fullerton/school.htm	0	0	0	0.0	0	0	0	0	0	0	10	0.03829787234042553	0.24324324324324326	0.9216963473189672	0.2903225806451613
407	http://techneng.fullcoll.edu/automotive.html	0	0.0	0.0	0.0	0	0	0	0	0	0	18	0.2225169755864767	0.0	0	0.2903225806451613
408	http://storelocator.pepboys.com/pepboys/stores/fullerton/pep_boys_fullerton/00642	0.0	0.0	0.0	0.5374331550802138	0	0.0	0	0	0	0.0	19	0	0.2608695652173913	1.5	0.0
409	http://storelocator.pepboys.com/pepboys/cgi/index?design=default&lang=en&mapid=US&mapid=US	0.0	0.0	0.0	0	0	0.0	0	0	0	0.0	11	0	0.0	0.0	0.0
410	http://tutoringcenter.fullcoll.edu/	0.16981132075471697	0.0	0.0	0.0	0	0	0	0	0	0.21428571428571427	9	0.5878533231474408	0.0	0	0.2727272727272727
411	http://www.eventective.com/USA/California/Fullerton/Party-Reunions.html	0.07317073170731707	0.40792143274609666	0	0	0	0.0	0	0	0	0	18	0	0.16071428571428573	27.00000000000001	0.1836734693877551
412	http://www.csufasc.com/	0	0	0	0	0	0	0	0	0	0.47368421052631576	0	0	0.0	0	0.5294117647058824
413	http://fullertonace.com/	0.02556818181818182	0	0	0	0	0	0	0	0	0.021844660194174758	0	0	0.5625	0	0.07627118644067797
414	http://fullertonace.com/	0.02556818181818182	0	0	0	0	0	0	0	0	0.021844660194174758	0	0	0.5625	0	0.07627118644067797
415	http://mosfullertonmusic.com/	0	0.0	0	0	0.0	0	0	0	0	0.0	1	0	0.42857142857142855	0.14516129032258066	0.23076923076923078
416	https://fullertonfirstchristian.org/	0.08866995073891626	0.0	0.0	0	0	0	0	0	0	0	2	0.9497358459512837	0.3333333333333333	0.0	0.2571428571428571
417	http://www.fastswimming.net/TabGeneric.jsp?_tabid_=6803&team=fast	0	0.0	0	0	0	0	0	0	0	0.035856573705179286	25	0	0.0	0.65	0.20454545454545456
418	http://fullerton22.adventistchurchconnect.org/	0.0	0.0	0	0.0	0.0	0	0	0	0	0.2903225806451613	7	0.033582089552238806	0.23684210526315788	0.29423076923076924	0.3103448275862069
419	http://jazzfestival.fullcoll.edu/	0.0313588850174216	0.0	0	0.0	0	0	0	0	0	0	13	0.01727447216890595	0.0	0	0.2903225806451613
420	http://www.marriott.com/hotels/hotel-photos/snapl-residence-inn-anaheim-placentia-fullerton/	0.0	0.0	0	0.0	0.0	0.0	0	0	0	0.0967741935483871	27	0.2333427020570204	0.11688311688311688	0.29845956354300385	0.15254237288135594
421	http://www.fullertonsfuture.org/	0	0.47575757575757577	0	0.0	0	0	0	0	0	0	20	1.7080762252537804	0.45	2.160170697012802	0.391304347826087
422	http://skills.fullcoll.edu/	0.16981132075471697	0.0	0.0	0.0	0	0	0	0	0	0.21428571428571427	9	0.5294117647058824	0.0	0	0.2903225806451613
423	http://www.steamerscafe.com/	0	0	0	0	0	0	0	0	0	0	0	0	0.0	0.0	0.0
424	http://natsci.fullcoll.edu/	0	0.0	0	0	0.0	0.0	0	0	0	0	34	0.0	0.0	0.0	0.0
425	http://art.fullcoll.edu/	0.25	0	0	0	0	0	0	0	0	0.2076923076923077	0	0	0.0	0	0
426	http://faculty.fullerton.edu/jeelooliu/	0	0.0	0	0	0	0	0	0	0	0	16	0.0	0.3	0.0	0.0
427	http://www.antiochfullerton.com/	0	0.0	0.0	0.0	0.0	0	0	0	0	0	0	0.4846153846153846	0.45	0	0.5294117647058824
428	http://www.ucaapts.com/	0.09183673469387756	0.18	0	0	0	0	0	0	0	0.3684210526315789	5	0.0	0.0	0.0	0.28125
429	http://mygiggleplace.com/	0	0.0	0	0.0	0	0	0	0	0	0	3	0.0	0.0	0	0.28125
430	http://www.pennineplumbing.com/	0.024861878453038673	0.3103448275862069	0.0	0.27754237288135597	0.0	0.0	0	0	0	0.13846153846153847	8	0.273003168408788	0.0	1.0	0.7571428571428571
431	http://www.daycareresource.com/statelistings/california/californiafullerton.html	0.17088607594936708	0.391304347826087	0	0	0	0	0	0	0	0	4	0	0.13636363636363635	0	0.23684210526315788
432	http://fullertonfund.com/	0.36	0.0	0	0	0	0.0	0	0	0	0.36	1	0.09361470864953032	0.5294117647058824	0.0	0.28125
433	http://fitzgeraldforfullerton.com/	0	0.3222534139161217	0.764167862266858	0.0	1.7981682818547071	0.0	0	0	0	0	10	0.4758183250067646	0.34615384615384615	2.098168281854707	0.6428571428571429
434	http://www.getprolo.com/brad-fullerton-md/	0	0.0	0	0.16666666666666666	0.5	0	0	0	0	0	11	0.060113065326633165	0.3103448275862069	0	0.47368421052631576
435	http://www.indeed.com/l-Fullerton,-NE-jobs.html	0.12162162162162163	0.0	0	0.0	0	0	0	0	0	0.3351063829787234	3	0.0	0.2571428571428571	5.319838056680163	0.1956521739130435
436	http://www.eteamz.com/FullertonFutbolAcademy/	0.20224719101123595	0.0	0.5034965034965035	0	0	0	0	0	0	0.144	7	0	0.28125	0.5693023255813954	0.375
437	http://locations.michaels.com/CA/FULLERTON/3023/	0.0	0.0	0.0	0.0	0.0	0.0	0.0	0	0	0	639	0.0	0.24324324324324326	2.0	0.12857142857142856
438	http://locations.michaels.com/CA/	0.0	0.0	0.0	0.0	0.0	0.0	0.0	0	0	0	745	0.0	0.0	0.0	0.0
439	http://fcfinearts.fullcoll.edu/	0.06428571428571428	0.391304347826087	0	0	0	0	0	0	0	0	13	0	0.0	0	0.23684210526315788
441	http://www.deal4loans.com/fullerton-personal-loan-eligibility.php	0.07627118644067797	0.06593406593406594	0	0	0.125	0	0	0	0	0.2523364485981308	22	0.06474820143884892	0.16981132075471697	0.3	0.12857142857142856
442	http://writingcenter.fullcoll.edu/	0.16981132075471697	0.0	0.0	0.0	0	0	0	0	0	0.21428571428571427	12	0.17475728155339806	0.0	0	0.28125
443	http://duesenbergusa.com/guitars/fullerton/index.html	0.0	0.0	0	0	0	0	0	0	0	0.05232558139534884	8	0.11538461538461539	0.20930232558139536	0.0	0.0
444	http://duesenbergusa.com/product/fullerton-bass/	0.45	0.0	0.4090909090909091	0.0	0.0	0	0	0	0	0	108	0.1157556270096463	0.23684210526315788	2.4730006835269993	0.5625
445	http://www.meetup.com/fullerton-ballroom-single-classes-and-dance/	0.0	0.04225352112676056	0.0	0.0	0.0	0.0	0.0	0	0	0.12244897959183673	207	0.0	0.16981132075471697	2.0837320574162677	0.6736842105263158
446	http://www.flowersfullertonca.com/	0.05806451612903226	0.0	0.0	0.0	0.0	0	0.0	0	0	0	2	0.5151554560112035	0.4090909090909091	1.8	0.20689655172413793
448	https://twitter.com/TimFullerton	0.13705583756345177	0.0	0.0	0.375	0.15789473684210525	0.0	0	0	0	0	33	5.386300839964633	0.391304347826087	2.45	0.46153846153846156
449	http://www.flyafi.com/	0.0	0.0	0	0	0	0	0	0	0	0	33	0	0.0	0	0.0
450	http://pamfullerton.com/	0.0	0.08181818181818182	0	0.0	0.058823529411764705	0.0	0	0	0	0.0	8	0.0	0.5625	0.0	0.627906976744186
451	http://www.fullertonfamilydental.com/	0.03765690376569038	0.0	0.17307692307692307	0	0	0	0	0	0	0.0944055944055944	11	0.0	0.36	0.9	0.17647058823529413
453	http://commstudents.fullerton.edu/prssa/	0	0.0	0.0	0	0	0.0	0	0	0	0	9	0.12214920757634326	0.2903225806451613	0.0	0.0
454	http://commstudents.fullerton.edu/prssa/	0	0.0	0.0	0	0	0.0	0	0	0	0	9	0.12214920757634326	0.2903225806451613	0.0	0.0
455	http://veterans.fullcoll.edu/	0	0.0	0.0	0.0	0.0	0.0	0	0	0	0	58	0.5294117647058824	0.0	0.0	0.42857142857142855
456	http://www.flowerallie.com/	0.05625	0.0	0.1875	0	0.0	0.0	0	0	0	0.06716417910447761	15	0	0.0	0.17307692307692307	0.2857142857142857
457	http://commencement.fullcoll.edu/	0	0.0	0	0.0	0.0	0.0	0	0	0	0	55	0.5294117647058824	0.0	0.0	0.28125
458	http://philosophy.fullcoll.edu/	0	0.0	0.0	0	0	0	0	0	0	0	29	0.24219703574542284	0.0	0	0.2903225806451613
459	http://www.rxlist.com/pharmacy/fullerton-ca_pharmacies.htm	0.06521739130434782	0.0	0	0.24324324324324326	0.9450844854070661	0.0	0.0	0	0	0.0481283422459893	98	0.0313588850174216	0.2	0.0	0.25
460	http://www.indeed.com/q-Fullerton-School-District-jobs.html	0.10843373493975904	0.20930232558139536	0	0.0	0	0	0	0	0	0.07563025210084033	3	0.0	0.19148936170212766	5.101214574898786	0.16363636363636364
461	http://georgesantiquesoc.com/	0.0	0.0	0.0	0	0	0	0	0	0	0	7	0.0	0.0	0.0	0.13636363636363635
462	http://kentrogreekkitchen.com/	0	0.0	0.0	0	0.0	0	0.0	0	0	0	9	0.0	0.0	0	0.0
463	http://printing.fullcoll.edu/	0	0	0	0	0	0	0	0	0	0	2	1.049014342579137	0.0	0.0	0.1875
464	http://printing.fullcoll.edu/	0	0	0	0	0	0	0	0	0	0	2	1.049014342579137	0.0	0.0	0.1875
465	http://www.fullertonhillssoftball.org/	0	0.0	0	0	0.0	0.0	0	0	0	0	8	0.1971844117098639	0.34615384615384615	0.3703589108910891	0.375
466	http://horticulture.fullcoll.edu/	0	0	0	0	0	0	0	0	0	0.0	5	0	0.0	0	0.21951219512195122
467	http://www.rentthehomestead.com/	0.07317073170731707	0.0	0.0	0.0	0	0	0	0	0	0.18556701030927836	9	0.0	0.0	0.8181818181818182	0.1875
468	http://www.dailytitan.com/	0.225	0.0	0	0	0	0	0.0	0	0	0	12	0.24453383905170517	0.0	0.0	0.16666666666666666
470	http://www.seniorhousingnet.com/seniorliving-search/fullerton_ca	0.06474820143884892	0.17532467532467533	0.391304347826087	0.0	0.0	0	0.0	0	0	0	32	0.0	0.17647058823529413	2.0	0.12857142857142856
471	http://www.corept.net/	0	0.0	0	0	0	1.0	0	0	0	0	10	1.9352226720647774	0.0	0.0	1.0376940133037695
472	http://www.rialtocafefullerton.com/	0	0.0	0.0	0	0.21951219512195122	0	0	0	0	0	1	0.05660377358490566	0.391304347826087	0.0	0.0
473	http://www.golflink.com/golf-courses/course.aspx?course=69934	0.19708029197080293	0.0	0.42857142857142855	0.6903409090909092	2.8115437774300007	0	0	0	0	0.375	37	0.6152152641878669	0.0	1.3402382645803694	0.36
474	http://www.golflink.com/golf-courses/city.aspx?dest=Fullerton+CA	0.07627118644067797	0.8286713286713286	0.2647058823529412	0.0	0.0	0	0	0	0	0.35064935064935066	28	0.04072398190045249	0.17647058823529413	0.47368421052631576	0.23076923076923078
475	http://www.youtube.com/user/FizziksGuy	0.0	0.0	0.0	0.36	0.0	0.0	0	0	0	0.0	8	0.0	0.0	0.0	0.34615384615384615
476	http://staffwww.fullcoll.edu/	0	0.0	0	0	0	0	0.0	0	0	0.27692307692307694	4	0.28125	0.0	0	0.23684210526315788
477	http://www.thefullarton.co.uk/	0.0	0.0	0.0	0.0	0.0	0.0	0	0	0	0.0	32	0.0	0.0	0.0	0.0
478	http://thefullertongroup.com/	0	0	0	0	0	0	0	0	0	0	0	0	0.42857142857142855	0	0.42857142857142855
479	http://repairpal.com/honda-repair-in-fullerton-california	0.15384615384615385	0.0	0.36	0.15789473684210525	0.0	0	0	0	0	0	4	0	0.1836734693877551	0.0	0.3103448275862069
480	http://www.slidebarfullerton.com/calendar/	0	0.0	0	0	0	0	0	0	0	0	34	0	0.3103448275862069	0.0	0.3333333333333333
481	http://psych.fullerton.edu/mbirnbaum/bayes/bayescalc.htm	0	0	0	0	0.0	0	0	0	0	0	2	0.0	0.1956521739130435	0	0.0
482	http://fullerton.uloop.com/	0.17532467532467533	0.0	0.47368421052631576	0.36	0.6903409090909092	0	0	0	0	0.20300751879699247	519	0.07692307692307693	0.47368421052631576	0.47368421052631576	0.21428571428571427
483	http://www.recreationparks.net/MD/baltimore/fullerton-park-overlea	0.03515625	0.0	0.18	0	0	0	0	0	0	0	27	0	0.17307692307692307	0.0	0.1956521739130435
484	http://www.fullertoncollegecentennial.com/	0	0.0	0	0.0	0	0	0	0	0	0	4	0.4583472493355599	0.3	0	0.225
485	http://www.eventective.com/USA/California/Fullerton/Wedding-Receptions.html	0.07758620689655173	0.37792143274609663	0	0	0	0.0	0	0	0	0	32	0	0.15	17.21538461538461	0.14285714285714285
486	http://www.fiskauto.com/	0.057692307692307696	0.0	0.4090909090909091	0.24264705882352944	0.1956521739130435	0.0	0	0	0	0.21774193548387097	11	0.3411892901618929	0.0	1.0	0.14516129032258066
487	http://sociology.fullcoll.edu/	0.3	0.0	0	0	0.0	0.0	0	0	0	0.08823529411764706	3	0.5294117647058824	0.0	0.0	0.1836734693877551
488	http://statononline.com/live/static/fullerton.html	0	0.0	0	0	0	0	0	0	0	0	1	0.0	0.225	0.2903225806451613	0.47368421052631576
489	http://earlybirdoc.com/	0.0	0.0	0.0	0.0	0.0	0	0	0	0	0.0	7	0.0	0.0	0.0	0.0
490	http://pe.fullcoll.edu/	0	0.0	0	0	0	0.0	0	0	0	0	8	0.3259817105970952	0.0	0	0.23684210526315788
491	http://fullertonsouthrotary.org/	0.0	0.0	0.23684210526315788	0	0	0	0	0	0	0	1	0.11310955083197077	0.375	0.3333333333333333	0.23684210526315788
492	http://www.vendomes.com/	0	0.0	0	0	0	0	0	0	0	0.0	1	0	0.0	0.0	0.0
493	http://www.yoonpodiatry.com/	0	0.0	0	0.0	0.0	0.0	0	0	0	0	0	0.22617946345975948	0.0	0	0.16071428571428573
494	http://www.ymcaoc.org/	0	0.0	0	0.0	0.0	0	0.0	0	0	0	194	0.047619047619047616	0.0	1.5	0.0
496	http://terryfullerton.co.uk/	0.1291866028708134	0.0	0	0	0	0	0	0	0	0.08071748878923767	5	0	0.45	0.5	0.10465116279069768
497	http://www.ocweekly.com/location/amc-fullerton-20-6489593	0.0	0.0	0.5625	0.0	0.0	0.0	0	0	0	0.0	196	0.0	0.20454545454545456	1.0	0.28125
498	http://www.smilewithstyle.com/	0.1232876712328767	0.16666666666666666	0.225	0	0	0	0	0	0	0	7	0.0	0.0	0.0	0.22784810126582278
499	http://onlinecounseling.fullcoll.edu/	0	0.18	0	0	0.23684210526315788	0	0	0	0	0	3	0.11459597572660492	0.0	0	0.21951219512195122
500	http://machine.fullcoll.edu/	0	0.0	0	0	0	0	0	0	0	0	3	0	0.0	0.105484298982751	0.1956521739130435
501	http://www.fullertonfamilyorthodontics.com/	0.11920529801324503	0.0	0.225	0	0.0	0	0	0	0	0	6	0.0	0.2903225806451613	0.3103448275862069	0.3157894736842105
502	http://ryoodds.com/	0.05521472392638037	0.0	0	0.0	0	0	0	0	0	0	9	0.06	0.0	1.0	0.18
503	https://electricbicyclecenter.com/	0.0	0.0	0.0	0.0	0	0.0	0	0	0	0	5	0.0	0.0	0.0	0.0
504	http://www.ghosttowns.com/states/nm/fullerton.html	0	0	0	0	0	0	0	0	0	0	1	0	0.25	0	0.2727272727272727
505	http://www.fullertonbeautiful.org/	0	0	0	0.0	0	0	0	0	0	0.05263157894736842	0	0.6912939200738764	0.4090909090909091	0.0	0.47368421052631576
506	http://discount-tools.com/linecard/fullerton.htm	0.08181818181818182	0.0	0.4090909090909091	0	0	0	0	0	0	0.06569343065693431	1	0	0.23076923076923078	0	0.391304347826087
507	http://childdev.fullcoll.edu/	0	0.0	0	0	0	0.0	0	0	0	0	54	0.5294117647058824	0.0	0.0	0.42857142857142855
508	http://www.titanicehockey.com/	0	0.0	0.0	0.0	0	0	0	0	0	0	6	0.038135593220338986	0.0	0.01507537688442211	0.0
509	http://www.emmanuelfullerton.org/	0.0	0.0	0.0	0.0	0.0	0	0	0	0	0	5	0.15254237288135594	0.42857142857142855	0	0.25
510	http://fullertontaxpayers.org/	0	0.14285714285714285	0.0	0	1.0	0	0	0	0	0	60	0.28498224420121876	0.4090909090909091	0.0	0.225
511	http://fullertonbears.com/	0.0	0.0	0	0.0	0	0	0.0	0.0	0	0	12	0.0	0.5	0.0	0.0
512	http://diversity.fullcoll.edu/	0	0.0	0.0	0.0	0	0	0	0	0	0	23	0.8734020471313177	0.0	0.5294117647058824	0.24324324324324326
514	http://libraryfchistory.fullcoll.edu/	0	0.2727272727272727	0.23684210526315788	0.0	0	0	0	0	0	0	2	0.04275534441805225	0.0	0	0.2
515	https://www.virtualtourist.com/travel/North_America/United_States_of_America/California/Fullerton-752676/Things_To_Do-Fullerton-TG-C-1.html	0.15517241379310345	0.5240438051650866	0.4090909090909091	0.8767022451232978	0.0	1.156153846153846	0.4090909090909091	0	0	0.21621621621621623	138	0.2629590076398587	0.1487603305785124	3.924568007982693	0.23076923076923078
516	http://cadena.fullcoll.edu/	0	0.0	0.0	0.0	0.0	0.0	0.0	0	0	0	75	0.8672573868256981	0.0	0.0	1.0
517	http://orthodontistfullerton.com/	0.06716417910447761	0.1232876712328767	0.1956521739130435	0	0	0	0	0	0	0	13	0.11842105263157894	0.36	0.0	0.13846153846153847
518	http://digitalart.fullcoll.edu/	0	0.0	0	0	0	0	0	0	0	0	24	0.039473684210526314	0.0	0.3103448275862069	0.13636363636363635
519	http://cristaldrake.com/	0	0.1111111111111111	0	0.0	0.0	0	0	0	0	0	23	1.1800430817148257	0.0	0.0	0.42857142857142855
520	http://joanfullerton.com/	0.05660377358490566	0.0	0	0.0	0.0	0	0	0	0	0.12558139534883722	3	0.34615384615384615	0.5294117647058824	0.391304347826087	0.14754098360655737
521	http://www.fullertonsd.org/member/chris-thompson/	0	0.0	0	0.0	0.0	0.0	0	0	0	0	161	0.7235881502919936	0.2571428571428571	0.23076923076923078	0.2647058823529412
523	http://fullerton.cbsclass.org/	0	0.0	0.0	0.0	0	0.0	0	0	0	0	6	0.0	0.4090909090909091	0.0	0.21428571428571427
524	http://fullerton.cbsclass.org/	0	0.0	0.0	0.0	0	0.0	0	0	0	0	6	0.0	0.4090909090909091	0.0	0.21428571428571427
525	https://twitter.com/Fullerton_fash	0.08866995073891626	0.0	0.0	0.34615384615384615	0.15517241379310345	0.0	0	0	0	0	15	0.41146842309182485	0.36	2.3055194805194805	0.42857142857142855
526	http://www.nfsc1.com/	0.05027932960893855	0.0	0.0	0.0	0.08823529411764706	0	0	0	0	0.012605042016806723	37	0.0	0.0	0	0.17647058823529413
527	http://momscluboffullertoneast.webs.com/	0.23684210526315788	0.0	0.0	0.0	0.0	0	0	0	0	0.0	4	0.6385330948121646	0.28125	1.3728913879846107	0.3333333333333333
529	http://www.fullertoneducationfoundation.org/	0	0	0	0	0	0	0	0	0	0	0	0	0.28125	0	0.75
531	http://www.fullertonoccupationalmedicine.com/	0	0.0	0	0.0	0	0	0	0	0	0.0	0	0.35424726661059713	0.2727272727272727	0	0.14516129032258066
532	http://www.fullertonmag.com/	0.2155688622754491	0.0	0.3333333333333333	0	0	0	0	0	0	0.46153846153846156	40	0.0	0.5625	0.0	0.4186046511627907
533	http://www.kimmiescoffeecup.com/	0.0	0.0	0	0.0	0	0	0	0.0	0	0.0	5	0.0	0.0	0.0	0.0
534	http://www.kimmiescoffeecup.com/	0.0	0.0	0	0.0	0	0	0	0.0	0	0.0	5	0.0	0.0	0.0	0.0
535	http://hojomaingate.com/	0.0	0.0	0.0	0	0.0	0.0	0	0.0	0	0.0	9	0.21273740710156896	0.0	0	0.0
536	http://greenlocksmiths.com/fullerton	0.05660377358490566	0.0	0.47368421052631576	0.6668312831103529	0.3395121951219512	0	0	0	0	0.10465116279069768	12	0.16031535902813593	0.32142857142857145	0.9	0.16363636363636364
537	http://fosteryouth.fullcoll.edu/	0	0.0	0.5294117647058824	0.0	0	0	0	0	0	0	5	0.04128440366972477	0.0	0.42857142857142855	0.0
539	http://www.octhen.com/2009/03/new-wave-club-in-fullerton.htm	0	0.0	0.0	0.0	0.0	0.0	0	0	0	0	399	0.4921452253741572	0.1956521739130435	0.0	0.3462819089900111
540	https://susannahfullerton.com.au/	0.04326923076923077	0.0	0.5	0.09	0.09278350515463918	0	0	0	0	0	16	0.5160332417194442	0.375	1.2417582417582418	0.72
541	http://www.fionafullerton.com/	0.057692307692307696	0.0	0.23076923076923078	0.0	0	0	0	0	0	0	4	0.0	0.5	0	0.08256880733944955
542	http://fullerton-cpa.com/	0	0.0	0.0	0.0	0	0	0	0	0	0	1	0.21878842069967588	0.5294117647058824	0	0.2
543	http://www.fullhog.com/	0	0.0	0	0	0	0	0	0	0	0	8	0.0	0.0	0.0	0.3333333333333333
544	http://bigslicepizzaandmore.com/	0.375	0.1111111111111111	0.0	0.0	0	0	0.0	0	0	0	5	0.05232558139534884	0.0	0.0	0.17647058823529413
545	http://www.boomerater.com/senior-living/senior-housing-in-Fullerton_California	0.05844155844155844	0.0	0	0.20454545454545456	0	0	0	0	0	0	0	0.048	0.13846153846153847	13.73684210526315	0.13636363636363635
546	http://www.herbsvolvombz.com/	0	0.0	0	0.0	0	0	0	0	0	0	1	0.0	0.0	0.21889140271493213	0.0
547	http://ryanelectricca.com/	0.05357142857142857	0.0	0	0	0	0	0.0	0	0	0.08333333333333333	1	0	0.0	0.19148936170212766	0.19148936170212766
549	http://www.ibclouisville.org/	0	0.08737864077669903	0.0	0	0	0	0	0	0	0	18	0.6276728028508736	0.0	0	0.0
550	http://aanoc.com/	0	0.0	0	0	0	0	0	0	0	0	11	0	0.0	0.0	0.0
551	http://hr.fullerton.edu/jobs/	0.16666666666666666	0.0	0.0	0.0	0.0	0.0	0	0	0	0.0	307	0.06451612903225806	0.45	0.0	0.0
552	http://www.fullertonbusinesslist.com/	0.13533834586466165	0.0	0.391304347826087	0	0	0.43902439024390244	0	0	0	0.3698630136986301	1	0.0	0.36	0	0.391304347826087
553	http://www.areacodehelp.com/cacode/fullerton_area_code.shtml	0.1956521739130435	0.0	0.2903225806451613	0.32142857142857145	0	0	0	0	0	0.24324324324324326	128	0.19871794871794873	0.19148936170212766	0	0.3050847457627119
554	http://www.methody.org/The-College/Preparatory-Department/Fullerton-House.aspx	0	0.0	0.6	0	0	0	0	0	0	0	6	0.047619047619047616	0.140625	0.6	0.225
555	http://circuit.ucsd.edu/~efullerton/	0	0	0.6428571428571429	0	0	0	0	0	0	0	1	0.0	0.3333333333333333	0	0.28125
556	http://corpslakes.usace.army.mil/visitors/projects.cfm?Id=L174729	0	0	0	0	0	0	0	0	0	0	35	0.0	0.0	0	0.19148936170212766
557	http://corpslakes.usace.army.mil/visitors/states.cfm?state=CA	0	0	0	0	0	0	0	0	0	0	35	0.0	0.0	0	0.0
558	http://annfullerton.com/	0.06818181818181818	0.0	0	0.6923076923076923	0.0	0	0	0	0	0.046875	4	0.5475409836065573	0.5625	0	0.09473684210526316
559	http://www.rbfadvisors.net/	0	0.0	0.0	0.0	0	0	0	0	0	0	2	0.0	0.0	0.0	0.36
560	http://juliafullerton-batten.com/	0.0891089108910891	0.4090909090909091	0	0	0	0	0	0	0	0	0	0	0.36	0	0.15254237288135594
561	http://libraryfchistory.fullcoll.edu/albums/the-postwar-expansion-years-1946-1959/	0.0	3.013922233101225	0.23684210526315788	0.0	0	0	0	0	0	0	1055	0.0	0.0	0	0.1323529411764706
562	http://www.grandcentralartcenter.com/	0	0.0	0.0	0.0	0	0	0	0	0	0	7	0.0	0.0	0.0	0.0
563	http://www.fullertonlab.com/	0.1323529411764706	0	0	0	0	0	0	0	0	0.2647058823529412	0	0	0.5625	0	0.6923076923076923
564	http://fullertonassociates.net/	0.0410958904109589	0	0	0	0	0	0	0	0	0.0782608695652174	0	0	0.391304347826087	0.0	0.20930232558139536
565	http://www.fullerton-arms.com/	0.05027932960893855	1.1841614906832296	0.0	0	0.0	0.0	0	0	0	0.125	2	0.45	0.5	0.0	0.140625
566	http://www.hungrygowhere.com/singapore/jade_fullerton_restaurant/	0.0224159402241594	0.0	0.3	0	0.0	0.0	0.0	0	0	0.08108108108108109	120	0.0	0.17647058823529413	0.0	0.20454545454545456
568	http://www.superpages.com/bp/erie-pa/fullerton-appliance-center-L0116429750.htm	0.08307692307692308	0.0	0.34615384615384615	0	0.0	0.0	0	0	0	0.04591836734693878	16	0.0	0.13846153846153847	0.07527263209933988	0.13846153846153847
569	http://grantfullerton.weebly.com/	0	0.0	0	0.0	0	0	0	0	0	0	3	0	0.36	0.6	0.4090909090909091
570	http://www.youtube.com/watch?v=3XMPOmuJOUk	0.10465116279069768	0.0	0.0	0	0.0	0.0	0	0	0	0.14516129032258066	8	0.10465116279069768	0.0	0.45028142589118203	0.20930232558139536
571	http://www.thesmallbar.com/	0	0.0	0	0	0	0	0	0	0	0	0	0	0.0	0	0.0
572	http://www.scpr.org/news/2016/09/24/65070/fullerton-police-investigate-triple-homicide/	0	0.0	0.0	0.0	0.0	0.0	0	0	0	0.0	28	0.14872901594846163	0.13043478260869565	0.16071428571428573	0.11392405063291139
573	http://www.tutorfullerton.com/	0.047619047619047616	0.12162162162162163	0	0	0.0	0	0	0	0	0	2	0.30017706079087153	0.5	0.12162162162162163	0.5
574	http://fullertondentistry.com/	0.06040268456375839	0.23684210526315788	0.0	0.0	0	0	0	0	0	0	8	0.2010801128962223	0.4090909090909091	1.0	0.17307692307692307
575	http://fullertondentistry.com/	0.06040268456375839	0.23684210526315788	0.0	0.0	0	0	0	0	0	0	8	0.2010801128962223	0.4090909090909091	1.0	0.17307692307692307
576	http://museum.csusb.edu/	0	0.0	0	0.0	0	0	0	0	0	0	11	0.0	0.0	0.0	0.15789473684210525
577	http://www.methody.org/The-College/Preparatory-Department.aspx	0	0.0	0.0	0	0	0	0	0	0	0	4	0.0	0.0	0.0	0.0
578	http://stuartfullerton.com/	0.36	0.0	0	0	0.0	0	0	0	0	0.4090909090909091	2	0.0	0.47368421052631576	0.0	0.36
579	http://goforthcreative.com/	0	0.0	0	0	0	0.0	0	0	0	0	3	0.0	0.0	0.0	0.0
580	http://grantfullerton.weebly.com/biography.html	0	0.0	0	0.0	0	0	0	0	0	0	3	0	0.23076923076923078	0.6	0.3333333333333333
581	http://fullertonbears.com/?page_id=87	0.0	0.0	0	0	0	0	0.0	0	0	0	40	0.0	0.3103448275862069	0	0.0
582	https://www.discogs.com/artist/59101-Keith-Fullerton-Whitman	0.1267605633802817	0.391304347826087	0.782608695652174	0	0.1323529411764706	0	0.0	0	0	0	53	0.0	0.1956521739130435	0.0	0.1956521739130435
583	http://fullertoncollaborative.org/	0.0	0.0	0.0	0	0	0	0	0	0	0	3	0.1467391304347826	0.34615384615384615	0.32142857142857145	0.391304347826087
584	http://fullertoncrossroads.com/	0	0	0	0	0	0	0	0	0	0	0	0	0.391304347826087	0	0.45
585	http://fullertoncrossroads.com/	0	0	0	0	0	0	0	0	0	0	0	0	0.391304347826087	0	0.45
587	http://bailbonds-fullerton.com/	0.17647058823529413	0.615983026874116	0.45	0.32142857142857145	0.5625	0	0	0	0	0	5	0.20111080396603978	0.391304347826087	2.405375874125874	0.32142857142857145
588	http://www.williamsinsurance.com/	0.10843373493975904	0.0	0	0	0	0	0	0	0	0.10714285714285714	10	0.09484777517564402	0.0	0.17307692307692307	0.29508196721311475
589	http://hotmatchcustomcycles.com/	0	0.0	0	0	0	0	0	0	0	0	0	0	0.0	0	0.0
590	http://www.universitycarwashdetail.com/	0.06206896551724138	0.0	0.0	0.0	0	0	0	0	0	0.0	10	0.0	0.0	1.0	0.25
591	http://www.ctsnet.org/home/dfullerton	0	0.0	0.825	0.0	0	0	0	0	0	0	8	0.0	0.375	0.0	0.375
592	http://www.ratemyprofessors.com/ShowRatings.jsp?tid=179215	0.17307692307692307	0.0	0.0	0.0	0	0	0	0	0	0	25	0.0	0.0	0.5294117647058824	0.14516129032258066
593	https://commons.wikimedia.org/wiki/Category:California_State_University,_Fullerton	0	0.0	0.19148936170212766	0.15517241379310345	0.0	0	0	0	0	0	12	0.0	0.1267605633802817	0.0	0.13432835820895522
594	https://345fullerton.wordpress.com/	0.0	0.0	0.0	0.0	0	0	0	0	0	0	8	0.03169014084507042	0.34615384615384615	0	0.19148936170212766
595	http://fullartonwheelers.com/	0.0	0.0	0	0	0	0	0	0	0	0.0	0	0.0	0.0	0.0	0.0
596	http://www.jannefullerton.com/	0	0.0	0	0	0	0	0	0	0	0	4	0.0	0.5	0.0	0.2903225806451613
597	http://www.fullerton.net.au/	0.061224489795918366	0.0	0	0	0	0.0	0	0	0	0	2	0.22340851461363942	0.5625	0.1836734693877551	0.0
598	http://www.orthopaedicsurgery.uci.edu/	0.01468189233278956	0.0	0	0	0	0	0	0	0	0.00749375520399667	6	0.0	0.0	0	0.0
599	http://www.ladyironchef.com/2012/07/courtyard-fullerton-hotel-singapore/	0.06206896551724138	0.0	0.23076923076923078	0	0.0	0	0	0	0	0.10650887573964497	67	0.2976525325155969	0.15789473684210525	0.0	0.16666666666666666
600	http://www.terifullerton.com/	0	0.0	0.6428571428571429	0	0	0	0	0	0	0	1	0.0	0.5294117647058824	0	0.6428571428571429
601	http://anaheimhillsjewelry.com/	0	0.0	0	0	0	0	0	0	0	0	3	0.0	0.0	0.0	0.0
602	http://fullertonhills.net/	0	0	0	0	0	0	0	0	0	0	0	0.0	0.5	0	0.391304347826087
603	http://www.almafullerton.com/Welcome.html	0	0.0	0	0	0	0	0	0	0	0	0	0.0	0.3103448275862069	0.0	0.6428571428571429
604	http://www.almafullerton.com/Welcome.html	0	0.0	0	0	0	0	0	0	0	0	0	0.0	0.3103448275862069	0.0	0.6428571428571429
605	http://www.streetdirectory.com/businessfinder/company_detail.php?companyid=174945&branchid=30461	0.09782608695652174	0.0743801652892562	0	0	0	0	0	0	0	0.0	104	0.0	0.0	0.0	0.18
606	http://www.fullerton.net.au/join.html	0.057692307692307696	0.0	0	0	0	0	0	0	0	0	2	0.24345146379044685	0.36	0.1836734693877551	0.16071428571428573
607	http://joanfullertonpaintings.blogspot.com/	0	0.0	0.34615384615384615	0.0	0.0	0	0	0	0	0	176	0	0.2571428571428571	4.5	0.375
608	http://www.keithfullertonwhitman.com/	0.1267605633802817	0.0	0.0	0	0	0	0	0	0	0	24	0.0	0.36	0.0	0.391304347826087
609	http://www.timedomain.com/	0	0.0	0.0	0.0	0.0	0	0	0	0	0	2	0.0	0.0	0.0	0.0
610	http://www.fullertonshoes.co.uk/	0	0.0	0.0	0	0.0	0	0	0	0	0	0	0.0	0.45	0.0	0.375
611	http://isc.fullcoll.edu/	0.0	0.0	0	0.5294117647058824	0.0	0	0	0	0	0.028125	3	0.16137491141034727	0.0	0	0.140625
613	http://isc.fullcoll.edu/	0.0	0.0	0	0.5294117647058824	0.0	0	0	0	0	0.028125	3	0.16137491141034727	0.0	0	0.140625
614	http://flowersfullerton.flowerslpf.com/	0.07964601769911504	0.0	0.5294117647058824	0.5294117647058824	0.5294117647058824	0	0	0	0	0.5294117647058824	11	0.05027932960893855	0.2903225806451613	0.0	0.20930232558139536
615	http://www.fullerton-architect.com.au/	0	0.0	0	0.0	0	0	0	0	0	0	1	0.0	0.34615384615384615	0.0	0.2727272727272727
616	http://fullertoncrrds.brecordsnk.com/	0.05454545454545454	0.0	0	0.6923076923076923	0.34615384615384615	0	0	0	0	0.34615384615384615	9	0.07142857142857142	0.3103448275862069	0.0	0.15254237288135594
618	http://www.costco.com/warehouse-locations/warehouse-418.html?storeId=10301&warehouseNumber=418	0.2727272727272727	0.0	0.47368421052631576	0.0	0	0	0	0	0	0	28	0.0	0.0	1.0	0.23076923076923078
619	http://fullertonhealthie.inslinepf.com/	0.04838709677419355	0.0	0.34615384615384615	0.3	0.34615384615384615	0	0	0	0	0.34615384615384615	6	0.07144340910439789	0.2903225806451613	0.0	0.14285714285714285
621	http://floristfullerton.flowerslpf.com/	0.08035714285714286	0.0	0.5294117647058824	0.5294117647058824	0.5294117647058824	0	0	0	0	0.5294117647058824	11	0.02830188679245283	0.2903225806451613	0.0	0.16363636363636364
622	http://anthro.fullerton.edu/sccic/	0	0.0	0.0	0.0	0.0	0	0	0	0	0	50	0.0	0.36	0.0	0.0
623	http://emergencysurvivaltabs.com/?writing=fullerton-whitman-antithesis&d9d=42	0	0.0	0	0	0.0	0	0	0	0	0.0	23	0.0	0.13043478260869565	0.0	0.0
624	http://fullertonunionhighschool.org/	0.1724137931034483	0.8385365853658536	0.2647058823529412	0.7417173766058147	0	0	0	0	0	0	1	0.3687914414665404	0.32142857142857145	1.0	0.3333333333333333
625	http://www.youngsautowash.com/	0.056962025316455694	0	0	0	0	0	0	0	0	0.125	0	0	0.0	0	0.15
627	http://thefullertoninformer.com/sean-padens-faraday-cage/	0	0.008915304606240713	0	0.0	0	0	0	0	0	0	536	0.29647058823529415	0.1875	4.2	0.391304347826087
628	http://fcct.fullcoll.edu/	0.06474820143884892	0	0	0	0	0	0	0	0	0.039473684210526314	0	0.0	0.0	0	0.20930232558139536
629	http://breathefinancial.com/670-csu-msw-fullerton-essay-application	0	0.0	0.2571428571428571	0.0	0.0	0	0	0	0	0	55	0.0	0.15254237288135594	0.2571428571428571	0.2571428571428571
630	http://2vzeu.jobbery.org/DJd	0	0.1232876712328767	0	0	0	0	0	0	0	0	11	0	0.0	0.0	0.23684210526315788
631	http://summerfullerton.typepad.com/	0	0.0	0	0.0	0	0	0	0	0	0	55	0.06870229007633588	0.3333333333333333	0.0	0.0
632	http://shareonpurpose.com/248-application-fullerton-csu-essay	0	0.0	0.0	0	0.0	0	0	0	0	0	18	0.0	0.16981132075471697	0.5806451612903226	0.2903225806451613
633	http://fullertonweldingsupply.com/	0.0	0.5664893617021276	0	0	0	0	0	0	0	0	2	0	0.34615384615384615	0.0	0.0
634	http://fkwd.wiltonhindumandir.org/1br	0	0.1875	0	0	0	0	0	0	0	0	12	0.0	0.0	0.0	0.47368421052631576
636	http://batteryreconditioningdiy.com/best-6-volt-golf-cart-battery-prices-in-nc/battery-repair-fullerton-ca=p18910/	0.3333333333333333	0	0	0	0	0	0	0	0	0.3333333333333333	1	0	0.08653846153846154	0	0.2903225806451613
638	http://batteryreconditioningdiy.com/can-you-restore-a-lead-acid-battery/where-to-recycle-batteries-fullerton-ca=p2208/	0.23076923076923078	0	0	0	0	0	0	0	0	0.23076923076923078	1	0	0.08333333333333333	0	0.20930232558139536
640	http://w7q2f.educationchangesthings.com/eTb	0	0.16363636363636364	0	0	0	0	0	0	0	0	12	0	0.0	0.0	0.45
641	http://ufjte.sirifunds.com/if	0	0.1836734693877551	0	0	0	0	0	0	0	0	13	0.0	0.0	0.0	0.45
642	http://gvvbj.click/mzr	0	0.0	0.45	0	0	0	0	0	0	0	10	0	0.0	0.0	0.45
643	http://payday-shy.trade/payday_advance_fullerton.aspx	0.0	0.0	0.0	0.0	0	0	0	0	0	0	0	0.0	0.2	0.0	0.0
644	http://w7q2f.educationchangesthings.com/eTb	0	0.16363636363636364	0	0	0	0	0	0	0	0	12	0	0.0	0.0	0.45
645	http://ufjte.sirifunds.com/if	0	0.1836734693877551	0	0	0	0	0	0	0	0	13	0.0	0.0	0.0	0.45
646	http://gvvbj.click/mzr	0	0.0	0.45	0	0	0	0	0	0	0	10	0	0.0	0.0	0.45
647	http://drzo.exagift.com/XPR	0	0	0	0	0	0	0	0	0	0	7	0.0	0.0	0.0	0.47368421052631576
648	http://hqvxc.click/ul	0	0.0	0	0	0	0	0	0	0	0	10	0	0.0	0.24324324324324326	0.23684210526315788
649	http://h43u.schoolder.com/94	0	0.0	0	0.0	0	0.0	0	0	0	0	10	0.0	0.0	0.0	0.0
650	http://thejobfool.com/salaries/?qry=Bakery%20Clerk&loc=Fullerton,%20CA%2092832	0	0.0	0.0	0	0	0	0	0	0	0	7	0	0.13043478260869565	0	0.0
651	http://4k5dr.advertisingmatters.us/xpg	0	0.0	0.0	0	0	0	0	0	0	0	6	0.0	0.0	0	0.0
652	http://8hfh.dotops.net/A3J	0	0.0	0.0	0	0	0	0	0	0	0	7	0.0	0.0	0	0.0
653	http://8hfh.dotops.net/A3J	0	0.0	0.0	0	0	0	0	0	0	0	7	0.0	0.0	0	0.0
654	http://r13.angrygreek.info/nr9	0	0	0	0	0	0	0	0	0	0	8	0.0	0.0	0.0	0.0
655	http://easyinstallmentcashloans.com/speedy-cash-fullerton.html	0	0.0	0	0.0	0	0.0	0	0	0	0	18	0.0	0.16666666666666666	0.0	0.0
656	http://ug4.leaderstars.com/WI2	0	0	0	0	0	0	0	0	0	0	0	0.0	0.0	0	0.0
657	http://9bra.vreps.org/DDp	0	0	0	0	0	0	0	0	0	0	7	0.0	0.0	0.0	0.0
658	http://i6g.angrygreek.eu/6bu	0	0.0	0	0	0	0	0	0	0	0	7	0	0.0	0.0	0.0
659	http://snewsi.com/California/tag/Fullerton+Home	0.04265402843601896	0.8242141834532039	0	0	0	0	0	0	0	0.22586872586872586	64	0	0.24324324324324326	8.333333333333332	0.3
660	http://sbo.gregorycscott.com/avj	0	0	0	0	0	0	0	0	0	0	8	0.0	0.0	0.0	0.23684210526315788
661	http://6bptr.axyoma.biz/Lyb	0	0	0	0	0	0	0	0	0	0	8	0.0	0.0	0.0	0.32142857142857145
662	http://rff9v.youngsterskitchen.com/jal	0	0.0	0	0	0	0	0	0	0	0	5	0	0.0	0	0.0
663	http://6bptr.axyoma.biz/Lyb	0	0	0	0	0	0	0	0	0	0	8	0.0	0.0	0.0	0.32142857142857145
664	http://rff9v.youngsterskitchen.com/jal	0	0.0	0	0	0	0	0	0	0	0	5	0	0.0	0	0.0
665	http://zupa-live.com/findjobs/Lead	0.0	0.0	0.0	0	0	0.0	0	0	0	0.0	1455	0.0	0.0	0.0	0.0
666	http://trazijob.com/I-jobs-St.+Paul	0.0	0.0	0.0	0	0	0.0	0	0	0	0.0	1455	0.0	0.0	0.0	0.0
667	http://followingjobs.com/Thermal-jobs-Davidson+County	0.0	0.0	0.0	0	0	0.0	0	0	0	0.0	1425	0.0	0.0	0.0	0.0
668	http://trazijob.com/Information+Security+Lead-jobs-	0.0	0.0	0.0	0	0	0.0	0	0	0	0.0	1455	0.0	0.0	0.0	0.0
