index	url	description	div	h1	h2	h3	h4	h5	h6	inbound_links	keywords	outbound_links	p	root	span	title
1	http://www.glendaleaz.com/	0.10256410256410256	0.0	0	0	0.2857142857142857	0	0	0	0	0.0975609756097561	12	0.0	0.5714285714285714	0.0	0.10256410256410256
2	http://www.ci.glendale.ca.us/	0	0.0	0.4	0.0	0	0	0	0	0	0	10	0.12307692307692308	0.47058823529411764	0.0	0.2
3	http://www.glendaleca.gov/	0	0.0	0.4	0.0	0	0	0	0	0	0	8	0.12307692307692308	0.5714285714285714	0.0	0.2
4	http://www.glendale.edu/	0	0.14987311539035678	0	0	0	0	0	0	0	0	17	0.07174887892376682	0.6666666666666666	0.0	0.24242424242424243
5	https://en.wikipedia.org/wiki/Glendale,_California	0	0.36363636363636365	0.4	0.0	0.0	0	0	0	0	0	131	3.0558684274231145	0.2	0.8	0.14545454545454545
6	http://glendale.co.us/	0.0	0.0	0.0	0	0.0	0	0	0	0	0	14	0.0	0.5714285714285714	0.0	0.2222222222222222
7	http://www.visitglendale.com/	0	0.0	0	0	0	0	0	0	0	0.06926406926406926	7	0.14545454545454545	0.47058823529411764	0.2693831352574986	0.1927710843373494
8	http://www2.gccaz.edu/	0.0	0.23859649122807017	0	0.0	0.0	0	0	0	0	0	22	0.0	0.0	0.0	0.18181818181818182
9	http://www.glendalemo.org/	0.033707865168539325	0.3479253281160838	0.3076923076923077	0.0	0.0	0.4284707540521494	0	0	0	0.06611570247933884	8	0.273845775934136	0.5714285714285714	1.4334590486912469	0.6153846153846154
10	https://en.wikipedia.org/wiki/Glendale,_Arizona	0	0.8	0.47058823529411764	0.0	0.0	0	0	0	0	0	111	0.9467191222253564	0.21621621621621623	1.4573055028462998	0.15384615384615385
11	https://en.wikipedia.org/wiki/Glendale,_Arizona	0	0.8	0.47058823529411764	0.0	0.0	0	0	0	0	0	111	0.9467191222253564	0.21621621621621623	1.4573055028462998	0.15384615384615385
12	http://www.glendalemo.org/	0.033707865168539325	0.3479253281160838	0.3076923076923077	0.0	0.0	0.4284707540521494	0	0	0	0.06611570247933884	8	0.273845775934136	0.5714285714285714	1.4334590486912469	0.6153846153846154
13	http://www.glendale-wi.org/	0	0.044444444444444446	0.0	0	0.0	0.0	0	0	0	0.0	5	0	0.5333333333333333	0.0	0.25806451612903225
14	http://www.glendale.com/	0.0	0.0	0	0	0	0	0	0	0	0.0	273	0.2857142857142857	0.6666666666666666	0.0	0.0
15	http://forestlawn.com/glendale/	0.01762114537444934	0.0	1.0	0.36363636363636365	0.0	0.0	0	0	0	0	52	0.023054755043227664	0.36363636363636365	0.0	0.36363636363636365
16	http://www.glendale.edu/index.aspx?page=3608	0	0.1038961038961039	0.0	0	0	0	0	0	0	0	33	0.07174887892376682	0.25	0.0	0.21052631578947367
17	http://www.zillow.com/glendale-az/	0.05063291139240506	0.024846218209789467	0.34782608695652173	0	0	0.8444444444444444	0.0	0.0	0	0	102	0.0	0.38095238095238093	26.300531560682764	0.2711864406779661
18	http://www.glendalecc.com/	0.08333333333333333	0.0	0	0	0	0	0	0	0	0.1	2	0	0.5714285714285714	0.6031746031746031	0.24242424242424243
19	http://agency.governmentjobs.com/glendaleca/default.cfm	0	0.0	0.0	0.0	0	0	0	0	0	0.0	196	0.125	0.17391304347826086	0.5215994111495599	0.1702127659574468
20	https://moodle.glendale.edu/	0.037209302325581395	0.0	0	0.0	0	0	0	0	0	0.23529411764705882	4	0.0	0.42105263157894735	0.0	0.3076923076923077
21	http://www.realtor.com/realestateandhomes-search/Glendale_CA	0.0	0.0	0	0.0	0	0	0	0	0	0	92	0.0	0.1702127659574468	0.0	0.0
22	http://www.realtor.com/realestateandhomes-search/California	0.0	0.0	0	0.0	0	0	0	0	0	0	92	0.0	0.0	0.0	0.0
23	http://www.realtor.com/realestateandhomes-search/Los-Angeles-County_CA	0.0	0.0	0	0.0	0	0	0	0	0	0	92	0.0	0.0	0.0	0.0
24	http://www.glendaleca.gov/government/departments/glendale-water-and-power	0	0.0	0.535593220338983	0.0	0.0	0	0	0	0	0	30	0.7340710751237067	0.2711864406779661	0.5333333333333333	0.3404255319148936
26	http://www.zillow.com/glendale-ca/	0.05128205128205128	0.02484478040194341	0.34782608695652173	0	0	1.208080808080808	0.0	0.0	0	0	102	0.0	0.38095238095238093	37.254492511608014	0.2711864406779661
27	http://www.azcentral.com/local/glendale-peoria/	0.0975609756097561	0.6026682911970759	0	0	0.4618927846983172	0.0	0.38095238095238093	0.0	0	0.20512820512820512	123	0.38463209558675626	0.24242424242424243	10.682880110941905	0.09523809523809523
29	http://glendale.guhsdaz.org/	0	0.2579979360165119	0.0	0	0	0	0	0	0	0	25	0	0.4	0.38095238095238093	0.25
30	http://gcc.glendale.edu/gcclibrary/	0.10126582278481013	0.0	0.0	0.0	0	0.0	0.0	0	0	0.08163265306122448	35	0.14814814814814814	0.3076923076923077	0.32	0.3333333333333333
31	https://www.trulia.com/AZ/Glendale/	0.061068702290076333	13.330213244018328	0.2857142857142857	0.17777777777777778	0	0	0.0	0	0	0	4	0.0	0.4	0.0	0.32
32	http://gta.wikia.com/wiki/Glendale	0.08080808080808081	0.8472396925227114	1.0	1.0	0.0	0	0	0	0	0.14869888475836432	76	0.3565670934091987	0.32	0.47058823529411764	0.17777777777777778
33	http://gta.wikia.com/wiki/Glendale	0.08080808080808081	0.8472396925227114	1.0	1.0	0.0	0	0	0	0	0.14869888475836432	76	0.3565670934091987	0.32	0.47058823529411764	0.17777777777777778
34	http://glendale.rapmls.com/	0.06153846153846154	0	0	0	0	0	0	0	0	0.0	3	0	0.42105263157894735	0	0.0
35	http://www.americanaatbrand.com/	0	0.0	0	0	0	0	0	0	0	0	16	0.17391304347826086	0.0	0.0	0.0
36	http://www.glendaleny.com/	0	0.0	0	0	0.0	0	0	0	0	0	63	0	0.5714285714285714	0	0.3137254901960784
37	http://www.yourwestvalley.com/your_town/glendale/	1.0	0.06694560669456066	0.14814814814814814	0	0.12698412698412698	0.0	0	0	0	1.0	38	0.0	0.22857142857142856	0.5095890410958904	0.25806451612903225
38	http://gaor.org/	0.023668639053254437	0.0	0.0	0.25	0	0	0	0	0	0.19753086419753085	11	0.7777777777777777	0.0	1.159927648775778	0.2
39	https://www.arbormemorial.ca/en/glendale	0.06015037593984962	0.0	0.0	0.8259109311740891	0.0	0	0	0	0	0	6	0.16	0.3076923076923077	0.36363636363636365	0.32
40	http://maps.latimes.com/neighborhoods/neighborhood/glendale/	0.044444444444444446	0.12903225806451613	1.0	1.0	0	0.0	0	0	0	0.041025641025641026	155	0.0	0.16326530612244897	0.0	0.1568627450980392
41	http://www.gsd1.org/	0.06896551724137931	0.11594202898550725	0	0	0	0	0	0	0	0.1322314049586777	7	0.696882833741159	0.0	0.3333333333333333	0.26666666666666666
42	http://www.cityofglendaleor.com/	0	0.25806451612903225	0.0	0.0	0	0	0	0	0	0	10	0.12903225806451613	0.4	0	0.5
43	http://www.glendalestar.com/	0.21052631578947367	0.0	0	0	0.0	0.0	0	0	0	0.5	2	1.116194005975038	0.5	0.0	0.2857142857142857
44	http://www.homes.com/for-sale/glendale-az/	0.09411764705882353	1.7256408692977572	0.26666666666666666	0.0	0.4444444444444444	0	0	0	0	0.09090909090909091	7	0.0	0.2857142857142857	15.0	0.5079365079365079
45	http://www.glendaleinfiniti.com/	0.0975609756097561	0.0	0	0	0	0.0	0	0	0	0.2926829268292683	17	0.20253164556962025	0.4	0.5523809523809524	0.14814814814814814
46	http://www.topix.com/city/glendale-az	0.1111111111111111	1.2412189254210104	0.6153846153846154	0	0	0.0	0.0	0	0	0	39	1.1563887093298857	0.3333333333333333	1.6153846153846154	0.42105263157894735
47	http://www.topix.com/state/az	0.0	0.0	0.0	0	0	0.0	0.0	0	0	0	28	0.0	0.0	0.0	0.0
48	http://www.topix.com/county/maricopa-az	0.0	0.0	0.0	0	0	0.0	0.0	0	0	0	28	0.0	0.0	0.0	0.0
49	https://www.eventcinemas.com.au/Cinema/Glendale	0	0.21052631578947367	1.0	0.0	0.0	0	0	0	0	0.0	16	0.1289500509683996	0.24242424242424243	0.0	1.0
50	http://glendale.slcschools.org/	0	0.0	0	0.0	0.2222222222222222	0	0	0	0	0	93	0.4117014588149807	0.34782608695652173	0.48671328671328673	0.36363636363636365
51	https://www.theglendale.com/	0	0.0	0	0	0	0	0	0	0	0	4	0	0.5333333333333333	0.8509188704616764	0.47058823529411764
52	http://www.fandango.com/pacificglendale18_aauuk/theaterpage	0.05673758865248227	0.0	0.16	0.0	0.0	0.0	0.0	0.0	0	0	376	0.0	0.17391304347826086	0.0	0.2077922077922078
53	http://www.gusd.net/	0	0.0	0.0	0.0	0	0	0	0	0	0	5	0.6944444444444444	0.0	2.0	0.1509433962264151
54	https://www.stockland.com.au/shopping-centres/centres/stockland-glendale/visit/centre-directory	0.0903954802259887	0.07692307692307693	0	0.0	0.0	0.0	0	0	0	0	3	0.0	0.10256410256410256	0.16666666666666666	0.13793103448275862
55	https://www.stockland.com.au/shopping-centres/centres/stockland-glendale/visit/centre-directory	0.0903954802259887	0.07692307692307693	0	0.0	0.0	0.0	0	0	0	0	3	0.0	0.10256410256410256	0.16666666666666666	0.13793103448275862
56	http://lib.gccaz.edu/lmc/	0	0.0	0	0.0	0.0	0	0	0	0	0	151	0.0	0.0	0.0	0.0
57	http://www.queenslibrary.org/glendale	1.0	0.0	1.0	0.0	0	0	0	0	0	0	14	0.4444444444444444	0.32	0.0	0.32
58	http://www.realtor.com/apartments/Glendale_AZ	0.12121212121212122	0.0	0.14814814814814814	0.6153846153846154	0.0	0.0	0.0	0	0	0	91	0.4588194358912091	0.25	18.666666666666664	0.1702127659574468
59	http://www.realtor.com/apartments/Arizona	0.0	0.0	0.0	0	0.0	0.0	0.0	0	0	0	91	0.0	0.0	0.0	0.0
60	http://www.realtor.com/apartments/Maricopa-County_AZ	0.0	0.0	0.0	0.0	0.0	0.0	0.0	0	0	0	91	0.0	0.0	1.0	0.0
61	http://arizonapain.com/contact-us/glendale/	0.05405405405405406	0.0	0.38095238095238093	1.6836363636363636	0.0	0.0	0	0	0	0	91	0.19861090586670607	0.24242424242424243	2.7445887445887447	0.1797752808988764
62	http://arizonapain.com/contact-us/	0.05333333333333334	0.0	0.0	0.0	0.0	0.0	0	0	0	0	100	0.0	0.0	1.0	0.0
63	http://www.apple.com/retail/glendalegalleria/	0.0851063829787234	0.0	0.34782608695652173	0.0	0.0	0	0	0	0	0	15	0.08465608465608465	0.25806451612903225	3.1978609625668453	0.20512820512820512
64	http://glendaleacademy.net/	0.0547945205479452	0.0136986301369863	0	0	0.0	0	0	0	0	0.0	11	0.028469750889679714	0.42105263157894735	0.16326530612244897	0.0
65	http://www.golflink.com/golf-courses/city.aspx?dest=Glendale+AZ	0.07017543859649122	0.7956989247311828	0.26666666666666666	0.0	0.0	0	0	0	0	0.3380281690140845	28	0.03686635944700461	0.16	1.701280227596017	0.22857142857142856
66	http://www.golflink.com/golf-courses/state.aspx?state=AZ	0.0	0.0	0.0	0.0	0.0	0	0	0	0	0.0	28	0.0	0.0	0.0	0.0
67	http://www.opentable.com/ca/glendale-restaurants	0.049079754601226995	0.25	0.4	0.0	0.5174825174825175	0.6580645161290323	0.10666666666666667	0.0	0	0.0	62	0	0.22857142857142856	5.871251143732347	0.25
68	http://www.glendalehigh.com/	0	0.0	0.8	0.0	0	0	0	0	0	0	12	0.0	0.5	0.43243243243243246	0.1951219512195122
69	http://phoenix.about.com/cs/govtcity/p/glendale.htm	0	0.11267605633802817	0.27586206896551724	0	0	0	0.0	0	0	0	83	0.6861121751231202	0.2	0.5578652513637034	0.21052631578947367
70	http://phoenix.about.com/od/citiestownsgovernment/	0	0.031746031746031744	0.0	0	0	0	0.0	0	0	0	138	0.0	0.0	0.0	0.0
71	http://glendale.arizona.com/	0.11267605633802817	0.14545454545454545	0.2857142857142857	0.38095238095238093	0.0	0	0	0	0	0.34285714285714286	14	0.11594202898550725	0.4	0.0	0.12698412698412698
72	http://www.apartments.com/glendale-az/	0.047337278106508875	5.660367322562446	0.2857142857142857	0.21621621621621623	0.0	0.0	0.0	0	0	0.125	101	0.04809619238476954	0.32	0.0	0.1509433962264151
73	http://glendaleazchamber.org/	0.023668639053254437	0.3497142857142857	0	0	0	0	0	0	0	0.17391304347826086	33	0	0.38095238095238093	0.18604651162790697	0.2857142857142857
74	http://www.glendaleharley.com/	0.10300429184549356	4.733531943065211	0.6666666666666666	0	0.0	0.0	0	0	0	0.0	26	0.0	0.4444444444444444	5.758364911868805	0.6953242835595776
75	http://www.gesd40.org/	0	0.20512820512820512	1.1111111111111112	0.0	0	0	0	0	0	0	9	0.22857142857142856	0.0	0.0	0.14285714285714285
76	http://www.glendalekentucky.com/	0	0.0	0	0	0	0	0	0	0	0.0	8	0.0	0.4	0	0.08695652173913043
77	https://www.adventisthealth.org/glendale/pages/default.aspx	0.125	0.0	0	0	0	0	0	0	0	0	16	0.0	0.18181818181818182	0.0	0.16494845360824742
78	http://queens.about.com/od/neighborhoods/p/Glendale-Queens-Neighborhood-Profile.htm	0	0.2962962962962963	0.20512820512820512	0	0	0	0.0	0	0	0	61	1.5589632862803604	0.1111111111111111	0.16666666666666666	0.1702127659574468
79	http://www.about.com/travel	0	0.0	0	0.0	0	0.0	0.0	0	0	0	218	0.0	0.0	0.0	0.0
80	http://cfglendale.com/	0.11594202898550725	0.0	0	0	0	0.0	0.47058823529411764	0	0	0	9	0.6666666666666666	0.5714285714285714	0.0	0.5
81	http://www.topix.com/city/glendale-ca	0.20512820512820512	1.1860465116279069	0.6153846153846154	0	0	0.0	0.0	0	0	0	38	1.351510660549398	0.3333333333333333	1.6153846153846154	0.42105263157894735
82	http://www.topix.com/state/ca	0.0	0.0	0.0	0	0	0.0	0.0	0	0	0	28	0.0	0.0	0.0	0.0
83	http://www.topix.com/county/los-angeles-ca	0.0	0.0	0.0	0	0	0.0	0.0	0	0	0	28	0.0	0.0	0.0	0.0
84	https://www.trulia.com/CA/Glendale/	0.06201550387596899	11.702080040240372	0.2857142857142857	0.17777777777777778	0	0	0.0	0	0	0	4	0.0	0.4	0.0	0.32
85	https://www.groupon.com/local/glendale-ca	0.02666666666666667	3.88852874736738	0.47058823529411764	0.0	0.0	0.0	0.0	0.0	0	0.017543859649122806	79	9.25618561663618	0.2962962962962963	1.0	0.5210084033613445
86	https://www.groupon.com/local	0.0	0.0	0.0	0.0	0.0	0.0	0.0	0.0	0	0.0	85	0.0	0.0	0.0	0.0
87	https://www.groupon.com/local/california	0.0	0.0	0.0	0.0	0.0	0.0	0.0	0.0	0	0.0	90	0.0	0.0	0.0	0.0
88	https://www.yelp.com/biz/glendale-galleria-glendale	0.03278688524590164	0.0	0.20512820512820512	0.0	0.32	0.0	0	0	0	0.0	129	0.48180410252842865	0.43243243243243246	1.746450304259635	0.4282772820864791
89	https://www.yelp.com/c/glendale-ca-us/shopping	0.06504065040650407	0.0	0.32	0.0	0.2857142857142857	0	0	0	0	0.0	96	0.0	0.25806451612903225	0.9059011164274322	0.2962962962962963
90	https://www.yelp.com/c/glendale-ca-us/shoppingcenters	0.16666666666666666	0.0	0.0	0.0	0.0	0.0	0	0	0	0.0	89	0.16	0.21052631578947367	6.359629428982986	0.18181818181818182
91	http://www.homes.com/for-sale/glendale-ny/	0.12030075187969924	0.47058823529411764	0.26666666666666666	0.2857142857142857	0.4444444444444444	0	0	0	0	0.0898876404494382	8	0.09448818897637795	0.2857142857142857	6.0	0.25806451612903225
92	http://www.dignityhealth.org/glendalememorial/	0.050314465408805034	0.18181818181818182	0.0	0.0	0	0	0	0	0	0	83	0.0	0.24242424242424243	1.4985870563963872	0.2962962962962963
93	http://glendaleheights.org/	0.0	0.19047619047619047	0	0	0	0	0	0	0	0.18823529411764706	19	0	0.42105263157894735	0.47435897435897434	0.2962962962962963
94	http://www.glendalecemetery.org/	0	0.0	0	0	0	0	0	0	0	0	1	0.03980099502487562	0.4	0	0.15384615384615385
95	http://www.glendaledodgecalifornia.com/	0.10738255033557047	0.0	0.0	0	0.12698412698412698	0.0	0	0	0	0	8	0.0975609756097561	0.2962962962962963	2.830065359477124	0.1509433962264151
97	http://www.portosbakery.com/	0	0.0	0.0	0	0	0	0	0	0	0	3	0.0	0.0	0	0.0
98	http://www.theglendaleapts.com/	0.0625	0.0	0.6666666666666666	0.0	0	0	0	0	0	0.0	4	0.03931203931203931	0.42105263157894735	0.0	0.0
99	http://www.glendalechamber.com/	0	0.0	0.0	0.0	0.3911747167561121	1.0	0	0	0	0	13	0.44548791809337884	0.42105263157894735	2.0	0.16161616161616163
101	http://forgotten-ny.com/2005/03/have-you-been-to-glendale/	0	0.0	0.5333333333333333	0	0.0	0	0	0	0	0.1095890410958904	179	1.740464324391131	0.1702127659574468	0.0	0.1509433962264151
102	https://www.glendalegalleria.com/en/directory.html	0.1111111111111111	0.0	0.0	0	0	0.6153846153846154	0	0	0	0	10	0.0	0.2222222222222222	0.0	0.3333333333333333
103	http://www.glendalearts.org/	0.06639004149377593	0.5303030303030303	0.0	0	0.34782608695652173	0.0	0	0	0	0	27	0.07692307692307693	0.5	0.6153846153846154	0.4
104	http://agency.governmentjobs.com/glendaleaz/default.cfm	0	0.0	0	0	0	0	0	0	0	0	34	0.0	0.17391304347826086	0	0
105	http://www.rentals.com/Arizona/Glendale/	0.14035087719298245	0.0	0.19047619047619047	0.6432748538011696	0.4	0	13.333333333333337	0	0	0	12	0.3821366800007325	0.3076923076923077	0.0	0.25806451612903225
106	http://www.apartmentguide.com/apartments/California/Glendale/	0.041666666666666664	0.0	0	0.6666666666666666	1.980739988804505	0.4451219512195122	0.0	0	0	0	21	0.26484237894716417	0.17391304347826086	20.145454545454545	0.16326530612244897
107	http://www.apartmentguide.com/apartments/California/	0.0	0.0	0.0	0.0	0.0	0.0	0.0	0	0	0	17	0.0	0.0	0.0	0.0
108	http://www.glendale.k12.wi.us/	0	0.5535437298651712	0.38095238095238093	0	0.38095238095238093	0.41025641025641024	0	0	0	0	14	0.0	0.4444444444444444	0.9173441734417345	0.16666666666666666
109	http://www.greatschools.org/arizona/glendale/schools/	0.11764705882352941	4.789556537555928	0.12698412698412698	0	0	0	0	0	0	0	158	0.0	0.21052631578947367	1.0	0.3076923076923077
110	http://www.greatschools.org/arizona/	0.0	0.0	0	0.0	0	0	0	0	0	0.0	8	0.0	0.0	0.0	0.0
111	http://www.greatschools.org/arizona/glendale/	0.11428571428571428	2.6720647773279356	0.5	0.0	0.0	0.0	0	0	0	0.345679012345679	22	0.0	0.25806451612903225	7.333333333333335	0.22535211267605634
112	http://www.glendalekiwanis.info/	0	0.0	0	0	0	0	0	0	0	0	8	0.0	0.4	1.996168582375479	0.25
113	http://glendale.ro/	0	0.0	0.0	0.0	0.5	0.0	0	0	0	0	5	0.0	0.7272727272727273	0.6153846153846154	0.27586206896551724
114	http://www.apartments.com/glendale-ny/	0.04819277108433735	11.111111111111114	0.2857142857142857	0.21621621621621623	0.0	0.0	0.0	0	0	0.125	91	0.04838709677419355	0.32	0.0	0.1509433962264151
115	http://glendel.com/	0	0.0	0.0	0.0	0	0	0	0	0	0.0	20	0.0	0.0	0.0	0.0
116	https://www.groupon.com/local/north-glendale	0.027874564459930314	3.3520922332737673	0.34782608695652173	0.0	0.0	0.0	0.0	0.0	0	0.017316017316017316	79	4.0	0.26666666666666666	0.5714285714285714	0.43529411764705883
117	https://www.groupon.com/local	0.0	0.0	0.0	0.0	0.0	0.0	0.0	0.0	0	0.0	85	0.0	0.0	0.0	0.0
118	https://www.groupon.com/local/california	0.0	0.0	0.0	0.0	0.0	0.0	0	0.0	0	0.0	90	0.0	0.0	0.0	0.0
119	http://www.rightathome.net/glendale/	0.04678362573099415	0.0	0.11764705882352941	0.0	0	0	0	0	0	0.036036036036036036	20	0.34782608695652173	0.34782608695652173	0.9841269841269841	0.07766990291262135
120	http://schools.mnps.org/glendale-elementary-school	0	0.0	0.3076923076923077	0.0	0.0	0	0	0	0	0	72	0.14923892018200377	0.19047619047619047	0.0	0.13559322033898305
121	http://www.glendalechildcare.com/	0.05333333333333334	0.0	0.0	0.0	0.0	0.11594202898550725	0	0	0	0.05925925925925926	20	0.09113767576451418	0.38095238095238093	0.8771929824561403	0.14814814814814814
122	http://www.glendalechildcare.com/	0.05333333333333334	0.0	0.0	0.0	0.0	0.11594202898550725	0	0	0	0.05925925925925926	20	0.09113767576451418	0.38095238095238093	0.8771929824561403	0.14814814814814814
123	http://www.glendalekia.com/	0.24	0.0	0	0	0.22857142857142856	0.0	0	0	0	0.3137254901960784	12	0.060836501901140684	0.5333333333333333	2.380952380952381	0.25
124	http://www.citytowninfo.com/places/arizona/glendale	0.12549019607843137	0.0	0.47058823529411764	0	5.622186971132993	0	0	0	0	0.10810810810810811	100	0.7682563141297014	0.21621621621621623	0.8888888888888888	0.1038961038961039
125	http://www.citytowninfo.com/places	0.0	0.0	0.0	0	0.0	0	0	0	0	0.0	114	0.0	0.0	0.0	0.0
126	http://www.subaruofglendale.net/	0.064	0.0	0.0	0.10126582278481013	0.2740963855421687	0.0	0	0	0	0.16326530612244897	6	0.4036462840705849	0.4	2.888888888888889	0.1095890410958904
127	http://www.jaxfishhouse.com/glendale/	0.10705334765485142	0.0	0.0	0.0	0.0	0	0	0	0	0	30	1.0211426000899686	0.3333333333333333	0.0	0.3076923076923077
128	http://glendale.jobing.com/	0.15384615384615385	0.0	0.0	0.0	0.0	0.0	0	0	0	0.4	5	0.0	0.42105263157894735	0.0	0.26666666666666666
129	https://www.tripadvisor.com/Restaurants-g31231-Glendale_Arizona.html	0.09090909090909091	6.723809523809526	0.49777777777777776	0	0.0	0	0	0	0	0.11940298507462686	1	0	0.14545454545454545	2.605714285714286	0.1568627450980392
130	https://www.tripadvisor.com/Tourism-g659480-Central_Arizona_Arizona-Vacations.html	0.0	0.016	0.0	0	0.0	0	0	0	0	0.0	2	0	0.0	1.0	0.0
131	https://www.tripadvisor.com/Tourism-g31231-Glendale_Arizona-Vacations.html	0.17647058823529413	0.7963109354413702	0.9411764705882353	0	0.7247311827956988	0	0	0	0	0.19444444444444445	1	0	0.13114754098360656	1.6057142857142859	0.16666666666666666
132	http://www.glendalelaw.edu/	0.0	0.0	0.0	0.0	0	0	0	0	0	0.0	15	0.796061369039467	0.5333333333333333	1.5552941176470587	0.09090909090909091
133	http://glendalemri.com/	0.048484848484848485	0.1509433962264151	0.0	0.18181818181818182	0.0	0.0	0	0	0	0	15	0.3189892312613285	0.5333333333333333	0.42105263157894735	0.18181818181818182
134	http://www.glendalehumane.org/	0.05925925925925926	0	0	0	0	0	0	0	0	0.07207207207207207	0	0	0.4444444444444444	0	0.17777777777777778
135	http://www.glendalehumane.org/	0.05925925925925926	0	0	0	0	0	0	0	0	0.07207207207207207	0	0	0.4444444444444444	0	0.17777777777777778
136	http://www.landmarktheatres.com/indianapolis/glendale-12	0.14545454545454545	0.0	0	0	0	0.17777777777777778	0	0	0	0	38	0	0.18604651162790697	0.0	0.2318840579710145
137	http://www.thefreedictionary.com/Glendale	0.14336917562724014	0.1951219512195122	1.0	0.0	0	0	0	0	0	0.13186813186813187	106	0.0	0.27586206896551724	18.0	0.2857142857142857
138	http://www.toyotaofglendale.com/	0.06451612903225806	0.04040404040404041	0.25	0.0	0.0	0	0	0	0	0.27586206896551724	7	0.11562302340290956	0.4	2.888888888888889	0.14814814814814814
139	http://www.toyotaofglendale.com/used-inventory/index.htm	0.061068702290076333	0.04040404040404041	0.430416068866571	0.2	0	0	0	0	0	0.13559322033898305	29	0.04678362573099415	0.18604651162790697	2.888888888888889	0.26666666666666666
140	http://www.toyotaofglendale.com/parts/index.htm	0.034334763948497854	0.04040404040404041	0.298858526461432	0.0	0	0	0	0	0	0.19753086419753085	7	0.05714285714285714	0.23529411764705882	4.333333333333333	0.06349206349206349
141	http://www.toyotaofglendale.com/service/index.htm	0.026058631921824105	0.04040404040404041	0.3277591973244147	0	0	0	0	0	0	0.19875776397515527	8	0.231055900621118	0.2222222222222222	4.333333333333333	0.14545454545454545
142	http://www.glenndalegolfclub.com/	0.0	0.0	0.0	0	0.0	0	0	0	0	0	5	0.0	0.0	0.0	0.0
143	http://www.yellowpages.com/glendale-ca	0.12030075187969924	2.7005772704267916	0.4	0.0	0.26666666666666666	0.3333333333333333	0	0	0	0	16	0.0	0.3076923076923077	0.9467092047737209	0.38095238095238093
144	http://www.rent.com/arizona/glendale-apartments/2-232	0.049079754601226995	0.0	0.22857142857142856	1.463994828700711	0.0	0.0	0	0.0	0	0	9	8.64329211487405	0.20512820512820512	21.0	0.13333333333333333
145	http://www.rent.com/arizona/1-3	0.0	0.0	0.0	0.0	0.0	0	0	0.0	0	0	9	0.0	0.0	0.0	0.0
146	http://www.greatschools.org/california/glendale/	0.11188811188811189	2.4615384615384617	0.5	0.0	0.0	0.0	0	0	0	0.3393939393939394	18	0.0	0.23529411764705882	4.666666666666667	0.21621621621621623
147	http://www.greatschools.org/california/	0.0	0.0	0.0	0.0	0.0	0.0	0	0	0	0.0	30	0.0	0.0	0.0	0.0
148	http://www.massageenvy.com/clinics/CA/Glendale.aspx	0	0	0	0	0	0	0	0	0	0	0	0	0.21621621621621623	0	0
149	http://www.glendalelakes.com/	0.4	0.06451612903225806	0.22857142857142856	0	0.0	0	0	0.20512820512820512	0	0	3	0.332697948724595	0.47058823529411764	0.0	0.3404255319148936
150	http://www.guhsdaz.org/	0	0.0	0.32	0	0	0	0	0	0	0	13	0.0	0.0	0.10256410256410256	0.0
151	http://www.downtownglendale.com/	0.06611570247933884	0.14035087719298245	0	0.0	0.2886106141920095	0	0.0	0	0	0	7	1.1288789872941922	0.4	0.3038961038961039	0.17297297297297298
152	http://glendalefcu.org/	0	0.0	0	0	0	0	0	0	0	0	15	0	0.5333333333333333	0.0	0.27586206896551724
153	http://www.genesishcc.com/Glendale	0	0.0	0.0	0.0	0.0	0.0	0	0	0	0	7	0.0	0.36363636363636365	0.5657219973009446	0.1951219512195122
154	https://www.hotels.com/de1506821/hotels-glendale-california/	0.05263157894736842	0.47058823529411764	0	1.0666666666666667	1.4505208952267776	0	0.0	0	0	0.0	77	0.17777777777777778	0.17777777777777778	4.28192479854884	0.16
155	http://glendalemt.com/	0.050793650793650794	0.0	0	0	0	0	0	0	0	0.07947019867549669	0	0	0.5714285714285714	0	0.050955414012738856
156	http://www.glendalekybusinesses.com/	0.07547169811320754	0.0	0	0	0	0	0	0	0	0.23076923076923078	0	0	0.3333333333333333	0.4444444444444444	0.32
157	http://www.bradkorb.com/glendale	0.11347517730496454	0.0	0.4	1.0	1.0	0	0	0	0	0.384	24	1.8275462962962963	0.4	1.4	0.13793103448275862
158	http://www.ggchamber.com/	0.16783216783216784	0.05714285714285714	0.17391304347826086	0.0	0	0	0	0	0	0.2962962962962963	7	0.4697897026831037	0.0	0.0	0.27586206896551724
159	http://www.civilwar.org/battlefields/glendale.html	0.03292181069958848	0.007866273352999017	1.0	0.6153846153846154	2.589635854341737	0	0.0	0	0	0.11267605633802817	103	0.22887864823348694	0.21621621621621623	0.0	0.25806451612903225
160	http://www.glendalecentretheatre.com/	0	0.0	0.0	0.0	0	0	0	0	0	0	4	0.06153846153846154	0.32	0.0	0.32653061224489793
161	http://www.hiltonlosangelesglendale.com/	0	0	0	0	0	0	0	0	0	0	0	0	0.2857142857142857	0	0.2857142857142857
162	http://www.worldgym.com/glendale/	0	5.128625166392609	0	0	0	0	0	0	0	0	23	0	0.4	0.0	0.32
163	http://www.westwinddi.com/locations/glendale	0.08163265306122448	0.0	0	0	0.4444444444444444	0.0	0	0	0	0.42105263157894735	15	0.0	0.25806451612903225	0.25806451612903225	0.12403100775193798
164	http://www.glendaletheatrearts.co.uk/#!	0.0	0.0	0	0	0	0	0	0	0	0.0	0	0	0.2962962962962963	0	0.10666666666666667
165	http://www.glendalenissan.com/	0.0898876404494382	0.8779050736497546	0.34782608695652173	0.0	0.0	0	0	0	0	0	11	0.02733485193621868	0.4444444444444444	0.0	0.25396825396825395
166	http://en.clublink.ca/Default.aspx?p=dynamicmodule&pageid=399536&ssid=322929&vnf=1	0.0	0.0	0.0	0.2857142857142857	0.2857142857142857	0	0	0.25806451612903225	0	0.0	41	0.07142857142857142	0.0	0.26666666666666666	0.0
167	http://www.sciway.net/city/glendale.html	0.07511737089201878	0.0	0.3333333333333333	0.4	0	0	0.0	0	0	0.05333333333333334	25	0	0.2962962962962963	0.0	0.3333333333333333
168	http://infinityparkatglendale.com/raptors	0.05333333333333334	0.5842105263157895	0	0	0.0	0	0	0	0	0	11	0.07017543859649122	0.24242424242424243	1.379120879120879	0.5
169	https://www.yelp.com/biz/verdugo-park-glendale	0.0	0.0	0.0	0.0	0.2857142857142857	0.0	0	0	0	0.0	106	0.3465323957104789	0.25	1.2758620689655173	0.2318840579710145
170	https://www.yelp.com/c/glendale-ca-us/active	0.03636363636363636	0.0	0.2857142857142857	0.0	0.0	0	0	0	0	0.0	96	0.0	0.27586206896551724	0.0	0.26666666666666666
171	https://www.yelp.com/c/glendale-ca-us/parks	0.06837606837606838	0.0	0.36363636363636365	0.0	0.34782608695652173	0	0	0	0	0.0	95	0.0	0.2857142857142857	0.6956521739130435	0.3333333333333333
172	http://www.moviefone.com/theater/west-wind-glendale-9-drive-in/9010/showtimes/	0.1032258064516129	0.0	0.20512820512820512	0	0.0	0	0	0	0	0	83	0	0.12903225806451613	0.0	0.17582417582417584
173	http://www.nissan1.com/	0.06584362139917696	0.0	0.11594202898550725	0.211965811965812	0.0	0.0	0	0	0	0.10666666666666667	4	0.02973977695167286	0.0	2.533333333333333	0.20512820512820512
174	http://welcometoglendale.com/	0	0	0	0	0	0	0	0	0	0	0	0	0.38095238095238093	0	0
175	http://www.apartmentguide.com/apartments/Arizona/Glendale/	0.042105263157894736	0.0	0	0.6666666666666666	1.9839485449542376	0.0	0.0	0	0	0	19	0.037914691943127965	0.18604651162790697	32.56390977443609	0.16
176	http://www.apartmentguide.com/apartments/Arizona/	0.0	0.0	0.0	0.0	0.0	0.0	0.0	0	0	0	17	0.0	0.0	0.0	0.0
177	http://glendalemediacenter.com/	0	0.0	0	0	0	0	0	0	0	0.05170068027210884	5	0.0	0.34782608695652173	0.14953271028037382	0.4444444444444444
178	http://infinityparkatglendale.com/2015/	0	0.0	0.0	0.5256038647342995	0.0	0.0	0	0	0	0	69	0.3848230310965219	0.26666666666666666	0.8978202827504704	0.13333333333333333
179	http://www.mallseeker.com/tanger-phoenix-glendale.aspx	0.14414414414414414	0.0	0	0.0	0	0	0	0	0	0.14285714285714285	102	0	0.19047619047619047	8.557537846215755	0.2711864406779661
180	http://glendale.yourkwoffice.com/	0.25806451612903225	0.22635658914728682	0	0.0	0	0	0	0	0	0.0898876404494382	21	0	0.32	0.0	0.13333333333333333
181	http://www.alextheatre.org/	0	0.0	0.0	0.3333333333333333	0.0	0.0	0	0	0	0	6	0.2	0.0	0	0.10526315789473684
182	http://www.usa.com/glendale-ca.htm	0.1085972850678733	0.6666666666666666	0.6666666666666666	0.5375494071146245	0	0	0	0	0	0	2	0.05931417979610751	0.36363636363636365	0	0.36363636363636365
183	http://www.latimes.com/socal/glendale-news-press/news/	0	0.0	0.0	0.0	0	0.23529411764705882	0	0	0	0	6	0.6465659980533689	0.20512820512820512	0.42105263157894735	0.2909090909090909
185	http://www.yellowpages.com/glendale-az	0.12030075187969924	2.2212270488132555	0.4	0.0	0.26666666666666666	0.3333333333333333	0	0	0	0	16	0.0	0.3076923076923077	0.9467092047737209	0.38095238095238093
186	http://local.dmv.org/california/los-angeles-county/glendale/dmv-office-locations.php	0.06956521739130435	0.0	0.20512820512820512	0	0	0	0	0	0	0	17	0.0	0.1095890410958904	0.24242424242424243	0.1951219512195122
187	http://local.dmv.org/california/dmv-office-locations.php	0.0	0.0	0.0	0	0.0	0	0	0	0	0	17	0.0	0.0	0.0	0.0
188	http://local.dmv.org/california/los-angeles-county/dmv-office-locations.php	0.0	0.0	0.0	0	0.0	0	0	0	0	0	68	0.0	0.0	0.0	0.0
189	http://www.indypl.org/locations/glendale/	0	0.0	0.5333333333333333	0.38095238095238093	0.0	0	0	0	0	0	61	0.626480288437867	0.2962962962962963	0	0.16326530612244897
190	http://www.tangeroutlet.com/glendale	0	0.0	0	0.0	0	0.0	0	0	0	0	11	0.0	0.3333333333333333	0.0	0.19047619047619047
191	http://www.visitglendale.com/events/	0	0.0	0	0	0	0	0	0	0	0.06926406926406926	8	0.4337544808133043	0.34782608695652173	0.50682261208577	0.1927710843373494
193	http://www.sandsglendale.com/	0.05194805194805195	0.24911541574429436	0	0	0	0.0	0	0	0	0.2436548223350254	14	0.0	0.47058823529411764	0.0	0.12903225806451613
194	http://www.vagabondinn.com/vagabond-inn-glendale	0.05442176870748299	0.34782608695652173	0.18181818181818182	0.7478260869565218	0.0	0	0	0	0	0	57	0	0.2222222222222222	1.0	0.3076923076923077
195	http://www.legacy.com/obituaries/glendalenewspress/	0.057971014492753624	0.0	0	0	0	0	0	0	0	0.045714285714285714	130	0	0.21621621621621623	2.4615384615384617	0.14678899082568808
196	http://katsuyarestaurant.com/glendale/	0.050314465408805034	0.16666666666666666	0.0	0.0	0.5925925925925926	0	0	0	0	0.26666666666666666	72	0.13578757050416967	0.27586206896551724	1.0	0.17777777777777778
197	http://www.glendalemitsubishi.com/	0.06584362139917696	0.04790419161676647	0.34632034632034636	0.29473684210526313	0	0	0	0	0	0.13559322033898305	13	0.06967183555715831	0.36363636363636365	4.374269005847953	0.13114754098360656
198	http://www.glendalemitsubishi.com/new-inventory/mitsubishi-los-angeles.htm	0.041666666666666664	0.04790419161676647	0.0	0	0	0	0	0	0	0.0975609756097561	15	0.0	0.13114754098360656	2.8421052631578947	0.07920792079207921
199	http://www.glendalemitsubishi.com/used-inventory/index.htm	0.08205128205128205	0.04790419161676647	0.0761904761904762	0.08695652173913043	0	0	0	0	0	0.1839080459770115	45	0.0	0.17777777777777778	2.8421052631578947	0.08791208791208792
200	http://www.glendalemitsubishi.com/service/index.htm	0.06866952789699571	0.04790419161676647	0.12903225806451613	0.0	0	0	0	0	0	0.1935483870967742	16	0.07323243401330701	0.21052631578947367	5.273959464876295	0.08247422680412371
201	http://glendaleeye.com/	0	0.0	0.3076923076923077	0	0.0	0	0	0	0	0	1	0.33539721833900404	0.5333333333333333	0.0	0.47058823529411764
202	http://www.pacifictheatres.com/glendale/	0	0.4444444444444444	0.42105263157894735	0	0	0	0	0	0	0	23	0.2122658950245157	0.2962962962962963	0.0	0.36363636363636365
203	http://glendalegunshow.com/	0	0.0	0.0	0	0.0	0	0	0	0	0	17	0.0	0.42105263157894735	0.3429854096520763	0.27586206896551724
204	http://www.glendalevotes.org/	0	0.0	0	0.0	0	0	0	0	0	0	15	0.1514026402640264	0.47058823529411764	0.0	0.32
205	http://phoenix.about.com/od/holidayevents/a/glenglitters.htm	0	0.1951219512195122	0.36363636363636365	0	0.49207828518173347	0	0.0	0	0	0	68	0.26417473613629633	0.0	0.5780645161290323	0.2222222222222222
206	http://phoenix.about.com/od/events/	0	0.0	0.0	0	0	0	0.0	0	0	0	197	0.0	0.0	0.0	0.0
207	http://www.movietickets.com/theater/hid/10832/n/Pacific-Theatres-Glendale-18	0	0	0	0	0	0	0	0	0	0	0	0	0.13333333333333333	0	0
208	http://www.avaloncommunities.com/california/glendale-apartments/avalon-glendale	0.10191082802547771	0.5333333333333333	0.5333333333333333	1.2327488882566966	0.05555555555555555	0.0	0.0	0	0	0.11594202898550725	32	0.35489931088490106	0.24615384615384617	3.4210526315789473	0.2711864406779661
209	https://glendale.madison.k12.wi.us/	0	0.0	0	1.372926172926173	0.3076923076923077	0.0	0	0	0	0	85	0.0	0.3076923076923077	0.33193473193473194	0.21333333333333335
210	http://www.dailyherald.com/community/glendale-heights/	0.0	0.0	0.0	0	0.6276923076923078	0	0.0	0	0	0.0	75	0.12698412698412698	0.2	0.0	0.13793103448275862
212	http://www.usa.com/glendale-az.htm	0.11214953271028037	0.6666666666666666	0.6666666666666666	0.5375494071146245	0	0	0	0	0	0	2	0.05850091407678245	0.36363636363636365	0	0.36363636363636365
213	http://www.westgateaz.com/	0.0	0.0	0.0	0.0	0.0	0.0	0	0	0	0.04507042253521127	17	0.7233273056057866	0.0	0.0	0.0
214	http://www.glendalecareer.com/	0.1038961038961039	0.0	0.4987694831829368	0.27586206896551724	0.0	0	0	0	0	0	18	0.354050087985233	0.4444444444444444	0.16	0.1509433962264151
215	http://glendalegreenhouse.com/	0.10810810810810811	0.0	0.0	0.0	0.0	0.0	0.0	0.0	0	0.21428571428571427	3	0.0	0.36363636363636365	1.5404556166535741	0.2711864406779661
216	http://embassysuites3.hilton.com/en/hotels/california/embassy-suites-by-hilton-los-angeles-glendale-BURGLES/index.html	0.058394160583941604	0.0	0	0.0	0	0	0	0.0	0	0.3582089552238806	62	0.41289147423467887	0.07547169811320754	4.715952038122996	0.16
217	http://www.fandango.com/glendale_+ca_movietimes	0.05517241379310345	0.0	0.0	0.0	0.0	0.0	0.0	0.0	0	0	798	0.0	0.22857142857142856	0.47058823529411764	0.10810810810810811
218	http://www.glendaleprep.org/	0.08163265306122448	0.0	0	0	0.0	0	0	0	0	0.06167400881057269	17	0.0	0.5	0.0	0.2857142857142857
219	http://www.glendaleciviccenter.com/	0	0	0	0	0	0	0	0	0	0.005239030779305829	1	0.045714285714285714	0.34782608695652173	0	0.25806451612903225
220	http://www.marriott.com/hotels/travel/phxgr-renaissance-phoenix-glendale-hotel-and-spa/	0.11764705882352941	0.0	0	0.0	0.0	0.0	0	0	0	0.23668639053254437	33	0.4491952773500015	0.1111111111111111	2.298136645962733	0.47099567099567097
221	http://glendaleazchamber.org/home.htm	0.023668639053254437	0.3497142857142857	0	0	0	0	0	0	0	0.17391304347826086	38	0	0.27586206896551724	0.18604651162790697	0.2857142857142857
222	http://glendaleheights.org/?OWASP_CSRFTOKEN=P7EY-UARQ-K1J4-7V5H-WCPS-REJ0-5K8T-4WZJ	0.0	0.19047619047619047	0	0	0	0	0	0	0	0.18823529411764706	22	0	0.10666666666666667	0.47435897435897434	0.2962962962962963
223	http://www.youtube.com/user/MyGlendale11	0.1	0.18123664357454394	0.0	0.2857142857142857	0.0	0.0	0	0	0	0.16326530612244897	9	0.0	0.2962962962962963	1.331156186612576	0.27586206896551724
224	https://glendaleyoga.com/	0.022099447513812154	0.0	0.42105263157894735	0.3076923076923077	0.0	0	0	0	0	0	4	0.6387764282501125	0.5	0.0	0.35294117647058826
225	http://www.glendale-services.co.uk/glendale-local	0	0.47058823529411764	0.5714285714285714	0	0	0	0	0	0	0	26	0	0.43243243243243246	0.7668845315904139	0.4
226	http://www.indeed.com/l-Glendale,-AZ-jobs.html	0.1038961038961039	0.26666666666666666	0	0.0	0	0	0	0	0	0.30939226519337015	3	0.0	0.23529411764705882	3.2088888888888882	0.17777777777777778
227	http://glendalehighschool.net/springfield-mo/	0.08540925266903915	0.8919288645690835	0.18604651162790697	0.5571591529038338	0	0	0	0	0	0	52	0.37871076809129905	0.2222222222222222	0.0	0.2222222222222222
228	http://www.officedepot.com/storelocator/az/glendale/officemax-6171/	0.05161290322580645	0.0	0.0975609756097561	0.0	0.0	0	0	0	0	0.26229508196721313	44	0.0	0.1568627450980392	1.0	0.2222222222222222
229	http://www.officedepot.com/storelocator/states/	0.0	0.0	0	0.0	0.0	0	0	0	0	0.0	35	0.0	0.0	0.0	0.0
230	http://www.officedepot.com/storelocator/az/	0.0	0.0	0	0.0	0.0	0	0	0	0	0.0	35	0.0	0.0	0.0	0.0
231	http://www.officedepot.com/storelocator/az/glendale/	0.0	0.0	0	0.0	0.0	0	0	0	0	0.0	35	0.0	0.21621621621621623	0.4444444444444444	0.0
232	http://glendaleheating.com/	0.05263157894736842	0.21621621621621623	0.0	0	0.15384615384615385	0	0	0	0	0	9	0.14792949062194444	0.42105263157894735	0.4	0.17391304347826086
233	http://glendale257.com/	0.3333333333333333	0.3333333333333333	0	0	0	0	0	0	0	0.041025641025641026	11	0	0.5333333333333333	0.0	0.3333333333333333
234	http://www.gsah.com/	0.0851063829787234	0.0	0.0	0	0.0	0	0	0	0	0	4	0.5730215344768221	0.0	0.0	0.3076923076923077
235	http://www.glendale.net/	0	0	0	0	0	0	0	0	0	0	0	0	0.6666666666666666	0	0.6666666666666666
236	http://www.glendalequiltguild.org/	0.0	0.0	0	0	0	0	0	0	0	0.13114754098360656	3	0	0.36363636363636365	0.4	0.16666666666666666
237	https://valleyymca.org/glendale-peoria/	0.06201550387596899	0.0	0	0.5763975155279503	0.0	0.18604651162790697	0.0	0	0	0	122	0.045889967637540455	0.27586206896551724	1.2758620689655173	0.2222222222222222
238	http://www.glendalepa.com/	0.0	0.0	0.0	0	0	0	0	0	0	0	0	0.11428571428571428	0.5714285714285714	0	0.4444444444444444
239	http://www.loopnet.com/Arizona/Glendale-Commercial-Real-Estate/	0.13559322033898305	0.0	0.25806451612903225	0.25806451612903225	1.5966587357891704	0.1839080459770115	0	0	0	0.28125	100	0.0	0.16326530612244897	0.0	0.21333333333333335
240	http://local.fedex.com/ca/glendale/office-3702/	0.05405405405405406	0.0	0.1509433962264151	0.0	0.0	0	0	0	0	0	120	0.18181818181818182	0.2222222222222222	2.115948117418474	0.11764705882352941
241	http://www.cabelas.com/category/Glendale-Gun-Library/105934680.uts	0	0.0	0.4	0.0	0.0	0.0	0	0	0	0	29	0.0	0.15384615384615385	0.0	0.25806451612903225
242	http://www.cabelas.com/catalog/browse.cmd?N=1123646	0.0	0.0	0.0	0.0	0.0	0.0	0	0	0	0	37	0.0	0.0	0.0	0.0
243	http://hondaofglendale.com/	0.0	0.0	0.0	0	0	0	0	0	0	0	7	0.0	0.42105263157894735	0.9351043643263757	0.3076923076923077
244	http://www.glendale-services.co.uk/about/contact	0	0.47058823529411764	0.5714285714285714	0.32	0	0	0	0	0	0	1	0.14709020766642042	0.22857142857142856	2.101845866551749	0.24242424242424243
245	http://www.timeanddate.com/worldclock/usa/glendale-az	0.14457831325301204	1.0	0	0.0	0.0	0	0	0	0	0.04597701149425287	5	0.0	0.20512820512820512	0.0	0.18181818181818182
247	http://www.glendaleuh.com/	0.12903225806451613	0.0	0	0.4	0	0.0	0	0	0	0.052980132450331126	1	0.041237113402061855	0.5714285714285714	0.0	0.16666666666666666
248	http://www.dcnr.state.pa.us/stateparks/findapark/princegallitzin/	0	0.0	0	0.0	0.0	0	0	0	0	0	55	0.18650517102234612	0.0	0.0	0.0
249	http://www.dcnr.state.pa.us/stateparks/findapark/princegallitzin/index.htm	0	0.0	0	0.0	0.0	0	0	0	0	0	55	0.18650517102234612	0.0	0.0	0.0
250	http://hamptoninn3.hilton.com/en/hotels/arizona/hampton-inn-and-suites-phoenix-glendale-westgate-PHXGLHX/index.html	0.053691275167785234	0.0	0	0.0	0.19047619047619047	0	0	0.0	0	0.2376237623762376	75	0.4307570164440528	0.07766990291262135	4.766746681086732	0.22857142857142856
251	http://www.youfit.com/location/glendale-7395	0.07692307692307693	0.0	0.6677265500794913	0.0	0.0	0.0	0	0	0	0.3076923076923077	28	0.25	0.25806451612903225	1.0	0.3076923076923077
252	http://glendalesoccer.com/	0.2	0	0.2	0	0.0	0	0	0	0	0	24	0.1111111111111111	0.4444444444444444	0.0	0.4444444444444444
253	http://glendale.eat24hours.com/	0.10884353741496598	0.0	1.0	0.36363636363636365	0.0	0	0	0	0	0.0903954802259887	48	0.01907032181168057	0.34782608695652173	0.0	0.20253164556962025
254	http://catalog.glendalepubliclibrary.org/	0	0	0	0	0	0	0	0	0	0	0	0	0.24242424242424243	0	0
255	http://glendale.guhsdaz.org/home/	0	0.2579979360165119	0.0	0	0	0	0	0	0	0	34	0	0.3333333333333333	0.38095238095238093	0.25
256	http://www.equityonglendale.com/	0	0.0	0	0	0	0	0	0	0	0	1	0.0	0.4	0.0	0.24615384615384617
257	http://www.hwdsb.on.ca/glendale/	0	0.0	0	0.0	0	0	0	0	0	0	140	0.13144496899009533	0.42105263157894735	0.0	0.32
258	http://glenopto.com/	0.052980132450331126	0.0	0.0	0.2962962962962963	0.0	0	0	0	0	0	10	0.1928459853534446	0.0	1.6153846153846154	0.23880597014925373
259	https://www.midwestern.edu/glendale_campus.html	0.0449438202247191	0	0.5333333333333333	0.0	0.0	0	0	0	0	0	10	0.23492063492063492	0.23529411764705882	0	0.20512820512820512
260	http://leaguelineup.com/welcome.asp?url=glendalebears	0.10526315789473684	1.028657616892911	0.36199095022624433	0.1568627450980392	0	0	0	0	0	0.06324110671936758	36	0	0.17777777777777778	2.611439514020451	0.16161616161616163
261	http://www.glendalearts.org/events	0	0.5303030303030303	0	0.0	0.0	0	0	0	0	0	168	0.27228981109069605	0.36363636363636365	8.0	0.35555555555555557
262	http://www.olph.com/	0	0.0	0	0.0	0.0	0.0	0	0	0	0	9	0.0	0.0	0.0	0.2560163850486431
263	http://www.stonecreekcoffee.com/glendale	0.08579088471849866	0.0	0	0	0	0	0	0	0	0.05128205128205128	17	0.0	0.2857142857142857	2.0	0.20512820512820512
264	http://www.glendale-optometry.com/	0.07547169811320754	0.6666666666666666	0.4444444444444444	0	0.6666666666666666	0	0	0	0	0	0	0.032520325203252036	0.36363636363636365	0.032520325203252036	0.4444444444444444
265	http://www.sthelenglendale.org/	0.22857142857142856	0.0	0	0.0	0.34782608695652173	0	0	0	0	0	4	0.0	0.42105263157894735	0.0	0.34782608695652173
268	http://www.glendalechryslerjeep.net/	0.08839779005524862	0.0	0.0	0.0	0.17391304347826086	0.0	0	0	0	0	2	0.13562195380377198	0.3333333333333333	0.3790322580645161	0.17391304347826086
269	http://hotelguides.com/california/glendale-ca-hotels.html	0.05555555555555555	0.0	0.1951219512195122	0.36363636363636365	0.27586206896551724	0	0	0	0	0.0903954802259887	38	0.0	0.16666666666666666	1.7397839619170814	0.4
270	http://hotelguides.com/california/ca-hotels.html	0.0	0.0	0.0	0	0	0	0	0	0	0.0	2	0.0	0.0	0.0	0.0
271	http://www.marriott.com/hotels/travel/phxgl-springhill-suites-phoenix-glendale-sports-and-entertainment-district/	0.096	0.0	0	0.0	0.0	0.0	0	0	0	0.19047619047619047	28	0.12476412476412477	0.08163265306122448	2.247213779128673	0.2857142857142857
272	http://www.ggardencafe.com/	0	0.0	0	0	0	0	0	0	0	0	1	0.20512820512820512	0.0	0.4	0.0
273	http://www.thesaddleranch.com/glendale.html	1.0	0.0	0	0	0	0	0	0	0	0.026755852842809364	10	0.0	0.25806451612903225	0	0.09195402298850575
274	http://www.thesaddleranch.com/glendale.html	1.0	0.0	0	0	0	0	0	0	0	0.026755852842809364	10	0.0	0.25806451612903225	0	0.09195402298850575
275	http://glendalenaturepreserve.org/	0	0.0	0.0	0.0	0.0	0	0	0	0	0	1	0	0.3076923076923077	0	0.24242424242424243
276	http://www.glendalefightingclub.com/	0.0	0.0	0.0	0	0.0	0	0	0	0	0.36363636363636365	0	0.0	0.3333333333333333	0	0.36363636363636365
277	http://glendale.clublink.ca/	0.0	0.0	0.0	0	0.0	0	0	0.25806451612903225	0	0.0	10	0.0	0.4	0.26666666666666666	0.21621621621621623
278	http://pd.glendale-wi.org/	0	0	0	0	0	0	0	0	0	0	0	0.0	0.4444444444444444	0	0.0
279	http://www.tangeroutlet.com/glendale/coupons	0	0.0	0.0	0.0	0	0	0.0	0	0	0	70	0.1	0.25806451612903225	0.0	0.16
280	https://www.anoush.com/banquet-halls	0.06299212598425197	0.0	0.2857142857142857	0.12698412698412698	0.0	4.307692307692308	0	0	0	0	159	0.04006417843709724	0.0	1.0	0.2857142857142857
281	http://www.worldmarket.com/store-locator/glendale.do	0.05263157894736842	0.0	0.1951219512195122	0.0	0.0	0	0	0	0	0.0	40	0.0	0.20512820512820512	0.5576923076923077	0.1509433962264151
282	http://wikitravel.org/en/Glendale	0.26666666666666666	0.0	1.0	0.0	0.0	0	0	0	0	0.0851063829787234	12	0.0	0.3333333333333333	0.0	0.38095238095238093
283	http://www.extendedstayamerica.com/hotels/ca/los-angeles/glendale	0.05405405405405406	0.0	0.0	0.0	0.0	0	0	0	0	0	22	0.0	0.16	2.2419519228378944	0.14035087719298245
284	http://glendaleumc.org/	0.05442176870748299	1.4014178227351393	0.0	0.0	0.8080808080808081	0	0	0.0	0	0	38	0	0.5333333333333333	0.028368794326241134	0.3078061413244543
285	http://stores.jcpenney.com/ca/glendale/clothing-stores-glendale-ca-0699.html	0.0	0.0	0.47058823529411764	0.27586206896551724	0.0	0.0	0	0	0	0.07547169811320754	89	0.6070991432068543	0.24242424242424243	2.7757981149285498	0.2318840579710145
286	http://archwayglendale.org/	0.07547169811320754	0.0	0	0	0.0	0	0	0	0	0.10606060606060606	14	0.18604651162790697	0.42105263157894735	0.40506662102476404	0.2222222222222222
288	http://www.maplandia.com/united-states/california/los-angeles-county/glendale/	0.16	0.0	0.8912466843501327	1.9162559348467667	1.8461830567093727	2.3374279410577055	0	0	0	0.05734767025089606	15	0.4435724345962882	0.12903225806451613	0.0	0.16
289	http://www.glendalecampground.com/	0	0.8421052631578947	0	0.0	0.0	0	0	0	0	0	0	0	0.36363636363636365	0	0.0
290	http://www.bestplaces.net/climate/city/arizona/glendale	0.0	0.0	0	0.0	0.0	0	0	0	0	0.0	118	0.06595109726138068	0.2	0.6134453781512605	0.26666666666666666
291	http://www.bestplaces.net/city/california/glendale	0.0	0.0	0	0.0	1.918169461142161	0	0	0	0	0.0	156	0.016913319238900635	0.2222222222222222	2.1420997268454895	0.16666666666666666
292	http://www.renaissanceglendale.com/	0	0.0	0	0	0	0	0	0	0	0	6	0.22803487592219984	0.34782608695652173	0.2962962962962963	0.23529411764705882
293	http://www.lakeglendale.net/	0.0	0.0	0	0	0	0	0	0	0	0.06349206349206349	2	0	0.5	0.5339265850945495	0.2222222222222222
294	http://www.orderglendalediner.com/	0.10526315789473684	0.0	0.5714285714285714	0.0	0.0	0.0	0	0	0	0.1523809523809524	5	0.0	0.36363636363636365	0.0	0.1951219512195122
295	http://www.pdcofgcc.com/	0.0547945205479452	0.0	0.26229508196721313	0.0	0	0	0	0	0	0	4	0.019417475728155338	0.0	0.11161616161616161	0.0
296	http://www.glendaleacademy.org/	0	0.0	0	0	0	0	0	0	0	0	4	0	0.42105263157894735	0.3076923076923077	0.3076923076923077
297	http://goglendaleaz.com/about/antique_capital.html	0.12698412698412698	0.0	0.0	0	0.5714285714285714	0	0	0	0	0.16326530612244897	15	0.16	0.1951219512195122	0.04678362573099415	0.21621621621621623
298	http://www.didihirsch.org/glendale	0.0	0.0	0.2962962962962963	0.0	0	0	0	0	0	0.0	29	0.30938159879336347	0.36363636363636365	0	0.1951219512195122
299	http://www.glendaleywca.org/	0	0.0	0	0.0	0.5258620689655172	0.8020050125313283	0	0	0	0	9	0.03389830508474576	0.5	0.0	0.2
300	http://www.thunderbirdexecutiveinn.com/	0.048484848484848485	0.0	0	0.24242424242424243	0	0	0	0	0	0	11	0.04456824512534819	0.0	0.0	0.24242424242424243
302	http://universityofphoenixstadium.com/	0.0	0.0	0	0	0	0	0	0	0	0.0	14	0.0	0.0	0.0	0.0
303	https://www.indianriverschools.org/ges	0	0.0	0	0	0.42105263157894735	1.258024533605929	0	0	0	0	5	1.1225471773655795	0.0	0.42105263157894735	0.42105263157894735
304	http://www.utahidahokoa.com/Glendale-KOA	0.18604651162790697	0.0	0.6666666666666666	0	0	0	0	0	0	0.1702127659574468	2	0.0	0.2857142857142857	0.0	0.64
306	http://arizonaobits.tributes.com/browse_obituaries?city=Glendale&state=AZ	0.055944055944055944	0.0	0.16326530612244897	0	0	0	0	0	0	0.1712538226299694	33	0.04	0.12307692307692308	0.0	0.13793103448275862
307	http://q.gusd.net/	0	0.0	0	0	0	0	0	0	0	0	0	0	0.0	0.0	0.13559322033898305
308	http://vintagepaperfair.com/glendale.html	0	0.0	0	0	0	0	0	0	0	0	2	0.0898876404494382	0.24242424242424243	1.0	0.2962962962962963
309	http://www.lapiazzaalforno.com/	0	0.0	0	0	0	0	0	0	0	0	27	0.016632016632016633	0.0	0	0.2222222222222222
310	http://www.tvdsb.ca/Glendale.cfm	0	0.0	0.4	0.25806451612903225	0	0	0	0	0	0.0	17	0.0	0.4	0.0	0.0
311	http://www.definitions.net/definition/glendale	0.14953271028037382	0.0	0.0	0.0	0.0	0.0	0.0	0	0	0.37209302325581395	64	1.30232576115562	0.24242424242424243	0.3076923076923077	0.3333333333333333
312	https://www.artsbakeryglendale.com/	0.1032258064516129	0.0	0.0	0.0	0	0.0	0	0	0	0.3076923076923077	4	0.0	0.36363636363636365	0.16326530612244897	0.27586206896551724
313	https://www.artsbakeryglendale.com/	0.1032258064516129	0.0	0.0	0.0	0	0.0	0	0	0	0.3076923076923077	4	0.0	0.36363636363636365	0.16326530612244897	0.27586206896551724
314	http://www.modernhiker.com/2014/11/25/hike-glendale-peak/	0.0	0.0	0.16666666666666666	0.0	0.0	0.0	0	0	0	0	153	0.45327130855097686	0.1951219512195122	0.0	0.24242424242424243
315	http://locations.michaels.com/CA/GLENDALE/2008/	0.056338028169014086	0.0	0.0	0.0	0.0	0.0	0.0	0	0	0	639	0.0	0.2222222222222222	2.792270531400966	0.11594202898550725
316	http://locations.michaels.com/CA/	0.0	0.0	0.0	0.0	0.0	0.0	0.0	0	0	0	745	0.0	0.0	0.0	0.0
317	http://glendale.adventistfaith.org/	0.0	0.32	0	0	0.3333333333333333	0	0	0	0	0.06477732793522267	7	0.0963855421686747	0.2962962962962963	1.0115538362346874	0.25
318	http://commons.wikimedia.org/wiki/Category:Glendale,_California	0	0.0	0.27586206896551724	0.2	0.0	0	0	0	0	0	25	0.0	0.1509433962264151	0.0	0.16326530612244897
319	https://www.choicehotels.com/arizona/glendale/comfort-suites-hotels/az296	0.0	0.0	0	0.0	0	0.0	0	0	0	0.0	22	0.0	0.14035087719298245	0.0	0.0
320	http://www.glendalehalloween.com/	0.10256410256410256	0.0	0.0	0	0.0	0	0	0	0	0	22	0	0.38095238095238093	0.26229508196721313	0.13559322033898305
321	http://www.glendalemotelseaside.com/	0.07339449541284404	0.5333333333333333	0	0.0	0	0	0	0	0	0.041666666666666664	1	0.0	0.3333333333333333	0	0.0625
322	http://www.glendalehistorical.org/	0.05	0.0	0.0	0	0	0	0	0	0	0	2	0.65	0.36363636363636365	0.0	0.25806451612903225
323	http://www.specialtys.com/Location.aspx?Store=LA07	0.024691358024691357	0.0	0.0	0.0	0.0	0	0	0	0	0.0	1	0.0	0.0	0.0	0.16666666666666666
