index	url	description	div	h1	h2	h3	h4	h5	h6	inbound_links	keywords	outbound_links	p	root	span	title
1	http://www.w3schools.com/cssref/sel_before.asp	0.0	3.0461538461538464	0.0	0.0	0.0	0.0	0	0	0	0.0	205	0.9993762808518221	0.34285714285714286	1.5	0.5714285714285714
2	http://www.thesaurus.com/browse/before	0.0975609756097561	0.7762962962962963	2.0	0.0	0	0	0	0	0	0.8727272727272727	14	0.18333333333333335	0.4444444444444444	9.809415584415584	0.5
3	http://api.jquery.com/before/	0	0.24217909157845352	1.3333333333333333	0.0	0.0	0.0	0	0	0	0	45	1.1437553666052556	0.5454545454545454	0.3870967741935484	0.3333333333333333
4	http://www.macmillandictionary.com/dictionary/british/before	0.16744186046511628	0.0	0	0.0	0	0	0	0	0	0.14285714285714285	5	2.857142857142857	0.24489795918367346	22.6169596814098	0.13636363636363635
5	http://www.telegraph.co.uk/news/2017/01/28/tory-rebellion-article-50-bill-mps-demand-white-paper-vote-start/	0.08163265306122448	0.0	0.10810810810810811	0.0	0.0	0	0	0	0	0.0	3	0.0	0.0	0.17391304347826086	0.10810810810810811
6	https://en.wiktionary.org/wiki/before	0	1.324935400516796	2.0	0.0	0.0	0	0	0	0	0	270	0.0	0.41379310344827586	8.649870801033593	0.631578947368421
7	http://www.beforegame.net/	0.0	0	2.0	0.0	0	0	0	0	0	0.4067796610169492	6	0.21052631578947367	0.8	0	2.0
8	http://dictionary.cambridge.org/dictionary/english/before	0.2743362831858407	0.5	0.26666666666666666	0.873015873015873	0	0	0	0	0	0.22857142857142856	28	0.48	0.24	85.88185508725715	0.24
9	https://www.merriam-webster.com/dictionary/before	0.5535714285714286	0.0	2.0	19.274466403162055	0	0.0	0.0	0.0	0	0.08633093525179857	56	0.0	0.32432432432432434	0.8569023569023569	0.5333333333333333
10	http://www.beforeidie.cc/	0	0	0	0	0	0	0	0	0	0	0	0	0.8571428571428571	0	0
11	https://developer.mozilla.org/en-US/docs/Web/CSS/::before	0.0594059405940594	0.0	1.3333333333333333	0.0	0.0	0.0	0	0	0	0	10	0.12244897959183673	0.2553191489361702	0.0	0.8
12	http://gizmodo.com/report-cctv-system-in-washington-dc-was-hacked-before-1791734583	0.04633204633204633	0.0	0	0	0	0.0	0.0	0	0	0.0	17	0.06349206349206349	0.15789473684210525	0.0	0.17647058823529413
13	http://www.forbes.com/sites/howardcole/2017/01/28/dodgers-set-to-make-finishing-touches-before-pitchers-and-catchers-report/	0.0	0	0	0	0	0	0	0	0	0.0	0	0.0	0.10619469026548672	0.0	0.0
14	https://www.beforetheflood.com/explore/the-journey/	0.0332409972299169	0.0	0.0	0.0	0	0	0.0	0	0	0	3	0.08332351874060606	0.3076923076923077	0.0	0.0
15	https://www.beforetheflood.com/act/	0.0	0.0	0.0	0.0	0.0	0	0	0	0	0	18	0.0	0.5217391304347826	0.0	0.0
16	http://www.foxnews.com/us/2017/01/28/police-student-kidnapped-driven-to-atms-before-release.html	0.0	0	0.25	0.0	0	0	0	0	0	0	2	0.07453416149068323	0.1411764705882353	0.0	0.1791044776119403
17	http://beforeidie.cc/site/about/	0	0	0.0	0	0	0	0	0.0	0	0	21	0.026905829596412557	0.48	0	0.46153846153846156
18	http://thehill.com/policy/national-security/316691-immigration-officials-revoked-visas-weeks-before-trumps-refugee	0	0.0	0.2222222222222222	0.0	0	0	0	0	0	0.0	10	0.06666666666666667	0.11214953271028037	0.0	0.15
19	http://beforeitsnews.com/	0	0.0	0	0	0	0	0	0	0	0	1	0	0.6666666666666666	0.0	0.11214953271028037
20	http://www.imdb.com/title/tt0112471/	0.0	0.0	0.8571428571428571	0.0	0.0	0.0	0.0	0	0	0.0	21	0.05363805970149253	0.0	0.0	0.42857142857142855
21	http://channel.nationalgeographic.com/before-the-flood/	0	0.0	1.1944444444444444	1.1944444444444444	0	0	0	0	0	0.48	16	0.23391608391608393	0.25	0.5217391304347826	0.2608695652173913
22	http://channel.nationalgeographic.com/before-the-flood/videos/before-the-flood-trailer/	0	0	0.5	0	0	0	0	0	0	0.22784810126582278	16	0.047244094488188976	0.3	0.0	0.3037974683544304
23	https://en.wikipedia.org/wiki/Before_Sunrise	0	0.0	0	0.0	0.0	0	0	0	0	0	71	0.0	0.3333333333333333	0.0	0.46153846153846156
24	https://en.wikipedia.org/wiki/Before_Midnight_(film)	0	0.0	0	0.0	0.0	0	0	0	0	0	117	0.0	0.2727272727272727	0.0	0.35294117647058826
25	http://www.stuff.co.nz/national/88868658/missing-auckland-woman-carissa-avison-went-to-muriwai-before-disappearing	0.15384615384615385	0.0	0.1643835616438356	0.0	0	0	0	0	0	0.0	14	0.0	0.11650485436893204	0.0	0.13793103448275862
26	http://www.dict.cc/englisch-deutsch/before.html	0.1348314606741573	1.3333333333333333	0.0	0	0	0	0	0	0	0.09230769230769231	33	0	0.3333333333333333	0.0	0.3076923076923077
27	http://www.nba.com/article/2017/01/28/morning-shootaround-jan-28-2017	0	0	0	0.16666666666666666	0	0.0	0	0	0	0	11	0.0	0.0	0.0	0.14634146341463414
28	http://www.royalcaribbean.com/beforeyouboard/home.do	0	0	0.0	0.0	0	0	0	0	0	0	0	0	0.2926829268292683	0	0.0
29	https://www.amazon.com/Better-Than-Before-Habits-Procrastinate/dp/0385348630	0.058823529411764705	0.4481481481481482	0	0.0	0.0	0	0.0	0	0	0.023121387283236993	36	0.13333333333333333	0.1875	1.0107477330492014	0.06
30	http://www.huffingtonpost.com/entry/mischa-barton-ghb_us_588cbcf3e4b0176377948afd	0.0	0.18181818181818182	0.18181818181818182	0.0	0	0.0	0	0	0	0.0	33	0.0	0.0	0.0	0.13636363636363635
31	http://www.delta.com/content/www/en_US/traveling-with-us/baggage/before-your-trip.html	0.0821917808219178	0	0.75	0.0	0	0	0	0	0	0	1	0.2598007599876759	0.16	0.0	0.35294117647058826
32	http://host.madison.com/wsj/news/local/govt-and-politics/judges-to-state-redraw-legislative-districts-before-election/article_bff10235-7420-57f0-a185-c0f8939ca9b4.html	0.0	0.0	0.18181818181818182	0	0.0	0.0	0.0	0	0	0.0	26	0.19228968308233219	0.075	0.0	0.10909090909090909
33	https://www.youtube.com/user/MrMccruddenmichael	0.15	0.662336564631659	0	0.0	0.0	0	0	0	0	0.23076923076923078	11	0.0	0.0	1.4174920261876784	0.0
34	http://www.cbssports.com/nfl/news/report-aaron-rodgers-fined-nearly-10k-for-facemask-penalty-before-alfords-flop/	0.0	0.05333333333333334	0.14814814814814814	0.0	0	0.0	0.14814814814814814	0.0	0	0	41	0.05384615384615385	0.11764705882352941	0.0	0.12371134020618557
35	http://quirksmode.org/css/selectors/beforeafter.html	0	0	0	0.6666666666666666	0.0	0	0	0	0	0	1	0.0	0.26666666666666666	0	0.48
36	http://www.wordreference.com/es/translation.asp?tranword=before	0.17391304347826086	0.0	0.0	0	2.0	0	0	0	0	0	6	0.21052631578947367	0.23076923076923078	0.23076923076923078	0.21818181818181817
37	http://www.floodsafety.noaa.gov/before.shtml	0	0.02032520325203252	0	0	0	0	0	0	0	0	83	0.043795620437956206	0.36363636363636365	0	0.0
38	https://www.facebook.com/BeforeIDieWall/	0.07692307692307693	0.5347242921013413	0	0	0	0	0	0	0	0	0	4.763863852922738	0.42857142857142855	1.0	0.42857142857142855
39	http://www.breitbart.com/milo/2017/01/27/youtube-disables-milo-livestream-hours-immigration-speech-new-mexico/	0.09836065573770492	0.0	0.15384615384615385	0.10810810810810811	0.0	0.0	0	0	0	0.0	17	0.0	0.0	0.0	0.13333333333333333
40	https://www.ncsbn.org/before-the-exam.htm	0.0	1.0	0.8	0.0	0.0	0.0	0	0	0	0.0	104	0.26666666666666666	0.41379310344827586	0.12244897959183673	0.5217391304347826
41	http://money.cnn.com/investing/before-the-bell	0	0.0	0	0.0	0.0	0.0	0	0	0	0	8	0.0	0.3076923076923077	0.0	0.46153846153846156
42	http://www.airindia.in/before-you-fly.htm	0.8571428571428571	0.0	0	0.8571428571428571	0.0	0	0	0	0	0	103	0.17391304347826086	0.4	0.8571428571428571	0.46153846153846156
43	http://www.goodreads.com/book/show/25788203-before	0.15384615384615385	2.2222222222222223	2.0	0.0	0.0	0	0	0	0	0	12	0.0	0.3076923076923077	1.0274015697111272	0.16901408450704225
44	http://www.bamagazine.com/	0.11764705882352941	0.0	0	0	0	0	0	0	0	0.0	21	6.9026737967914436	0.0	0.0	2.0
45	http://www.usatoday.com/story/life/entertainthis/2017/01/28/5-things-binge-watch-before-sag-awards/97135752/	0	0.14930011335404708	0.26666666666666666	0.0	0.0	0.26666666666666666	0	0.0	0	0	14	0.037672001662855954	0.12371134020618557	0.0	0.26666666666666666
46	http://www.dictionary.com/browse/before	0.3563218390804598	2.582567072567073	0	0	0.5217391304347826	0	0	0	0	0.5333333333333333	26	0.0	0.42857142857142855	32.91338863876207	0.6
47	http://www.youngcons.com/omarosa-steamrolls-hosts-of-the-view-before-sending-joy-behar-a-vicious-parting-shot/	0.0	0.0	0	0.5219858156028369	0	0.0	0	0	0	0	2	0.1411764705882353	0.12121212121212122	0.0	0.24
48	http://www.wsj.com/articles/how-to-unsend-emails-before-regret-kicks-in-1485545240	0.0	0	0	0	0	0	0	0	0	0.0	0	0	0.16901408450704225	0	0.23076923076923078
49	http://www.chicagotribune.com/news/columnists/kass/ct-madigan-democrats-kass-0129-20170127-column.html	0.1016949152542373	0.0	0.24489795918367346	0	0	0	0	0	0	0.0	1	0.0	0.0	0.0	0.1791044776119403
50	http://www.usmagazine.com/celebrity-news/pictures/stars-who-dated-before-they-were-famous-w462583	0.18461538461538463	0.0	0.3076923076923077	0.0	0	0	0	0	0	0	13	0.12435233160621761	0.13953488372093023	0.0	0.23529411764705882
51	http://www.mirror.co.uk/3am/celebrity-news/john-hurts-secret-heartbreak-before-9709394	0.0	0.0	0.10084033613445378	0.0	0.0	0.0	0.0	0	0	0.0	19	0.0	0.16	0.0	0.08888888888888889
52	https://www.theguardian.com/commentisfree/2017/jan/27/donald-trump-bullying-behaviour-leaders-mimicking-him	0.0	0.0	0.23076923076923078	0.0	0.0	0	0	0	0	0.0	12	0.10714285714285714	0.0	0.0	0.13186813186813187
53	http://foreignpolicy.com/2017/01/27/trumps-proposed-refugee-ban-has-ripple-effects-even-before-its-issued/	0.09917355371900827	0.0	0	0.0	0.0	0.0	0	0	0	0	57	0.2608695652173913	0.12121212121212122	0.2830188679245283	0.1518987341772152
54	https://hardware.slashdot.org/story/17/01/28/0015256/usb-c-power-meter-helps-you-spot-counterfeit-accessories-before-they-fry-your-gadgets	0.0	0.07868937048503612	0.0	0	0.0	0	0	0	0	0	40	0.2682491990889783	0.09230769230769231	0.0	0.125
55	http://www.nbcphiladelphia.com/news/local/West-Philadelphia-Hit-and-Run-Deadly-Grandmother-Grandson-Minivan--412052903.html	0.07453416149068323	0.03715170278637771	0.1643835616438356	0.09230769230769231	0.0	0	0	0	0	0.0	22	0.1433913879688001	0.0	0.0	0.125
57	http://www.theonion.com/blogpost/you-people-made-me-give-my-peanut-farm-i-got-be-pr-55143	0.0	0.0	0.17142857142857143	0.0	0.0	0.0	0	0	0	0.0	11	0.1619320312834312	0.0	0.0	0.10619469026548672
58	https://www.reddit.com/r/videos/comments/5qqijn/patient_with_severe_parkinsons_disease_before_and/	0.0	0.16666666666666666	0.0	0	0.0	0	0	0	0	0.0	18	3.07448584376954	0.13953488372093023	0.0	0.14814814814814814
59	http://www.hottopic.com/pop-culture/shop-by-license/the-nightmare-before-christmas/	0.07547169811320754	0.07384615384615385	0.0	0.0	0.0	0.0	0	0	0	0	22	0.0	0.16666666666666666	0.0	0.2857142857142857
60	http://knowbeforeyoufly.org/resources/	0	0.0	0.0	0	0	0	0	0	0	0	28	0.0	0.3870967741935484	0.9285714285714286	0.3870967741935484
61	http://www.beforecolumbusfoundation.com/	0	0.0	0	0	0.0	0	0	0	0	0	11	0.19105315436925346	0.41379310344827586	0.0	0.053811659192825115
62	http://www.etihad.com/en-us/before-you-fly/	0.03184713375796178	0.0	0.8571428571428571	0.0	0.0	0	0	0	0	0.4047619047619047	14	0.0	0.375	0.06329113924050633	0.3870967741935484
63	http://www.hgtv.com/remodel/bathroom-remodel/bathroom-remodels-under-5000-pictures	0.0	0.0	0	0	0	0	0.0	0	0	0	61	0.0625	0.0	3.6666164872799842	0.14285714285714285
64	http://www.beginbeforebirth.org/	0.056074766355140186	0	0	0	0.0	0	0	0	0	0.0	1	0.0	0.5714285714285714	0	0.6666666666666666
65	http://www.autoblog.com/2017/01/27/the-mclaren-720s-leaks-out-on-instagram-before-geneva-debut/	0.17777777777777778	0.0	0.2033898305084746	0.0	0.0	0	0.0	0.0	0	0	90	0.3157894736842105	0.14285714285714285	0.0	0.17142857142857143
66	http://mebeforeyoumovie.com/	0.05970149253731343	0	0	0	0	0	0	0	0	0.06091370558375635	1	0	0.5714285714285714	0.0	0.13953488372093023
68	https://www.ymcatriangle.org/programs-services/childcare/before-school	0.10909090909090909	0	0.9230769230769231	0.0	0	0	0	0	0	0.41379310344827586	11	0.28708133971291866	0.20689655172413793	0	0.21428571428571427
69	http://www.houzz.com/discussions/before-and-after	0.2222222222222222	2.15	0.4444444444444444	0.0	0	0	0	0	0	0	27	0	0.3157894736842105	5.373124029670517	0.375
70	https://www.ushmm.org/learn/timeline-of-events/before-1933	0	0	0.0	2.1818181818181817	1.0909090909090908	0	0	0	0	0	1	0.0	0.2608695652173913	0.0	0.375
71	http://www.espnfc.us/club/tottenham-hotspur/367/blog/post/3047911/tottenham-wish-former-teammate-ryan-mason-well-before-fa-cup-tie-vs-wycombe	0.10344827586206896	0	0.18461538461538463	0	0	0.0	0	0	0	0.0	17	0.04067796610169491	0.09230769230769231	0.0	0.1411764705882353
72	https://www.irs.gov/uac/before-starting-free-file-fillable-forms	0	0.0	0.3	0.6	0	0	0	0	0	0	6	0.0	0.23076923076923078	0.0	0.3
73	http://mssngpeces.com/projects/interactive/chairlift-met-before/	0	0.0	0	0	0	0	0	0	0	0	6	0	0.21052631578947367	2.4	1.2
74	http://www.mediaite.com/online/d-c-officials-hackers-targeted-city-police-cameras-days-before-inauguration/	0.10619469026548672	0.0	0	0	0.15584415584415584	0.0	0	0	0	0.0	13	0.0	0.125	0.0	0.13636363636363635
75	http://www.icelandair.us/information/before-you-go/	0.0	0.0	0.9230769230769231	0.0	0	0	0	0	0	0	21	0.06153846153846154	0.3	1.8461538461538463	0.46153846153846156
76	http://www.adelaidenow.com.au/news/national/plane-crash-pilot-shared-concerned-texts-with-friend-hours-before-fatal-plunge/news-story/089ebbe48e43bd45508edcf2e0e4d645	0	0.0	0.0	0	0.0	0	0	0	0	0	57	0.02631578947368421	0.07741935483870968	0.0	0.0
77	http://call811.com/start-here/homeowners	0	0	0.0	0.0	0	0	0	0	0	0	10	0.29215896885069814	0.0	0.0	0.0
78	http://www.apartmenttherapy.com/categories/before_after	0	0.0	2.0	0	0	0	0	0.0	0	0	3	0.0	0.2727272727272727	32.97069245061165	2.0
79	https://www.floodsmart.gov/floodsmart/pages/preparation_recovery/before_a_flood.jsp	0.0916030534351145	0.8571428571428571	0	0.0	0.0	0	0	0	0	0.09917355371900827	13	0.0	0.16901408450704225	0.0	0.16
80	http://www.businessinsider.com/american-shale-is-stronger-leaner-and-smarter-than-ever-before-2017-1	0.0	0.0	0.38095238095238093	0	0.0	0	0.0	0	0	0	42	0.0	0.1348314606741573	0.0	0.14634146341463414
81	https://support.microsoft.com/en-us/help/10547/microsoft-account-remove-deregister-device	0	0.0	0	0.0	0	0	0	0	0	0	70	0.0	0.0	0.0	0
82	https://admissions.msu.edu/apply/transfer/before-you-apply/default.aspx	0	0.0	0.75	0	0	0	0	0	0	0	93	0.0	0.19047619047619047	0.0	0.1791044776119403
84	http://www.kiplinger.com/slideshow/spending/T065-S001-what-to-know-before-shopping-at-trader-joes/index.html	0.08108108108108109	0	0.0	0.3	2.1818181818181808	0.0	0.0	0	0	0	20	0.09433988942776748	0.12371134020618557	0.0	0.2727272727272727
85	http://www.androidpolice.com/2017/01/28/kronabys-hybrid-smartwatches-can-go-two-years-needing-new-battery/	0.0	0.0	0.0	0.0	0.0	0.1518987341772152	0.0	0	0	0	30	0.10256410256410256	0.0	0.0	0.16901408450704225
86	http://lifehacker.com/psa-reset-your-roku-before-selling-or-giving-it-away-1791656820	0.07317073170731707	0.0	0	0	0	0.0	0.0	0	0	0.0	16	0.07317073170731707	0.15384615384615385	0.0	0.22641509433962265
87	http://www.architecturaldigest.com/decorating-renovation/before-after	0.14634146341463414	12.421556035307303	0	0	0.0	0	0.0	0	0	0.14457831325301204	51	0.0	0.20689655172413793	4.857142857142858	0.1875
88	https://www.fs.fed.us/visit/know-before-you-go	0	0.0	0.6666666666666666	0.0	0	0	0	0	0	0	27	0.09523809523809523	0.35294117647058826	0.6666666666666666	0.3157894736842105
89	https://www.discovertheforest.org/before-you-go/	0.13793103448275862	0	0	0.9230769230769231	0.0	0.0	0	0	0	0.0	9	0.02040816326530612	0.3333333333333333	0.0	0.9230769230769231
90	https://www.discovertheforest.org/before-you-go/	0.13793103448275862	0	0	0.9230769230769231	0.0	0.0	0	0	0	0.0	9	0.02040816326530612	0.3333333333333333	0.0	0.9230769230769231
91	https://www.w3.org/WAI/demos/bad/before/news.html	0	0.0	0	0	0	0	0	0	0	0	21	0.0	0.32432432432432434	0.0	0.0
92	http://www.cbyd.com/	0.0	0.5	0.0	0.0	0	0.0	0	0	0	0.17647058823529413	11	0.04	0.0	1.263157894736842	0.20689655172413793
93	http://1000booksbeforekindergarten.org/	0	0	0	0.0	0	0	0	0	0	0	10	0.0	0.375	0.0	0.4
94	http://abcnews.go.com/International/wireStory/kremlin-putin-trump-call-set-saturday-45083068	0.2033898305084746	0.0	0.2033898305084746	0	0	0	0	0	0	0.0	39	0.10204081632653061	0.0	0.0	0.17142857142857143
95	http://kbyg.org/	0	0	0.0	0	1.0909090909090908	0	0	0	0	0	47	0.4784707063473738	0.0	0.0	0.2857142857142857
96	http://www.nick.com/100-things-to-do-before-high-school/	0.1111111111111111	0.6857142857142857	0.34285714285714286	0	2.7428571428571424	0.0	0	0	0	0	16	0	0.26666666666666666	0.0	0.1935483870967742
97	http://www.flysas.com/en/us/travel-info/before-travel/	0	0	0.32432432432432434	0.0	0	0	0	0	0	0	4	0.0	0.27906976744186046	0.3783138285168378	0.631578947368421
98	https://wordpress.org/plugins/email-before-download/	0	0.0	0	0.5714285714285714	0.0	0.0	0	0.0	0	0	11	0.35368421052631577	0.2727272727272727	0.0	0.5714285714285714
99	http://www.seattletimes.com/sports/seahawks/rocky-seto-sought-out-former-uw-star-napoleon-kaufman-before-deciding-to-leave-seahawks-to-become-a-pastor/	0.0	0.0	0.1111111111111111	0.0	0.0	0	0	0	0	0	27	0.21079414895473525	0.08571428571428572	0.09448818897637795	0.09375
