index	url	description	div	h1	h2	h3	h4	h5	h6	inbound_links	keywords	outbound_links	p	root	span	title
1	https://www.luglife.com/	0.0	0.0	0.9	0.0	0.0	0	0	0	0	0	11	0.7027915072325255	1.5	1.5121212121212118	7.636363636363635
2	http://www.ebags.com/brand/lug-life	0.36241610738255037	7.674840948525162	6.0	0	6.0	0.0	0.0	0	0	0	10	0.0	0.75	0.0	0.49999999999999994
3	http://www.qvc.com/handbags-&-luggage/lug/_/N-uoq0Z1z13909/c.html	0.2857142857142857	0.0	6.0	0.0	0.0	0	0.0	0	0	0	19	29.710911321955095	0.6666666666666667	5.142857142857142	1.5588235294117647
4	https://www.amazon.com/Lug-Puddle-Jumper-Overnight-Gym/dp/B00HA5316S	0.10650887573964499	4.852642954594437	0	0.4736842105263158	0.0	0.0	0.0	0	0	0.4556962025316456	37	0.03680981595092025	0.3214285714285714	21.988402169378386	0.2465753424657534
5	https://www.merriam-webster.com/dictionary/lug	0.46153846153846156	0.0	6.0	37.30006335128287	0	0.0	0.0	0.0	0	0.45283018867924524	40	0.0	0.5294117647058824	0.0	0.857142857142857
6	http://www.luglightfactory.com/	0.0	0.0	0	1.3846153846153848	3.47886273209549	0	0	0	0	0	33	0.7551750168236273	0.9	0.0	0.20224719101123595
7	https://www.facebook.com/luglife/	0.2903225806451613	3.7667466986794715	0	0	0	0	0	0	0	0	0	2.7488243265855212	0.857142857142857	11.96273150408489	1.2857142857142856
8	http://www.dictionary.com/browse/lug	0.391304347826087	0.9961882980750906	0	0	12.900000000000002	0	0	0	0	0.9230769230769231	27	0.08181818181818182	0.72	183.98429245557915	1.0588235294117647
9	http://www.urbandictionary.com/define.php?term=lug	0	2.154224801854542	0	0	0.0	0	0	0	0	0	134	0.0	0.46153846153846156	0.0	0.857142857142857
10	http://www.thefreedictionary.com/lug	0.4392156862745098	1.0454545454545454	6.0	120.0	0	0	0	0	0	0.32335329341317365	168	0.0	0.72	89.3063570275112	0.782608695652174
11	https://en.wiktionary.org/wiki/lug	0	2.571428571428571	6.0	0.0	0.0	0	0	0	0	0	63	0.0	0.6923076923076924	2.571428571428571	1.125
12	http://dictionary.cambridge.org/dictionary/english/lug	0.288	0.857142857142857	0.4285714285714285	1.4700000000000002	0	0	0	0	0	0.36363636363636365	28	0.8181818181818181	0.38297872340425526	78.96219950262503	0.38297872340425526
13	https://www.lug-all.com/	0.0	0	0.0	1.3846153846153848	0.0	0	0	0	0	0	5	0.5163234661962316	1.5	0.0	0.857142857142857
14	http://opensfs.org/events/lug-2016/	0	0	2.25	0	0	0.0	0	0	0	0	19	0.48187982230535414	0.6428571428571428	0.0	0.3461538461538462
15	http://opensfs.org/lug-2016-agenda/	0	0	0.5454545454545455	0	0	0.0	0	0	0	0	47	0.0	0.6428571428571428	0.0	0.2337662337662338
16	http://www.gorilla-auto.com/lug-bolts	0.0	0.4285714285714285	0	0	0	0	0	0	0	0.0	2	0	0.6923076923076924	0	0.0
17	http://www.mcgard.com/index.php/automotive-2/lug-nutslug-bolts	0	0	0.5294117647058824	1.9999999999999998	0.0	0	0	0	0	0	12	0.0	0.7058823529411765	1.9999999999999998	1.9999999999999998
18	http://www.lug.com.pl/	0.0861244019138756	0.0	0	1.2857142857142856	3.452071214524942	0	0	0	0	0	32	1.623729319195985	1.6363636363636362	0.0	0.2117647058823529
19	http://www.etymonline.com/index.php?term=lug	0	0.0	0	0	0	0	0	0	0	0	6	0	0.5454545454545455	27.942857142857132	0.0
20	http://www.wordreference.com/es/translation.asp?tranword=lug	0.27272727272727276	0.0	0.0	0	6.0	0	0	0	0	0	6	0.33333333333333337	0.3673469387755102	0.3673469387755102	0.3461538461538462
21	http://www.thesaurus.com/browse/lug	0.15	0.0	6.0	0.0	0	0	0	0	0	1.6744186046511629	14	0.5454545454545455	0.75	16.547619047619047	0.857142857142857
22	https://en.wikipedia.org/wiki/Linux_user_group	0	0.0	0.0	0.0	0.0	0	0	0	0	0	52	3.7933958449043716	0.0	6.8727272727272695	0.0
23	https://en.wikipedia.org/wiki/Lug_nut	0	0.0	2.571428571428571	0.0	0.0	0	0	0	0	0	14	2.874895177266693	0.6206896551724138	0.0	0.9473684210526316
24	https://en.wikipedia.org/wiki/Lug	0	0.0	6.0	0.0	0.0	0	0	0	0	0	33	0	0.72	0.0	1.2
25	https://lan.lego.com/lugs	0	0	0.0	0	0.0	0	0	0	0	0	1	0.0	1.0588235294117647	0.0	0.0
26	http://www.getnrg.com/index.php?route=product/category&path=59_112_230	0	0.0	0	0	0.0	0	0	0	0	0	6	5.294117647058812	0.0	0.43902439024390244	1.2857142857142856
27	https://www.rallysportdirect.com/scp/exterior/wheels-and-accessories/lug-nuts	0.1168831168831169	0.0	0.0	0	0.0	0.0	0	0	0	0.0	11	0.08773291925465838	0.27692307692307694	10.38055663664153	2.25
28	http://www.harborfreight.com/20-inch-four-way-lug-wrench-94110.html	0.1935483870967742	0.2926829268292683	0.6923076923076924	0	0	0	0	0	0	0.782608695652174	19	0.0	0.3214285714285714	0.0	0.9473684210526316
29	http://www.the-lug.com/	0	0	0.0	0	0.0	0	0	0.0	0	0	9	0.0	1.5	1.8303944560992056	0.0
30	http://www-947.ibm.com/systems/support/i/lug/index.html	0.18274111675126906	0	0.8181818181818181	7.011363636363635	0	0	0	0	0	0.2608695652173913	7	0.5139419011249482	0.375	0.0	0.9999999999999999
31	http://www.autoanything.com/wheels-rims/pro-comp-lug-nut-kits	0.14173228346456693	0.0	0.857142857142857	0.4736842105263158	0.0	0.0	0	0	0	0.75	10	1.1032342814665153	0.36	0.0	0.9310344827586207
32	http://www.trucktrend.com/8-lug-magazine/	0	21.308229813664614	1.2857142857142856	0.9	2.1	0	0	0.0	0	0	16	0.0	0.6	75.6	0.4864864864864865
33	http://privateerpress.com/hordes/gallery/minions/solos/brun-cragback-lug	0	0.0	0	6.0	0	0	0	0	0	0	7	0	0.27692307692307694	0	0.857142857142857
34	https://en.oxforddictionaries.com/definition/lug	0.0	0.0	0.0	0.0	0.0	0	0	0	0	0.07407407407407407	44	1.0025708036246908	0.45	18.0	0.6428571428571428
35	http://www.linfo.org/lug.html	0	0	0.0	0	0	0	0	0	0	0	6	0.5066560639615318	0.9999999999999999	0	1.2857142857142856
37	https://linux.ucla.edu/	0	0.0	0	0	0.0	0	0	0	0	1.255813953488372	3	1.9999999999999998	0.0	0.0	2.25
38	http://www.cododesign.com/branding-big-lug-canteen/	0.0	10.422077922077923	0.75	0	0	0	0	0	0	0	8	2.8985423246637034	0.45	0	0.49999999999999994
39	http://biglugcanteen.com/brewery/	0.05590062111801243	0.0	0.0	0	0	0	0	0	0	0	3	0.0	0.6923076923076924	0	0.72
40	https://www.lug.udel.edu/	0	0	0	0	0	0	0	0	0	0	2	1.6876456876456876	1.3846153846153848	0	1.3846153846153848
41	https://twitter.com/hashtag/lug	0.20689655172413796	0.0	4.5	0.0	1.0	0.0	0	0	0	0	77	0.406896551724138	0.782608695652174	0.0	0.782608695652174
42	https://www.pepboys.com/parts/tire_wheel_related_parts/	0.3673469387755102	0.0	0.0	0	0.75	0.0	0	0	0	0.5806451612903226	7	0.0	0.0	0.0	0.49999999999999994
43	http://shockwavetechnologies.com/site/?page_id=2990	0	0.0	0	0.45	0.0	0	0	0	0	0	8	6.610704987513933	0.0	0.0	0.27692307692307694
44	http://beaus.ca/beer/lug-tread/	0	0.0	1.9999999999999998	0	0.0	0.0	0	0	0	0	16	0.4420090594295836	0.75	0.0	1.0588235294117647
45	http://www.jomarvalve.com/products/bfv-lug.html	0	0	2.571428571428571	0.2278481012658228	0	0	0	0	0	0	29	0	0.49999999999999994	0.0	0.857142857142857
46	http://www.tldp.org/HOWTO/User-Group-HOWTO-3.html	0	0	0	0	0	0	0	0	0	0	21	1.1127115372471987	0.0	0	0.45
47	http://www.imdb.com/character/ch0112692/	0.3214285714285714	0.0	6.0	0	0.5555555555555556	0	0.0	0.0	0	0.0	38	0.0	0.0	0.0	1.2
48	http://www.fieggen.com/shoelace/luglatticelacing.htm	0.1276595744680851	0.0	0.6428571428571428	1.1538461538461537	0.0	0	0	0	0	0	71	2.4624871297285096	0.43902439024390244	0.0	0.36
49	http://www.brownells.com/gunsmith-tools-supplies/handgun-tools/barrel-tools/barrel-lug-tools/1911-lug-cutter-prod373.aspx	0.12162162162162163	0.0	0	0.0	0.3	0.0	0	0	0	0.0	43	0.05389221556886228	0.32727272727272727	1.2	0.6666666666666667
50	https://www.meteoblue.com/en/weather/forecast/week/lug_germany_2875292	0	0.0	1.6363636363636362	1.3846153846153848	0.4864864864864865	0	0	0	0	0	21	0.29410291724051585	0.3103448275862069	0.0	0.782608695652174
51	http://www.oreillyauto.com/site/c/search/Wheel+Lug+Nut/02988/C0337.oap	0.15	0.0	0.0	0.0	0.0	0	0	0.0	0	0	15	0.0	0.30508474576271183	1.3846153846153848	0.5142857142857143
52	http://www.yourdictionary.com/lug	0.30638297872340425	7.675424192665573	0	25.072941176470593	6.0	0.5625	0	0	0	0.548780487804878	6	8.634965034965035	0.8181818181818181	24.857142857142858	0.9230769230769231
53	http://www.tirerack.com/wheels/tech/techpage.jsp?techid=102	0.18181818181818182	0.0	0.0	1.2857142857142856	0	0	0.0	0	0	0	4	0.18685121107266436	0.0	0.0	0.6792452830188679
54	http://www.elle.com/fashion/accessories/g29360/get-winter-ready-with-these-chic-snow-boots/	0.0	0.0	0.32727272727272727	0	0	0	0	0	0	0.0	54	0.0	0.0	0.391304347826087	0.32727272727272727
55	http://www.henryjames.com/bicyle-parts/bike-lugs.html	0.1111111111111111	34.04721052929629	4.5	0	0.0	0	0	0	0	0.20224719101123595	3	0	0.4285714285714285	6.75	0.1782178217821782
56	https://robertsspaceindustries.com/orgs/LUG	0	0.0	0.0	0.0	0	0.0	0.0	0	0	0	12	0.03937007874015748	0.5142857142857143	36.0	0.27272727272727276
57	http://www.crawlpedia.com/bolt_patterns.htm	0.0	0	0	1.6199999999999997	0	0.0	0	0	0	0.40909090909090906	17	0.3510730493612026	0.0	0.0	0.49999999999999994
58	http://tfwiki.net/wiki/Lug_(G1)	0	0.2337662337662338	2.25	0.0	0.0	0	0.0	0	0	0	3	2.586870026525199	0.75	0.0	0.6428571428571428
60	http://www.sperry.com/en/gold-cup-lug-boot/27221M.html	0.16666666666666669	0.16666666666666669	0.9473684210526316	0.0	0.0	0	0.0	0	0	1.0588235294117647	18	0.0	0.4186046511627907	2.4509803921568625	0.5806451612903226
61	http://www.digikey.com/products/en/connectors-interconnects/terminals-solder-lug-connectors/401	0	0	0	0	0	0	0	0	0	0	31	0.0	0.21428571428571425	0.0	0.4186046511627907
62	http://www.mackin-ind.com/portfolio/monster-lug/	0	0.0	1.6363636363636362	0	0.0	0	0	0	0	0	9	0.15126050420168066	0.4864864864864865	1.2857142857142856	1.6363636363636362
63	http://www.milb.com/content/page.jsp?ymd=20130305&content_id=42318344&sid=t499&vkey=team2	1.5	0.0	0	0	1.5	0	0	0	0	0	6	0.0	0.0	3.509615384615385	0.9
64	https://coyoteaccessories.com/lugs	0.3364485981308411	0.0	0.75	0.782608695652174	0.0	0	0	0	0	0.0	3	0.7652207632926916	0.6923076923076924	13.900000000000006	0.38297872340425526
65	https://www.vocabulary.com/dictionary/lug	0.26277372262773724	0.2	6.0	0.0	0.0	0	0	0	0	0	5	0.1518987341772152	0.6206896551724138	12.0	0.40909090909090906
66	https://www.flickr.com/photos/bluelug/	0	0.0	2.25	0	0	0.0	0	0	0	0	6	2.25	0.6923076923076924	0.0	1.0588235294117647
67	https://www.flyinmiata.com/fm-aluminum-lug-nuts.html	0.07058823529411765	0.0	0.6206896551724138	0.0	0.0	0	0	0	0	0.0	2	0.053731343283582096	0.45	1.423630831643002	0.4186046511627907
68	http://finance.yahoo.com/q?s=lug.to	0	0.0	1.0661538461538462	0.0	0	0	0	0	0	0.32727272727272727	24	0.0	0.6428571428571428	0.0	0.3461538461538462
69	http://www.stockwatch.com/Quote/Detail.aspx?symbol=LUG&region=C	0.0	0.0	0	0	0	0	0	0	0	0.0	3	0	0.3461538461538462	3.6	3.6
70	http://www.raneystruckparts.com/guides/lug-nut-covers	0	0.0	0.45	0	0.0	0.0	0	0	0	0	13	1.1663142057530034	0.4285714285714285	1.3938651975787253	0.43902439024390244
72	http://www.rocketracingwheels.com/lug-nuts/c48	0.0	0.0	0	0	0	0	0	0	0	2.25	24	0	0.5142857142857143	0	0.2337662337662338
73	http://www.autozone.com/shop-and-garage-tools/lug-wrench	0	0.0	1.8	0.0	0.0	0.0	0	0	0	0	19	0.0	0.39999999999999997	6.992058309545569	0.4736842105263158
74	http://www.ebay.com/bhp/4-lug-rims	0.36486486486486486	0.37161845454119774	1.8	2.925	0.0	0	0	0	0	0	2	0	0.782608695652174	0.0	0.72
75	https://www.lowes.com/pl/Lugs-Cable-wire-connectors-Electrical/4294625952	0.35294117647058826	0	4.5	0.0	0.0	0	0	0	0	0	15	15.328450827490004	0.29508196721311475	0.0	0.8181818181818181
76	http://gfc.tv/snellville/next-generation/middle-school/	0	0.0	0	4.05	0.0	0	0	0	0	0	6	0	0.0	6.947368421052632	0.9473684210526316
77	http://www.temporef.com/	0	0	0	0	0	0	0	0	0	0.17880794701986752	16	0	0.0	0	1.3846153846153848
78	http://www.jegs.com/c/Wheels-Tires_Wheel-Lug-Nuts-Studs-Spacers/11611/10002/-1	0.16216216216216217	0.0	0.857142857142857	6.519032596731087	0.0	0	0	0	0	0	101	0.1773399014778325	0.26865671641791045	0.857142857142857	0.8181818181818181
79	http://www.lugradio.org/	0	0	2.25	1.2857142857142856	0.0	0	0	0	0	0	8	3.2536685045357965	1.3846153846153848	0	0.6666666666666667
80	http://www.zulily.com/brand/lug.html	0	0.12040133779264214	6.0	0.33962264150943394	0.0	0.0	0	0	0	0	6	0.0	0.72	0.0	1.5
81	https://www.kobo.com/us/en/ebook/lug	0.19889502762430938	0.0	6.0	0.0	0.0	0.0	0.0	0.0	0	0	24	12.0	0.75	0.3333333333333333	0.36
83	http://www.we-llc.com/products/weeb-lug	2.25	0.0	0	0	0	0	0	0	0	2.25	16	0	0.6428571428571428	0.0	2.25
84	http://dwtracing.com/product/lug-nuts/	0	0	2.25	0.0	0	0	0	0	0	0	2	0.5625	0.5806451612903226	0.0	2.25
85	http://www.nascar.com/en_us/news-media/articles/2016/4/25/nascar-updates-lug-nut-rules-officiating.html	0.2117647058823529	0.5454545454545455	0.39999999999999997	0.0	0	0	0	0	0	0.0	20	0.0	0.1956521739130435	0.7590398959713606	0.5625
87	https://www.jackthreads.com/jackthreads/boots/robert-lug/products/182591	0.0	1.8	0	0	0.0	0	0	0	0	0	38	0.06228373702422145	0.3	0.0	0.391304347826087
88	http://www.billetspecialties.com/wheels/wheel-accessories/lug-nuts/	0.0	0.0	2.25	0	0	0	0	0	0	0	8	0.0	0.3214285714285714	2.25	0.5142857142857143
89	http://www.rockstonepizzapub.com/big-lug-brewery.html	0.6	0.04864864864864865	0	1.870689655172414	0	0.0	0.0	0	0	0.1978021978021978	38	0.057324840764331204	0.4285714285714285	0	0.4285714285714285
90	https://www.sf-lug.org/	0	0	0.0	0	0	0	0	0	0	0.782608695652174	8	1.4033101045296172	1.6363636363636362	0	0.0
91	http://www.evasivemotorsports.com/mm5/merchant.mvc?Screen=CTGY&Category_Code=L1	0.0	0.0	0	0	0	0	0	0	0	0.0	0	0	0.0	1.125	0.2337662337662338
92	http://www.skf.com/us/products/vehicle-aftermarket/heavy-duty/wheel-end/lug-locks/index.html	0	0	1.9999999999999998	0.0	0.0	0	0	0	0	0	12	0	0.2222222222222222	1.9999999999999998	1.9999999999999998
93	https://www.npmjs.com/package/lug	0.0	0	0	0	0.45454545454545453	0	0	0	0	0.0	14	0.0	0.857142857142857	0.0	6.0
94	http://www.zafetyluglock.com/	0	0.0	2.8753246753246757	0.0	0	0	0	0	0	0	4	2.9208773784355184	0.9999999999999999	0	1.2
95	http://www.usatoday.com/story/sports/nascar/2016/04/20/tony-stewart-blasts-nascar-lug-nut-rule-driver-safety/83298016/	0	0.03205128205128205	0.27692307692307694	0	0.0	0.27692307692307694	0	0.0	0	0	14	1.0434932395104142	0.16822429906542055	0.0	0.27692307692307694
96	http://www.te.com/usa-en/about-te/news-center/snap-lug.html	0.0	0	0.4285714285714285	0	0.8571428571428569	0.0	0	0	0	0.2117647058823529	6	0.778217827962572	0.375	0.0	0.29508196721311475
97	http://www.goodreads.com/book/show/20176227-lug-dawn-of-the-ice-age	0.23076923076923078	0.3	0.75	0.0	0	0	0	0	0	0	6	0.29508196721311475	0.3214285714285714	2.7832371843078634	0.2222222222222222
98	http://www.tcf.com/products/gravity-relief-ventilators/lug---upblast	0.5625	6.0	0.0	0.0	0	0	0	0	0	0.07531380753138076	36	0	0.3157894736842105	0.0	0.6
