index	url	description	div	h1	h2	h3	h4	h5	h6	inbound_links	keywords	outbound_links	p	root	span	title
1	http://www.ci.agoura-hills.ca.us/	0	0.0	0	0.0	0	0	0	0	0	0	7	0.17647058823529413	0.5238095238095238	0.0	0.2727272727272727
2	https://en.wikipedia.org/wiki/Agoura_Hills,_California	0	0.1348314606741573	0.5	0.0	0.0	0	0	0	0	0	102	2.8490657019112224	0.25	1.6068965517241378	0.3333333333333333
3	http://www.zillow.com/agoura-hills-ca/	0.075	0.0	0.4444444444444444	0	0	1.506993006993007	0.0	0.0	0	0	100	0.0	0.44	31.180180948637677	0.3582089552238806
4	https://www.mapquest.com/us/ca/agoura-hills-282038937	0.10526315789473684	0.0	0.5	0	0.0	0	0	0	0	0	2	0.0946806175459135	0.2894736842105263	0.0	0.5
5	https://www.tripadvisor.com/Attractions-g29069-Activities-Agoura_Hills_California.html	0.12903225806451613	2.5263157894736845	0.8067796610169492	0.36363636363636365	0	0	0	0	0	0.22556390977443608	1	0	0.1506849315068493	2.8275862068965516	0.17518248175182483
6	http://www.city-data.com/city/Agoura-Hills-California.html	0.2926829268292683	0.0	0	0	5.672566511986813	0	0	0	0	0	34	4.458640654565676	0.24444444444444444	0.5	0.06217616580310881
7	https://www.facebook.com/places/Things-to-do-in-Agoura-Hills-California/107777849244894/	0.10526315789473684	2.433486557288071	1.0	0	0	0	0	0	0	0	136	1.3394478536663272	0.1527777777777778	0.0	0.23529411764705882
8	http://www.agourahighschool.net/	0	0.0	0.0	0.0	0	0	0	0	0	0	52	0.0	0.0	0.2727272727272727	0.0
10	http://maps.latimes.com/neighborhoods/neighborhood/agoura-hills/	0.061855670103092786	0.18181818181818182	1.0	1.0	0	0.0	0	0	0	0.05741626794258373	155	0.0	0.20754716981132076	0.0	0.21818181818181817
11	http://www.sheratonagourahills.com/	0.07741935483870968	1.473280830318738	0.8888888888888888	0.6	0.0	0.0	0	0	0	0.19047619047619047	66	1.1251118067978534	0.4782608695652174	1.4448160535117056	0.24489795918367346
12	http://www.colapublib.org/libs/agourahills/	0	0.0	0.6	0.0	0	0	0	0	0	0	75	0.6820901761719915	0.3793103448275862	0	0.2033898305084746
13	http://homewoodsuites3.hilton.com/en/hotels/california/homewood-suites-by-hilton-agoura-hills-AGOHWHW/index.html	0.06976744186046512	0.0	0	0.0	0.0	0	0	0.0	0	0.5538461538461539	60	0.286666237292209	0.11	7.878502037894533	0.3076923076923077
14	http://hamptoninn3.hilton.com/en/hotels/california/hampton-inn-and-suites-agoura-hills-AGOCAHX/index.html	0.15286624203821655	0.0	0	0.0	0.0	0	0	0.0	0	0.22018348623853212	72	0.05910522172658095	0.11827956989247312	8.036166939755178	0.35294117647058826
15	https://www.municode.com/library/ca/agoura_hills	0.0	0	0	0	0	0	0	0	0	0.0	0	0	0.3333333333333333	0	0.0
16	http://www.conejochamber.org/pages/AgouraHills	0	0.0	0	0	0	0	0	0	0	0	28	0.5455297390781262	0.3333333333333333	0.0	0.2
17	http://www.bikramyogaagourahills.com/	0	0.0	0.24489795918367346	0.0	0	0	0	0	0	0	20	0.05555555555555555	0.44	0.32432432432432434	0.5
18	http://patch.com/california/agourahills	0.10909090909090909	2.169456376833062	0.35294117647058826	0.21428571428571427	0.0	0	0	0	0	0	315	0.09090909090909091	0.36666666666666664	0.6666666666666666	0.12371134020618557
19	http://www.accuweather.com/en/us/agoura-hills-ca/91301/weather-forecast/337318	0.13636363636363635	0.0	0.75	0.0	0.41379310344827586	0.0	0.0	0	0	0.16901408450704225	186	0.0	0.18032786885245902	0.6	0.21052631578947367
20	http://ilovekickboxingagourahillsca.com/	0.08695652173913043	0.0	0.36363636363636365	0.17391304347826086	0.27906976744186046	0	0	0	0	0.23076923076923078	0	0.06557377049180328	0.34375	0.696969696969697	0.14285714285714285
21	https://www.avaloncommunities.com/california/agoura-hills-apartments/avalon-oak-creek	0	0.0	0.0	0	0	0	0	0	0	0	0	0.0	0.15714285714285714	0	0.0
22	http://www.agourahillsfinancial.com/	0	0.2926829268292683	0.0	0.26666666666666666	0.0	0	0	0	0	0	4	0.11650485436893204	0.4583333333333333	0.5454545454545454	0.0
23	http://www.canyonclub.net/	0	0.0	0.0	0	0.0	0.0	0.15	0	0	0	15	0.0	0.0	0.0	0.0
24	http://www.movoto.com/agoura-hills-ca/	0.24742268041237114	0.041379310344827586	0.3157894736842105	0.6138107416879796	0	0	0	0	0	0.0	101	0.0	0.44	51.0	0.32432432432432434
25	https://www.trulia.com/CA/Agoura_Hills/	0.09022556390977443	23.97008547008547	0.375	0.24489795918367346	0	0	0.0	0	0	0	5	0.0	0.4583333333333333	0.0	0.41379310344827586
26	http://agourahills.bluetable.net/	0.0	0.0	0.375	0.0	0.0	0	0	0	0	0	9	0.23076923076923078	0.44	2.0672268907563023	0.8857142857142857
27	https://nwrugs.com/pages/agoura-hills-store	0.07947019867549669	0.0	0.41379310344827586	0.8688310174693412	0	0	0	0	0	0	26	0.04780876494023904	0.3333333333333333	1.0	0.19047619047619047
28	http://www.agouravet.com/	0.0	0.0	0.0	0.3076923076923077	0	0	0	0	0	0.11822660098522167	5	0.0	0.0	0.0	0.1889763779527559
29	https://agouradental.com/	0.0	0.16	0	0	1.013793103448276	0	0	0	0	0	32	0.2741195693957222	0.0	0.0	0.21428571428571427
30	http://meadowbrook-agourahills.com/	0	0.08571428571428572	0.35294117647058826	0.26666666666666666	0.0	0	0	0	0	0	8	0.0	0.4074074074074074	0.0	0.0
31	https://www.crunchbase.com/location/agoura-hills/855c67f7b6c0f5bb16dc0e1bc372d3e6	0.32432432432432434	0.0	0.21052631578947367	0	0	0	0	0	0	0	6	0.3076923076923077	0.16666666666666666	0.0	0.18461538461538463
33	http://www.thelexingtonagoura.com/	0.07741935483870968	0.0	0.24	0.0	0	0.0	0	0	0	0.16551724137931034	10	0.0	0.0	0.13186813186813187	0.3380281690140845
34	http://wikitravel.org/en/Agoura_Hills	0.05504587155963303	0.0	1.0	0.0	0.0	0	0	0	0	0.12244897959183673	19	0.3137963925550273	0.39285714285714285	0.4444444444444444	0.3157894736842105
35	https://locations.massageenvy.com/ca/agoura/5871-kanan-rd.html	0.08888888888888889	1.1714285714285715	0.0	0.0	0.0	0	0	0	0	0.0	39	0	0.0	0.0	0.1791044776119403
36	http://www.treehousetavern.com/	0	0	0	0	0	0	0	0	0	0	0	0	0.0	0	0.3870967741935484
38	http://www.agourahillsmom.com/	0.0	0.0	0	0	0	0.0	0	0	0	0	10	0.1935483870967742	0.6111111111111112	0.0	0.19047619047619047
39	http://www.ahhchorus.net/	0	0.0	0	0.0	0	0	0	0	0	0	7	0.1637328615656789	0.0	0.2727272727272727	0.4444444444444444
40	http://www.agourastorage.com/	0.1518987341772152	0.0	0	0.0	0.0	0.0	0	0	0	0.3364485981308411	4	0.0	0.0	0.0	0.1935483870967742
41	http://musictogetheragoura.com/	0	0.4	0.0	0	0	0	0	0	0	0	12	0.2222222222222222	0.0	0.0	0.3
42	http://www.vasapark.org/	0	0.0	0	0.0	0	0	0	0	0	0	1	0.17142857142857143	0.0	0	0.21428571428571427
43	http://mariasitaliankitchen.com/locations/agoura-hills/	0.125	0.0	1.0	0.0	0	0	1.0	0.0	0	0	54	0.8	0.24444444444444444	1.0	0.6
44	http://www.montenido.com/mn_locations/agoura-hills-ca/	0.0	0.0	0.0	0.0	0.75	0.0	0	0.0	0	0	145	1.3545310015898253	0.275	0.0	0.34285714285714286
45	http://www.booking.com/city/us/agoura-hills.html	0.07894736842105263	0.3333333333333333	0.0	0.7887931034482758	0.6170072511535927	0.5440140845070423	0	0	0	0.13793103448275862	49	3.516743049577151	0.3235294117647059	0.0	0.17647058823529413
46	https://www.woodranch.com/restaurants/agourahills/	0	0.0	0.5217391304347826	0.0	0.0	0	0	0	0	0	48	0.0	0.3142857142857143	2.0434782608695654	0.3333333333333333
47	http://www.campbowwow.com/agoura-hills	0.11009174311926606	0.9230769230769231	1.0	0.46153846153846156	0.6666666666666666	0.0	0	0	0	0.0	51	0.0	0.4230769230769231	0.0	0.17391304347826086
48	http://www.platacantina.com/	0	0.0	0	0	0	0.0	0	0	0	0	5	0.0	0.0	1.0	0.22429906542056074
49	https://locator.chase.com/search/ca/agoura+hills	0.09230769230769231	0.5454545454545454	0.3076923076923077	0.0	0	0.0	0	0	0	0	81	0.0	0.0	2.0	0.2553191489361702
50	https://www.redfin.com/city/77/CA/Agoura-Hills	0.1702127659574468	0.6179310344827587	0.5	2.4219099338114387	0.0	0	0	0	0	0	17	0.0	0.36666666666666664	13.19863632624406	0.41379310344827586
51	https://www.redfin.com/city/77/CA/Agoura-Hills	0.1702127659574468	0.6179310344827587	0.5	2.4219099338114387	0.0	0	0	0	0	0	17	0.0	0.36666666666666664	13.19863632624406	0.41379310344827586
52	http://www.yogaupstairs.com/	0.08633093525179857	0.0	0	0	0.0	0	0	0	0	0.0	18	0.0	0.0	1.0	0.10810810810810811
53	http://local.fedex.com/ca/agoura-hills/office-4295/	0.07947019867549669	0.0	0.21428571428571427	0.0	0.0	0	0	0	0	0	134	0.25	0.275	2.090909090909091	0.16901408450704225
54	https://www.islandsrestaurants.com/locations/agoura-hills	0.0967741935483871	0.5454545454545454	1.0	0.0	0	0	0	0	0	0	9	0	0.2558139534883721	1.0	0.35294117647058826
55	http://www.kumon.com/agoura-ca	0	0.0	0	0	0	0.0	0	0	0	0	14	0.0	0.0	1.540856646119804	0.0
56	https://www.meetup.com/cities/us/ca/agoura_hills/	0.0	0.0	0.48	0.12903225806451613	0.0	0	0	0	0	0.15789473684210525	261	0.0	0.34375	0.0	0.25
57	https://nextdoor.com/city/agoura-hills--ca/	0.09523809523809523	0.0	0	0	0.5981762917933131	0.0	0	0	0	0.0	67	0.0	0.34375	0.0	0.14634146341463414
58	http://www.starwoodhotels.com/sheraton/property/overview/index.html?propertyID=3674&language=en_US	0.1340782122905028	0.4444444444444444	0.0	0.0	0.0	0.0	0.0	0.0	0	0	38	0.0	0.0	1.4444444444444444	0.47058823529411764
59	http://www.tire-man.com/locations/mode/2/28115-dorothy-dr-agoura-hills-ca-91301.aspx	0	0.0	0	0.4	0	0	0	0	0	0	100	0	0.15942028985507245	0.0	0.2
60	http://www.snagajob.com/jobs/california/agoura_hills_jobs.html	0.16326530612244897	1.10130958617077	0.7058823529411765	0.41379310344827586	1.847004608294931	0	0	0	0	0	13	0	0.22916666666666666	0.75	0.43636363636363634
61	http://www.ethanallen.com/agourahills	0.0	0.0	0	0	0	0	0	0	0	0.0	0	0	0.44	0	1.0
62	https://www.wunderground.com/us/ca/agoura-hills	0.08053691275167785	0.0	0.5454545454545454	0.0	0.0	0.0	0	0	0	0.4752475247524752	5	0.0	0.34375	0.0	0.21818181818181817
63	http://www.reedsfurniture.com/stores/agoura-hills-california/51464/	0.3287671232876712	0.0	0.34782608695652173	0.0	0.0	0.9533164109921644	0	0	0	0	61	0.1276595744680851	0.21153846153846154	4.0	0.32432432432432434
64	http://www.agourahillshandcarwash.com/	0.16783216783216784	0.0	0.8170301684732925	0.696969696969697	0	0.0	0	0	0	0	7	0.41825850538605286	0.4230769230769231	0.9324527460404461	0.24489795918367346
65	https://agourahillsdentaldesigns.com/	0.125	0.0	0	0.0	0.0	0.2	0	0	0	0	13	0.6809496306203775	0.39285714285714285	2.1330919290199333	0.2222222222222222
66	http://urbanecafe.com/cat/locations/agoura-hills/	0.0	0.0	0.5454545454545454	0	0.0	0.0	0.0	0	0	0	110	0.0	0.2894736842105263	0.0	0.24489795918367346
67	http://www.greatschools.org/california/agoura-hills/schools/	0.16666666666666666	4.670273985634414	0.18181818181818182	0	0	0	0	0	0	0	119	0.0	0.24444444444444444	1.0	0.4
68	http://www.areavibes.com/agoura+hills-ca/livability/	0.17142857142857143	0.0	0.4444444444444444	4.8927080988625535	0	0	0	0	0	0	2	0	0.0	0.48950524737631185	0.41379310344827586
69	http://www.greatrace.run/	0.0	0.0	0.0	0.0	0.0	0.0	0.0	0	0	0	18	0.06818181818181818	0.0	0.0	0.375
70	http://www.fencefactory.com/fence-factory-agoura-hills.php	0.1016949152542373	0.0	0	0	0	0	0	0	0	0	31	0.0	0.2391304347826087	2.403076923076923	0.2857142857142857
71	http://www.agourahillsendodontics.com/	0.07741935483870968	0.3	0.4444444444444444	0.6862745098039216	0	0	0	0	0	0	1	0.8482638051603568	0.4230769230769231	3.0	0.3
72	http://www.winnersny.com/	0	0.0	0.0	0.9649122807017543	0.0	0	0	0	0	0	2	0.03296703296703297	0.0	0.0	0.0
73	http://agourafamilychiropractic.com/	0.1791044776119403	0.0	0	0	0	0	0	0	0	0	10	0.0	0.0	1.3870967741935485	0.1643835616438356
74	http://www.reyesadobedays.org/	0	0.0	0	0	0	0	0	0	0	0	0	0.2033898305084746	0.0	0	0.0
75	https://www.expedia.com/Agoura-Hills-Hotels.d6285.Travel-Guide-Hotels	0.08275862068965517	0.0	0.631578947368421	0	1.6206830635911813	0	0.0	0.0	0	0.631578947368421	114	0.5778303280343022	0.19642857142857142	0.6217391304347826	0.19047619047619047
76	https://www.vrbo.com/vacation-rentals/usa/california/los-angeles-county/agoura-hills	0.07692307692307693	0.0	0.9230769230769231	0.0	0.0	0.0	0	0	0	0.14545454545454545	32	0.0	0.16417910447761194	0.17142857142857143	0.3333333333333333
77	http://www.abbysmillstone.com/	0	0.04332129963898917	0.0	0	0.0	0.0	0	0	0	0	6	0.3	0.0	2.0	0.21818181818181817
78	http://www.agouraartcamp.com/	0.10714285714285714	0.0	0	0	0	0	0	0	0	0.41379310344827586	2	0	0.0	0	0.24
79	http://agourahillswck.com/	0.12903225806451613	0.1016949152542373	0	0	0.1111111111111111	0.0	0	0	0	0	7	2.0208823529411766	0.6111111111111112	1.7058823529411766	0.4
80	https://www.monster.com/jobs/l-agoura-hills,-ca.aspx	0.13186813186813187	0.13043478260869565	0.2608695652173913	0.5044136191677175	0.35294117647058826	0.0	0.0	0	0	0.42857142857142855	224	0.0	0.2894736842105263	2.0	0.34782608695652173
81	http://www.tifachocolate.com/	0	0.5217391304347826	0.0	0	0	0	0	0	0	0	0	0.0	0.0	0	0.0
82	https://www.yelp.com/search?cflt=restaurants&find_loc=Agoura+Hills%2C+CA	0.04979253112033195	0.0	0.0	0.0	0.0	0.0	0	0	0	0.0	89	0.0670391061452514	0.0	2.6315789473684212	0.27906976744186046
83	http://www.advanceddermatologycare.com/	0.057692307692307696	0.0	0.0	0	0.0	0	0	0	0	0.027972027972027972	5	1.0	0.0	0.9230769230769231	0.23529411764705882
84	http://agourabookcellar.com/	0.0	0.0	0.0	0.24489795918367346	0.0	0	0	0	0	0.0	2	0.13139564019042846	0.0	0.0	0.17391304347826086
85	https://pacificcoastheatingandair.com/agoura-hills-air-conditioning-repair/	0.07547169811320754	0.0	0.3	0.7899393326592519	0	0.0	0	0	0	0	19	0.07511439392641087	0.16923076923076924	0.0	0.1935483870967742
86	http://www.greatclips.com/salons/8173	0.06417112299465241	0.0	0.0	0	0.0	0	0	0	0	0.0	18	0.0	0.0	0.0	0.14457831325301204
87	https://blw.unionbank.com/blw/branches/California/Agoura-Hills/1/City-Level-Branch-Page	0.12834224598930483	0.0	0.4	0	0	0	0	0	0	0.35294117647058826	33	0.0	0.1506849315068493	1.0	0.5
88	http://pawhills.com/	0.07317073170731707	0.2608695652173913	0.0	0.0	0.0	0.0	0	0	0	0	16	0.2926829268292683	0.0	0.0	0.17142857142857143
89	http://www.agourapowerofyoga.com/	0	0.0	0.0	0.0	0	0	0	0	0	0	4	0.0	0.0	0.0	0.1791044776119403
90	http://wildcarddance.com/	0.0	0.0	0	0.0	0.18461538461538463	0.0	0	0	0	0	9	0.16216216216216217	0.0	0.0	0.24
91	http://www.platacantina.com/menu/	0	0.0	0.0	0.0	0.0	0.0	0	0	0	0	23	0.0	0.0	1.0	0.25
92	https://agents.farmers.com/ca/agoura-hills/cheryl-meyer	0.08955223880597014	0.27906976744186046	0.0	0.0	0.0	0.0	0	0	0	0	61	0.0316622691292876	0.25	4.125223613595707	0.20689655172413793
93	https://www.airbnb.com/s/Agoura-Hills--CA?type=bnb	0.08333333333333333	0.0	0	0.0	0	0	0	0	0	0	0	0.0	0.3055555555555556	3.4	0.7854545454545454
94	https://pizza.dominos.com/california/agoura-hills/	0.06091370558375635	0.0	0.32	0.0	0.0	0	0	0	0	0	3	0.19285447631081265	0.28205128205128205	0.0	0.25
95	https://seniorhomecares.com/agoura-hills-ca-senior-home-care/	0.0784313725490196	0.0	0.375	0.0	0.0	0.0	0	0	0	0.03296703296703297	64	0.0	0.21568627450980393	0.6143157055550793	0.18461538461538463
96	http://www.agourahillscalocksmith.biz/	0.1610738255033557	0.0	0	0.0	0	0	0	0	0	0.0	2	0	0.4230769230769231	1.0434782608695652	0.15
97	https://apm.activecommunities.com/agourahillsrecreation/Home	0	1.1968325791855203	0	0	0	0	0	0	0	0	20	0.061224489795918366	0.22	0.0	0.5
98	http://maralcuisine.com/	0.07792207792207792	0.08823529411764706	0.0	0.0	0.0	0	0	0	0	0	7	0.0	0.0	0.0	0.24489795918367346
99	https://www.bringfido.com/lodging/city/agoura_hills_ca_us/	0.1809880469912276	1.2157598499061915	0	0	0.0	0.0	0	0	0	0.6501650165016502	11	0.0	0.2619047619047619	0.0	0.3076923076923077
100	http://www.quickscores.com/agourahills	0.0	0.0	0.4930817610062893	0	0	0	0	0	0	0	6	0	0.4230769230769231	0.0	0.19047619047619047
101	http://www.agourahillsortho.com/agoura-hills-location	0.07017543859649122	1.0	0.3870967741935484	0	0	0	0.0	0	0	0	4	0	0.5365853658536586	3.0	0.18461538461538463
102	https://www.groupon.com/local/agoura-hills-ca	0.043795620437956206	2.9590296193510923	0.5714285714285714	0.0	0.0	0.0	0	0.0	0	0.02608695652173913	80	5.596989966555184	0.3548387096774194	1.0	0.6907894736842105
103	https://www.wellsfargo.com/locator/bank/5823__KANAN__RD_AGOURA__HILLS_CA_91301/	0.14457831325301204	1.0	0.3	0.0	0.0	0	0	0	0	0	3	0.0	0.1746031746031746	1.0	0.20689655172413793
104	https://www.hotels.com/de1437328/hotels-agoura-hills-california/	0.07741935483870968	0	0	1.3015873015873014	1.8338569106088571	0.8697788697788698	0.0	0	0	0.0	59	0.0	0.22448979591836735	4.603678124421159	0.2608695652173913
105	http://www.marriott.com/hotel-search/agoura-hills.hotels.california.united-states.travel/	0.16783216783216784	0.0	0.22641509433962265	0.0	0.0	0.0	0	0.0	0	0.631578947368421	35	0.24730191213210337	0.14666666666666667	1.0	0.3333333333333333
106	https://www.wdcappliances.com/stores/1/agoura-hills-appliances-plumbing-housewares	0.20689655172413793	0.0	0.0	0	0.0	0.0	0	0	0	0	12	0.5	0.16417910447761194	1.3157894736842106	0.2926829268292683
107	https://www.care.com/babysitters/agoura-hills-ca	0.10526315789473684	6.0	0.5	0.3870967741935484	0.0	0	0	0	0	0.5	38	1.0607142857142857	0.3235294117647059	0.3870967741935484	0.2553191489361702
108	http://www.lovespets.net/	0.0	0.0	0.0	0.0	0	0.0	0	0	0	0.04195804195804196	1	0.0	0.0	0	0.22641509433962265
109	https://www.kayak.com/Agoura-Hills-Hotels.32063.hotel.ksp	0.09230769230769231	0.6406218205757376	0.631578947368421	0.9157894736842105	0.0	0	0	0	0	0	10	0.0	0.25	1.75	0.21818181818181817
110	http://www.vitalityinstituteofagoura.com/	0.06	0.0	0.0	0.0	0.0	0	0	0	0	0	15	0.04067796610169491	0.0	1.0	0.0
111	http://www.landwatch.com/California_land_for_sale/Agoura_Hills	0.17518248175182483	0.46153846153846156	0	0.0	0	0	0	0	0	0.19771863117870722	26	0.0	0.22448979591836735	0.2	0.18181818181818182
112	http://www.jinkys.com/Agoura-Hills.html	0	0.5454545454545454	0	0	0	0	0	0	0	0	154	0.0	0.4074074074074074	2.122549019607843	0.9898989898989898
113	http://www.nbclosangeles.com/news/local/-Theres-Goats-Everywhere-Brush-Clearing-Goats-Loose-in-Agoura-Hills-302845161.html	0.0	0.0	0.2727272727272727	0.0	0.0	0	0	0	0	0.11009174311926606	29	0.5143630121014144	0.10185185185185185	0.0	0.12371134020618557
114	https://www.starbucks.com/store-locator/store/15266/kanan-thousand-oaks-5827-kanan-road-agoura-ca-913011651-us	0	1.0671936758893281	0.0	0	0	0	0	0	0	0	5	0.5217391304347826	0.0	0.0	0.0
115	https://www.regencymovies.com/main.php?theaterId=22	0	0.0	0	0	0.0	0	0	0	0	0.0	41	0.10714285714285714	0.0	0.6486486486486487	0.0
116	http://www.padrimartinibar.com/	0.0	0	0	0	0	0	0	0	0	0	0	0	0.0	0	0.0
117	http://abc7.com/place/agoura-hills/	0.1791044776119403	1.6916014726897535	0.7058823529411765	0	0	0	0	0	0	0	39	0	0.44	0.0	0.42857142857142855
118	http://www.mapmyrun.com/us/agoura-hills-ca/	0.16666666666666666	0.0	0.0	0.0	2.3777777777777778	0.0	0.0	0	0	0	20	0.0	0.3793103448275862	3.193548387096774	0.3380281690140845
119	http://www.fandango.com/regencyagourahillsstadium8_aaadi/theaterpage	0.07894736842105263	0.0	0.19672131147540983	0.0	0.0	0.0	0.0	0	0	0	252	0.0	0.2	0.0	0.2608695652173913
120	https://thekostudios.com/	0	0.0	0	0.0	0	0	0	0	0	0	23	0.0	0.0	0.0	0.1875
121	http://www.indeed.com/l-Agoura-Hills,-CA-jobs.html	0.14814814814814814	0.0	0	0.0	0	0	0	0	0	0.4019138755980861	3	0.0	0.2894736842105263	2.590909090909091	0.24489795918367346
123	http://www.dsmacmd.com/	0.0	0.0	0	0.0	0	0	0	0	0	0.16981132075471697	0	0.0	0.0	0	0.1016949152542373
124	https://www.postalannex.com/location/agoura-hills/170/	0.05405405405405406	0.0	0.3157894736842105	0.35294117647058826	1.0	0	0	0	0	0.3	6	0.10909090909090909	0.2894736842105263	2.0	0.1348314606741573
126	http://www.agouracenterforhealing.com/	0	0	0	0	0	0	0	0	0	0	0	0	0.0	0	0.0
127	http://www.apartmentguide.com/apartments/California/Agoura-Hills/	0.061224489795918366	0.0	0	1.125	2.4373132244099986	0.0	0.0	0	0	0	19	0.0	0.22	3.2033898305084745	0.22641509433962265
128	http://www.leaderflooring.com/	0.13636363636363635	0.0	0	0	0.0	0.0	0	0	0	0	4	0	0.0	1.0	0.18461538461538463
129	http://vetagourahills.com/	0.07894736842105263	0.0	0.0	0.0	0	0.0	0	0	0	0	15	0.22561813186813187	0.6111111111111112	0.0	0.1791044776119403
130	https://twitter.com/cityagourahills	0.10084033613445378	0.0	0.0	0.0	0.1875	0.0	0	0	0	0	28	1.4206227418503632	0.4230769230769231	1.1029411764705883	0.24489795918367346
131	https://www.drbrittanydental.com/	0.0	0.0	0.21818181818181817	0.0	0	0.0	0	0	0	0	14	0.029556650246305417	0.0	0.0	0.22641509433962265
133	https://www.statefarm.com/agent/US/CA/Agoura-Hills/John-Whitbord-XQWJB1YS000	0.09230769230769231	0.0	0.0	0.0	0.0	0.0	0.0	0	0	0	32	0.0	0.1864406779661017	1.8461538461538463	0.1935483870967742
134	https://yourdirecthealthcare.com/caregivers-agoura-hills-ca/	0.08053691275167785	0.0	0.4444444444444444	0	0.0	0.0	0	0.0	0	0	41	0.0	0.22	0.873015873015873	0.18461538461538463
135	http://www.jmp-rehab.com/agoura_hills/	0	0.0	1.0	0	0	0	0	0	0	0	26	0.0	0.44	0.0	0.21428571428571427
136	https://therapists.psychologytoday.com/rms/state/CA/Agoura+Hills.html	0.06521739130434782	0.0415944540727903	0.3870967741935484	0	0.0	0.0	0	0	0	0	156	0.0	0.0	20.360091743119266	0.2033898305084746
137	https://www.apartmentlist.com/ca/agoura-hills	0.10256410256410256	1.7142857142857142	0.0	0	0.0	0	0	0	0	0	2	0.0	0.3548387096774194	1.5	0.2033898305084746
139	http://www.homes.com/rentals/agoura-hills-ca/	0.12244897959183673	0.0	0.3870967741935484	1.0196078431372548	0.5454545454545454	0	0	0	0	0.11538461538461539	12	0.15625	0.3548387096774194	10.0	0.2608695652173913
140	http://losangeles.gasbuddy.com/Agoura_Hills/index.aspx	0.18045112781954886	0.0	0.0	0.0	0	0	0	0	0	0	65	0.0	0.24444444444444444	0.0	0.3
141	https://agourahills-ca-6653.theupsstorelocal.com/	0.0	0.03418803418803419	0.2553191489361702	0.0	0.0	0.0	0.0	0	0	0	11	0.11000369139904023	0.275	0.0	0.21052631578947367
142	http://ktla.com/2016/05/31/horse-trapped-in-mud-in-agoura-hills-rescued-by-fire-department/	0.046875	0.0	0.23076923076923078	0	0.0	0	0.0	0	0	0.2	101	0.046875	0.13924050632911392	0.0	0.17142857142857143
143	http://www.agourahillsvets.com/	0.12371134020618557	0.0	0	0	0	0	0	0	0	0.1507537688442211	11	0	0.5789473684210527	2.3348898858221308	0.24489795918367346
144	http://www.willowelementary.org/	0	0.0	0.0	0.0	0	0	0	0	0	0	36	0.0	0.0	0.3333333333333333	0.0
145	https://agents.allstate.com/joseph-luithly-agoura-hills-ca.html	0.07692307692307693	0.0	0.2033898305084746	0.4386839481555334	0.0	0.0	0	0	0	0.0	88	0.07309065465831824	0.2037037037037037	1.4137931034482758	0.17391304347826086
146	http://www.agourafamilydental.com/	0.07947019867549669	0.2699696663296259	0.6	0.38457831325301206	0.0	0.0	0.75	0	0	0	30	0.24835381722575506	0.0	0.0	0.5714285714285714
147	http://teamjaymichelle.com/	0.0	0.0	0	0.0	0	0.0	0	0	0	0	15	0.0	0.0	0.15384615384615385	0.17142857142857143
148	http://www.zipmap.net/California/Los_Angeles_County/Agoura_Hills.htm	0.06382978723404255	0.0	0	0	0	0	0	0	0	0.07947019867549669	2	0	0.2037037037037037	0	0.23529411764705882
149	http://www.agourawestvalleypeds.com/	0.0379746835443038	0.0	0.0	0.0	0.0	0	0	0	0	0.08	9	0.0	0.0	0.21052631578947367	0.0
150	http://www.kwcalabasas.com/residential/learning/community-guide/agoura-hills-real-estate/	0.0	0.0	1.0	0	0	0.0	0	0	0	0	58	0.03686635944700461	0.1506849315068493	0.0379746835443038	0.2553191489361702
151	https://www.grubhub.com/delivery/ca-agoura_hills	0.0	0	0	0	0	0	0	0	0	0	0	0	0.3235294117647059	0	0
153	http://www.mapmyride.com/us/agoura-hills-ca/	0.15286624203821655	0.0	0.0	0.0	2.3777777777777778	0.0	0.0	0	0	0	20	0.0	0.36666666666666664	3.193548387096774	0.36363636363636365
154	http://www.maxpreps.com/high-schools/agoura-chargers-(agoura,ca)/football/home.htm	0.0	0.0	0	0.0	0.0	0	0	0	0	0	22	0.0	0.0	0.0	0.0
155	https://www.tutortime.com/your-local-school/agoura-hills-ca-6605/	0.07272727272727272	0.04225352112676056	0.0	0.09375	0.0	0	0	0	0	0	10	0.0	0.22	0.0	0.18181818181818182
156	http://www.mariposaglobal.org/	0	0.0	0.0	0.0	0	0	0	0	0	0	23	0.0	0.0	0.27906976744186046	0.0
157	https://www.hotelplanner.com/Hotels/6003-in-Agoura-Hills-CA.html	0.15789473684210525	0.0	0.3870967741935484	0.42857142857142855	0	0.0	0	0	0	0.0339943342776204	266	0.26666666666666666	0.22	10.793113832901586	0.34285714285714286
158	http://kangaroom.net/rooms/us/california/los-angeles-county/agoura-hills	0.21333333333333335	0.0	0.8571428571428571	0.0	0.0	0.0	0	0	0	0.21333333333333335	2	0.0	0.18333333333333332	0.0	0.35294117647058826
159	http://www.ewingsir.com/neighborhood/agoura-hills/	0.16	0.0	1.0	0.21818181818181817	1.3444444444444446	0.0	0.0	0	0	0	76	4.347134135961799	0.3055555555555556	0.0	0.5714285714285714
160	http://www.agourawoodlandhillsponyclub.com/	0.24	0	0	0	0	0	0	0	0	0.0	0	0	0.0	0	0.24
161	http://agourafamilyoptometry.com/	0.0784313725490196	0.0	0	0.0	0.0	0.09233712033387434	0	0	0	0.09523809523809523	10	0.32432432432432434	0.0	0.0	0.0
162	http://www.pacific-md.com/	0.05825242718446602	0.0	0.0	0.0	0	0	0	0	0	0	3	0.0	0.0	0.5233918128654971	0.17647058823529413
163	http://www.werockthespectrumagourahills.com/	0.08	0.0	0.0	0.0	0.3870967741935484	0.0	0	0	0	0	49	0.5217391304347826	0.34375	1.0063424947145878	0.21428571428571427
164	http://shq.lasdnews.net/pages/patrolstation.aspx?id=LHS	0	0.0	0	0	0	0	0	0	0	0	28	0.0	0.0	0.6915629322268326	0.0
165	http://grocery-delivery.vons.com/ca/agoura-hills.html	0.24489795918367346	0.0	0.23529411764705882	0	0	0	0	0	0	0.0	12	0	0.25	1.0	0.24489795918367346
166	https://www.gofundme.com/mvc.php?route=search&term=91301&country=US	0.0	0.0	0.75	0	0	0	0	0	0	0.0	4	0	0.0	0.0	0.0
167	http://bsa127.com/	0	0.3	0	0.0	0	0	0	0	0	0.09448818897637795	8	0.0	0.0	0.34285714285714286	0.25
168	http://www.woodflooringservices.com/	0.07228915662650602	0.0	0	0	0	0.0	0	0	0	0	5	0.02214022140221402	0.0	0.8191767193135182	0.1016949152542373
169	http://www.alltrails.com/us/california/agoura-hills	0.06666666666666667	3.9652173913043467	0.3870967741935484	0	0.0	0	0	0	0	0	20	0.07407407407407407	0.2972972972972973	0.0	0.1935483870967742
171	http://cal.streetsblog.org/2016/11/28/interview-with-out-going-climate-change-champion-state-senator-fran-pavley/	0	0.0	0	0.0	0.0	0	0	0	0	0	85	0.12	0.0	0.0	0.0
172	http://www.ktvn.com/story/33807271/american-homes-4-rents-bryan-smith-honored-by-uclas-is-associates-for-business-innovation	0.0	0.0	0.0	0	0.0	0	0	0	0	0.0	11	0.0	0.0	0.6	0.0
173	http://imgwonders.com/tag/agoura/	0.0	0.0	0.0	0	0.0	0	0	0	0	0.0	8	0.0	0.0	0.0	0.0
174	http://ventura.backpage.com/PetsForSale/3-500-cute-french-bulldog-puppies-available-now-with-financing/84335487	0.13793103448275862	0.24489795918367346	0.0	0	0.0	0	0	0	0	0.1518987341772152	82	0.0	0.0	4.351648351648351	0.0
176	http://kazzit.com/loomis	0.0	0.0	0.0	0	0.0	0.0	0.0	0.0	0	0.0	44	0.0	0.0	0.0	0.0
177	http://www.vcstar.com/story/news/local/2016/11/26/heroin-tightens-deadly-grip-county/94081652/	0	0.0	0.0	0	0.0	0.0	0	0.0	0	0	37	0.1407927332782824	0.0	0.0	0.0
178	http://800notes.com/Phone.aspx/1-818-797-0198	0	0.21818181818181817	0.0	0	0	0.0	0	0	0	0	1	0.0	0.0	0.0	0.0
179	http://www.opb.org/artsandlife/article/npr-whats-the-difference-between-this-puzzle-and-director-werner-herzog/	0	0.0	0.0	0.0	0.0	0	0.0	0	0	0	22	0.0	0.0	0.0	0.0
180	http://www.optimumisg.com/?option=com_k2&view=itemlist&task=user&id=11604.html	0	0.0	0.0	0.0	0	0	0	0	0	0	22	0.0	0.0	0.0	0.0
181	http://www.agourabible.org/	0	0.0	0	0	0	0	0	0.0	0	0	4	0	0.0	1.5699830220713071	0.0
182	http://paintstore.benjaminmoore.com/stores/us/ca/agoura-hills/agoura-paint?lang=en_..	0.06	0.0	0	0.0	0.0	0	0	0	0	0.35555555555555557	4	0.0	0.1506849315068493	1.2926829268292683	0.18181818181818182
184	http://www.remax.com/realestatehomesforsale/agourahills-ca-p001.html	0.08759124087591241	0.0	0.5106382978723404	0.0	0.0	0	0	0.0	0	0.2748091603053435	15	0.0	0.2	4.8088235294117645	0.26666666666666666
185	https://www.tollbrothers.com/luxury-homes/Agoura-Hills-CA	0.09022556390977443	0.0	0.35294117647058826	0.0	0.1875	0	0	0	0	0.0	32	0.025	0.2558139534883721	0.0	0.1791044776119403
186	https://www.helloenvoy.com/online-grocery-delivery/ca/agoura+hills	0.09448818897637795	0.0	0.27906976744186046	0	0.3518987341772152	0	0.0	0	0	0.096	2	0.0	0.0	0.0	0.23529411764705882
187	http://www.magicjumprentals.com/pages/agoura-hills-party-planning	0.12244897959183673	0.0	0.4444444444444444	0	0	0	0	0	0	0.39622641509433965	40	0.0	0.21153846153846154	0.5257142857142857	0.2926829268292683
188	http://www.friendshipcircleca.org/	0	0.0	0	0	0	0	0	0	0	0.07692307692307693	0	0.0	0.0	0.0	0.0
189	http://www.chabadconejo.com/	0	0.0	0	0	0	0	0	0	0	0	23	0	0.0	0.0	0.0
190	http://www.pizzanosh.com/	0	0	0	0	0	0	0	0	0	0	0	0	0.0	0	0.0
191	http://www.focusdentistryonline.com/	0.056074766355140186	0.0	0.21428571428571427	0	0	0	0	0	0	0.14007782101167315	2	0.0	0.0	0.75	0.21818181818181817
192	http://www.agourahillsorthodontics.com/	0.0	0.0	0.0	0.0	0	0	0	0	0	0	13	0.15465835766952812	0.4074074074074074	0.3333333333333333	0.0
193	http://www.wildflourbakeryandcafe.com/	0	0.0	0.0	0	0	0	0	0	0	0	13	0.0	0.0	0	0.0
194	https://www.theknot.com/marketplace/wedding-reception-venues-agoura-hills-ca	0.08823529411764706	0.0	0.0	0.0	0.0	0	0	0	0	0	27	0.0	0.1774193548387097	0.75	0.21818181818181817
195	http://www.mealsonwheels-wlv.org/	0.0	0.0	0	0	0.0	0	0	0	0	0.0	1	0	0.0	0	0.24489795918367346
196	http://www.rms-printing.com/	0.0	0.0	0	0	0.0	0	0	0	0	0.13793103448275862	6	0.17647058823529413	0.0	0	0.1643835616438356
197	http://zultimate.com/locations/agoura-hills/	0.07792207792207792	0.0	0.2727272727272727	0.0	0.0	0	0	0	0	0	146	0.0	0.3235294117647059	2.3520141830000982	0.20689655172413793
198	http://precisioncrossfit.net/	0	0.0	0	0	0	0	0	0	0	0	4	0.0	0.0	0.22641509433962265	0.0975609756097561
200	http://www.allmenus.com/ca/agoura-hills-malibu/79099-pizza-hut/menu/	0.14457831325301204	0.0	0.0	0.0	0.0	0	0	0	0	0.20689655172413793	11	0.0	0.21153846153846154	1.75	0.21052631578947367
202	https://www.kcet.org/food/iconic-neighborhood-restaurants-calabasas-hidden-hills-agoura-hills-and-westlake-village	0.04938271604938271	0.0	0.13186813186813187	0.12244897959183673	0	0	0	0	0	0	266	0.11893045078673822	0.11	0.0	0.12244897959183673
204	http://www.rotorooter.com/agourahillsca/	0	1.3756352343308866	0.27906976744186046	0.0	0.7857142857142857	0.0	0	0	0	0	23	0.1396418496259046	0.4074074074074074	0.0	0.3157894736842105
205	https://www.sitnsleep.com/store/agoura-hills-mattress-store/	0.16666666666666666	0.0	0.4444444444444444	0.0	0.0	0.0	0	0	0	0.43636363636363634	68	0.0	0.24444444444444444	1.0	0.16901408450704225
206	http://www.agouraelectric.com/	0.07453416149068323	0.0	0.5	0.0	0.0	0	0	0	0	0	2	0.0	0.0	1.5	0.2553191489361702
207	http://www.uspassporthelpguide.com/passports/california/passport-offices-in-los-angeles-county-california/agoura-hills-post-office/	0	0.0	0.5	0.42857142857142855	0.0	0.0	0	0	0	0	79	0.08823529411764706	0.09565217391304348	0.4444444444444444	0.5581395348837209
209	http://www.theacorn.com/news/2016-02-04/front_page/agoura_hills_city_council_approves_la_fitness_club.html	0	0.0	0	0.1935483870967742	0	0	0	0	0	0	18	0.17098087410707427	0.12087912087912088	0.08275862068965517	0.14457831325301204
210	http://www.doitcenter.com/page/untitled-7.html	0.0	0	0	0	0	0	0	0	0	0.0	6	0	0.0	0	0.0
211	http://stores.gnc.com/ca/agoura-hills/1591	0.0	0.0	0	0.0	0	0.0	0	0	0	0	45	0.0	0.34375	2.0	0.2926829268292683
212	https://ventura.craigslist.org/search/roo	0.0	0.0	0	0.0	0	0	0	0	0	0	5	0.0	0.0	3.2	0.0
213	http://losangeles.craigslist.org/sfv/apa/5896572068.html	0.05970149253731343	0.0	0	0.0	0	0	0	0	0	0	14	0.0	0.0	0.21818181818181817	0.21818181818181817
214	https://www.coldwellbankerhomes.com/ca/agoura-hills/address-not-available/pid_13926610/	0.06896551724137931	0.01606425702811245	0	0.0	0.0	0.0	0	0	0	0.09917355371900827	60	0.05542725173210162	0.15714285714285714	11.696539699394988	0.15
215	http://mynewsla.com/crime/2016/11/24/mulholland-misery-vehicle-crashes-overturns-driver-hurt-agoura-hills/	0.08053691275167785	0.0	0.15789473684210525	0.0	0.0	0	0	0	0	0	71	0.07792207792207792	0.11827956989247312	0.0	0.13186813186813187
216	http://www.trivago.com/agoura-hills-60463/hotel	0.15286624203821655	0.0	0.48	0.0	0	0.0	0	0	0	0	64	1.0583132530120483	0.3235294117647059	1.934993894993895	0.19047619047619047
217	https://www.duicrimeattorneys.com/agoura-hills-dui-attorney/	0	0.0	0.48	0.766637089618456	0.0	0.0	0	0	0	0	71	0.30830366010499527	0.2391304347826087	0.48	0.35294117647058826
218	http://www.smartsellrealestate.com/idx/mls-sr16753673-5518_lake_lindero_drive_agoura_hills_ca_91301	0.0821917808219178	1.3636363636363638	0.0	0.0	0.0	0.0	0	0	0	0	115	0.13793553700746275	0.12790697674418605	0.5347593582887701	0.13333333333333333
219	https://www.youtube.com/watch?v=Z_shC4yXO_4	0.15	0.0	0.0	0.0	0.0	0.0	0	0	0	0	11	0.15384615384615385	0.0	0.13953488372093023	0.13636363636363635
220	http://www.keyinfo.com/	0.0	0.0	0.0	0.0	0.0	0	0	0	0	0.0	21	0.0	0.0	0.0	0.0
221	http://www.southerncaliforniahomes.com/westside-cities/agoura-hills/home/5518-Lake-Lindero-Drive,-Agoura-Hills,-CA-91301/SR16753673/photos	0.1	0.0	0.19047619047619047	0.375366568914956	0.0	0	0	0	0	0.24120603015075376	47	0.0	0.18181818181818182	0.0	0.1348314606741573
222	http://www.southerncaliforniahomes.com/westside-cities/agoura-hills/home/5518-Lake-Lindero-Drive,-Agoura-Hills,-CA-91301/SR16753673	0.0	0.0	0.2553191489361702	0.5248756218905473	0.0	0.0	0	0	0	0.2553191489361702	3	0.10301075268817204	0.19130434782608696	0.0	0.1518987341772152
223	http://www.eventdaddy.net/agoura-hills/leon-russell/	0.0784313725490196	0.0	0	0	0.0	0.0	0	0	0	0	49	0.696583850931677	0.2894736842105263	2.0	0.3333333333333333
224	http://dts.com/	0	0.0	0	0.0	0	0	0	0	0	0	8	0.0	0.0	0.0	0.0
225	http://www.ahccc.org/	0.009174311926605505	0.0	0	0.0	0	0	0	0	0	0.0	16	0.3076923076923077	0.0	0.0	0.0
226	http://manteoreview.com/top-5-most-entertaining-things-to-do-in-the-region-of-agoura-hills-ca/	0	0.0	0.17142857142857143	0	0.0	0	0	0	0	0	14	0.3826743453928897	0.12941176470588237	0.6838905775075987	0.13953488372093023
227	https://www.conejovalleyguide.com/local-buzz/dunkin-donuts-to-open-westlake-village-location	0	0.0	0.0	0	0.0	0	0	0	0	0	52	0.0	0.0	0.0	0.0
228	http://www.forbes.com/sites/katevinton/2015/09/29/vietnamese-american-blood-plasma-billionaire-debuts-on-forbes-400/	0.0	0	0	0	0	0	0	0	0	0.0	0	0	0.0	0.0	0.0
229	http://www.scoop.it/t/alex-by-alex-smith-7/?tag=dental+braces+Agoura+Hills+CA	0.2608695652173913	0.11009174311926606	0.0	0.0	0	0	0	0	0	0.3157894736842105	32	0.05429864253393665	0.0	2.7401375265446455	0.23529411764705882
230	http://www.careerbuilder.com/job/J3H2YQ78SRSBM4SPHY0	0	0.0	0.0	0.6666666666666666	0.0	0.0	0	0	0	0	44	0.0	0.0	0.0	0.0
231	http://www.careerbuilder.com/job/J3H2YQ78SRSBM4SPHY0	0	0.0	0.0	0.6666666666666666	0.0	0.0	0	0	0	0	44	0.0	0.0	0.0	0.0
232	http://www.careerbuilder.com/job/JHS64P61QW1WS9HLSC8	0	0.0	0.0	0.6666666666666666	0.0	0.0	0	0	0	0	36	0.0	0.0	0.0	0.0
233	http://www.ocregister.com/articles/trump-736668-climate-environmental.html	0.0	0.0	0.0	0	0.0	0.0	0.0	0.0	0	0	73	0.0	0.0	0.0	0.0
234	http://www.toacorn.com/news/2016-11-23/Faith/Synagogue_set_to_move_into_new_home.html	0	0.0	0	0.0	0	0	0	0	0	0	18	0.2629713180792781	0.0	0.0	0.0
235	http://www.rvt.com/Holiday-Rambler-Ambassador-40DFT-2008-Agoura-hills-CA-IDs7169547-UX111188	0.031914893617021274	0.0	0.0	0.0	0.0	0	0.0	0	0	0.08163265306122448	111	0.0	0.1375	1.092857142857143	0.0967741935483871
236	http://www.news9.com/story/33779817/novastor-announces-a-buffalo-nas-giveaway-during-a-week-of-huge-savings	0.0	0.0	0.0	0	0.0	0	0	0	0	0.0	42	0.23529411764705882	0.0	0.0	0.0
237	http://www.sfvbj.com/news/2016/nov/28/business-events-calendar/	0.0	0.0	0	0.0	0	0	0	0	0	0	15	0.8428571428571429	0.0	0.0	0.0
238	http://www.buyfromseller.com/services/horoscopes-tarot/super-easy-vashikaran-mantra-specialist-baba-ji-91-9529820007_i21510	0.07692307692307693	0.0	0	0.0	0	0.0	0	0	0	0.2711864406779661	422	0.0	0.0	0.0	0.07741935483870968
239	http://cal.streetsblog.org/2016/11/28/interview-with-out-going-climate-change-champion-state-senator-fran-pavley/	0	0.0	0	0.0	0.0	0	0	0	0	0	85	0.12	0.0	0.0	0.0
240	http://imgwonders.com/tag/agoura/	0.0	0.0	0.0	0	0.0	0	0	0	0	0.0	8	0.0	0.0	0.0	0.0
